time,phi,theta,psi,p,q,r,vtas,Mach,alpha,beta,gamma,Ax,Ay,Az,da,de,dr,dta,dte,dtr,flaps,gear,Tc1,Tc2,u_n,v_n,w_n
0,0,0.0790083585618941,0,0,0,0,80,0.237788873409609,0.0790083585618941,7.72843011496956e-14,1.11022302462516e-17,0.773758553262602,-6.42412828037122e-13,-9.77298959948314,-2.05850974727246e-14,-0.0429869122185295,1.24938539551573e-13,0,0,0,0,1,0.673086199299627,0.673086199299627,80,6.18274409197565e-12,-8.88178419700125e-16
0.01,-4.04217169312222e-19,0.0790083585618941,-4.88593270898071e-19,-7.20253123042399e-17,-3.15448680413424e-16,-9.78528472962768e-17,80,0.237788873409609,0.0790083585618943,7.72045233620836e-14,-1.88737914186277e-16,0.773758553262605,-6.41347591322532e-13,-9.77298959948316,-2.05850974727246e-14,-0.0429869122185295,1.24938539551573e-13,0,0,0,0,1,0.673086199299627,0.673086199299627,80,6.17632533377054e-12,1.50990331349021e-14
0.02,-1.57484707213117e-18,0.0790083585618941,-1.9713432311773e-18,-1.37674332856552e-16,-6.37658914042921e-16,-1.98147850858334e-16,80,0.237788873409609,0.0790083585618945,7.71258072487935e-14,-3.77475828372553e-16,0.773758553262607,-6.40348368828095e-13,-9.77298959948318,-2.05850974727246e-14,-0.0429869122185295,1.24938539551573e-13,0,0,0,0,1,0.673086199299627,0.673086199299627,80,6.16991681617869e-12,3.01980662698043e-14
0.03,-3.45239218932105e-18,0.0790083585618941,-4.47090229707648e-18,-1.97436072606286e-16,-9.65155295674188e-16,-3.00522645964667e-16,80,0.237788873409609,0.0790083585618947,7.70481713151966e-14,-5.77315972805081e-16,0.773758553262609,-6.39410295426829e-13,-9.77298959948319,-2.05850974727246e-14,-0.0429869122185295,1.24938539551573e-13,0,0,0,0,1,0.673086199299627,0.673086199299627,80,6.16351783176352e-12,4.61852778244065e-14
0.04,-5.98178150183129e-18,0.0790083585618941,-8.00645162277532e-18,-2.5176212801602e-16,-1.29830095771118e-15,-4.04647047243836e-16,80,0.237788873409609,0.0790083585618948,7.69716308995655e-14,-7.66053886991358e-16,0.773758553262612,-6.38528893442733e-13,-9.77298959948321,-2.05850974727246e-14,-0.0429869122185295,1.24938539551573e-13,0,0,0,0,1,0.673086199299627,0.673086199299627,80,6.15712772537087e-12,6.12843109593086e-14
0.05,-9.11203571589662e-18,0.079008358561894,-1.25940103393098e-17,-3.0106963255883e-16,-1.63636215747992e-15,-5.10220382537715e-16,80,0.237788873409609,0.079008358561895,7.68961984570853e-14,-9.54791801177635e-16,0.773758553262614,-6.37700041382359e-13,-9.77298959948322,-2.05850974727246e-14,-0.0429869122185295,1.24938539551573e-13,0,0,0,0,1,0.673086199299627,0.673086199299627,80,6.15074588999698e-12,7.63833440942108e-14
0.06,-1.27959587799201e-17,0.079008358561894,-1.82467191526517e-17,-3.45743971613029e-16,-1.97853315074172e-15,-6.16969043821631e-16,80,0.237788873409609,0.0790083585618952,7.68218838202907e-14,-1.12132525487141e-15,0.773758553262616,-6.36919945186617e-13,-9.77298959948324,-2.05850974727246e-14,-0.0429869122185295,1.24938539551573e-13,0,0,0,0,1,0.673086199299627,0.673086199299627,80,6.1443717629878e-12,8.97060203897126e-14
0.07,-1.69898535883802e-17,0.079008358561894,-2.49751003891193e-17,-3.86141279799273e-16,-2.32445657055515e-15,-7.24644237643238e-16,80,0.237788873409609,0.0790083585618953,7.674869443785e-14,-1.33226762955019e-15,0.773758553262618,-6.36185111800186e-13,-9.77298959948326,-2.05850974727246e-14,-0.0429869122185295,1.24938539551573e-13,0,0,0,0,1,0.673086199299627,0.673086199299627,80,6.13800482254301e-12,1.06581410364015e-13
0.08,-2.16532599374651e-17,0.079008358561894,-3.27872964075323e-17,-4.22590738272611e-16,-2.67499541131234e-15,-8.33019918953475e-16,80,0.237788873409609,0.0790083585618955,7.66766355934615e-14,-1.49880108324396e-15,0.77375855326262,-6.35492324872148e-13,-9.77298959948327,-2.05850974727246e-14,-0.0429869122185295,1.24938539551573e-13,0,0,0,0,1,0.673086199299627,0.673086199299627,80,6.13164458450022e-12,1.19904086659517e-13
0.09,-2.67487129528703e-17,0.0790083585618939,-4.16892881423566e-17,-4.55396688072821e-16,-3.02858203846758e-15,-9.41890893501061e-16,80,0.237788873409609,0.0790083585618956,7.66057106064863e-14,-1.67643676718399e-15,0.773758553262622,-6.34838622416453e-13,-9.77298959948329,-2.05850974727246e-14,-0.0429869122185295,1.24938539551573e-13,0,0,0,0,1,0.673086199299627,0.673086199299627,80,6.12529059937679e-12,1.34114941374719e-13
0.1,-3.22415203533994e-17,0.0790083585618939,-5.16850953994057e-17,-4.8484057434042e-16,-3.3847727101666e-15,-1.05107107515584e-15,80,0.237788873409609,0.0790083585618958,7.65359210158083e-14,-1.84297022087776e-15,0.773758553262624,-6.34221276274561e-13,-9.7729895994833,-2.05850974727246e-14,-0.0429869122185295,1.24938539551573e-13,0,0,0,0,1,0.673086199299627,0.673086199299627,80,6.11894244964862e-12,1.47437617670221e-13
0.11,-3.80995570456847e-17,0.0790083585618939,-6.27769603944748e-17,-5.11182735013951e-16,-3.74292023795025e-15,-1.16039188562422e-15,80,0.237788873409609,0.0790083585618959,7.6467266748293e-14,-2.02060590481778e-15,0.773758553262626,-6.33637773235289e-13,-9.77298959948331,-2.05850974727246e-14,-0.0429869122185295,1.24938539551573e-13,0,0,0,0,1,0.673086199299627,0.673086199299627,80,6.11259974724679e-12,1.61648472385423e-13
0.12,-4.4293075666422e-17,0.0790083585618938,-7.49655159046609e-17,-5.3466404652815e-16,-4.10256425769656e-15,-1.26970078502958e-15,80,0.237788873409609,0.0790083585618961,7.63997462731046e-14,-2.19824158875781e-15,0.773758553262628,-6.33085797678525e-13,-9.77298959948333,-2.05850974727246e-14,-0.0429869122185295,1.24938539551573e-13,0,0,0,0,1,0.673086199299627,0.673086199299627,80,6.1062621312546e-12,1.75859327100625e-13
0.13,-5.07945317998498e-17,0.0790083585618938,-8.824993929121e-17,-5.55507438024707e-16,-4.46479753582694e-15,-1.37885992275933e-15,80,0.237788873409609,0.0790083585618962,7.63333567430396e-14,-2.37587727269783e-15,0.77375855326263,-6.32563215620169e-13,-9.77298959948334,-2.05850974727246e-14,-0.0429869122185295,1.24938539551573e-13,0,0,0,0,1,0.673086199299627,0.673086199299627,80,6.09992926578882e-12,1.90070181815827e-13
0.14,-5.75784227005681e-17,0.0790083585618938,-1.02628093550764e-16,-5.73919284660471e-16,-4.82760792591582e-15,-1.48774489883398e-15,80,0.237788873409609,0.0790083585618963,7.62680941239406e-14,-2.55351295663786e-15,0.773758553262631,-6.3206806004553e-13,-9.77298959948335,-2.05850974727246e-14,-0.0429869122185295,1.24938539551573e-13,0,0,0,0,1,0.673086199299627,0.673086199299627,80,6.09360083805038e-12,2.04281036531029e-13
0.15,-6.46211384459255e-17,0.0790083585618937,-1.18096656458119e-16,-5.90090689745626e-16,-5.1910501748384e-15,-1.59624362683915e-15,80,0.237788873409609,0.0790083585618964,7.62039533131686e-14,-2.73114864057789e-15,0.773758553262633,-6.31598517427457e-13,-9.77298959948336,-2.05850974727246e-14,-0.0429869122185295,1.24938539551573e-13,0,0,0,0,1,0.673086199299627,0.673086199299627,80,6.08727655653087e-12,2.18491891246231e-13
0.16,-7.19008245287448e-17,0.0790083585618936,-1.3465123877741e-16,-6.04198664660562e-16,-5.556056222078e-15,-1.70425529018362e-15,80,0.237788873409609,0.0790083585618965,7.61409282480311e-14,-2.89768209427166e-15,0.773758553262634,-6.31152915333818e-13,-9.77298959948337,-2.05850974727246e-14,-0.0429869122185295,1.24938539551573e-13,0,0,0,0,1,0.673086199299627,0.673086199299627,80,6.08095614936235e-12,2.31814567541733e-13
0.17,-7.93972549807421e-17,0.0790083585618936,-1.52286492439396e-16,-6.16407214779377e-16,-5.9193893497535e-15,-1.8116893841105e-15,80,0.237788873409609,0.0790083585618967,7.60790120049926e-14,-3.06421554796543e-15,0.773758553262636,-6.30729711036587e-13,-9.77298959948338,-2.05850974727246e-14,-0.0429869122185295,1.24938539551573e-13,0,0,0,0,1,0.673086199299627,0.673086199299627,80,6.07463936279882e-12,2.45137243837235e-13
0.18,-8.7091715190157e-17,0.0790083585618935,-1.70996209509631e-16,-6.26868338965215e-16,-6.28401481391842e-15,-1.91846483649978e-15,80,0.237788873409609,0.0790083585618968,7.60181968904248e-14,-3.23074900165921e-15,0.773758553262637,-6.30327481041887e-13,-9.77298959948339,-2.05850974727246e-14,-0.0429869122185295,1.24938539551573e-13,0,0,0,0,1,0.673086199299627,0.673086199299627,80,6.06832595981895e-12,2.58459920132736e-13
0.19,-9.49668936443921e-17,0.0790083585618935,-1.90773412705382e-16,-6.35722949593086e-16,-6.64830921293739e-15,-2.02450920106167e-15,80,0.237788873409609,0.0790083585618969,7.59584745235946e-14,-3.39728245535298e-15,0.773758553262639,-6.29944911466769e-13,-9.7729895994834,-2.05850974727246e-14,-0.0429869122185295,1.24938539551573e-13,0,0,0,0,1,0.673086199299627,0.673086199299627,80,6.06201571884018e-12,2.71782596428238e-13
0.2,-1.03006781890312e-16,0.0790083585618934,-2.11610438157505e-16,-6.43101719495429e-16,-7.01300630199383e-15,-2.12975791703707e-15,80,0.237788873409609,0.079008358561897,7.58998359125288e-14,-3.56381590904675e-15,0.77375855326264,-6.29580789194517e-13,-9.77298959948341,-2.05850974727246e-14,-0.0429869122185295,1.24938539551573e-13,0,0,0,0,1,0.673086199299627,0.673086199299627,80,6.05570843253529e-12,2.8510527272374e-13
0.21,-1.11196582061724e-16,0.0790083585618933,-2.33499011056952e-16,-6.49125861710289e-16,-7.37649709866846e-15,-2.2341536299963e-15,80,0.237788873409609,0.079008358561897,7.58422715233434e-14,-3.71924713249427e-15,0.773758553262641,-6.29233993745714e-13,-9.77298959948342,-2.05850974727246e-14,-0.0429869122185295,1.24938539551573e-13,0,0,0,0,1,0.673086199299627,0.673086199299627,80,6.04940390674315e-12,2.97539770599542e-13
0.22,-1.19522621375853e-16,0.0790083585618933,-2.56430314773498e-16,-6.53907847438108e-16,-7.73823961612426e-15,-2.33764556876385e-15,80,0.237788873409609,0.0790083585618971,7.57857713435792e-14,-3.8746783559418e-15,0.773758553262642,-6.28903489807376e-13,-9.77298959948343,-2.05850974727246e-14,-0.0429869122185295,1.24938539551573e-13,0,0,0,0,1,0.673086199299627,0.673086199299627,80,6.0431019594662e-12,3.09974268475344e-13
0.23,-1.27972273048702e-16,0.0790083585618932,-2.80395053986465e-16,-6.57552067177368e-16,-8.09876143032178e-15,-2.44018897389892e-15,80,0.237788873409609,0.0790083585618972,7.57303249400378e-14,-4.04121180963557e-15,0.773758553262643,-6.28588320367087e-13,-9.77298959948343,-2.05850974727246e-14,-0.0429869122185295,1.24938539551573e-13,0,0,0,0,1,0.673086199299627,0.673086199299627,80,6.03680241994751e-12,3.23296944770846e-13
0.24,-1.36533883123378e-16,0.0790083585618931,-3.05383512323246e-16,-6.60155439608654e-16,-8.45729443654151e-15,-2.54174457353032e-15,80,0.237788873409609,0.0790083585618973,7.56759215115754e-14,-4.20774526332934e-15,0.773758553262644,-6.28287600403324e-13,-9.77298959948344,-2.05850974727246e-14,-0.0429869122185295,1.24938539551573e-13,0,0,0,0,1,0.673086199299627,0.673086199299627,80,6.03050512782121e-12,3.36619621066347e-13
0.25,-1.45196702746115e-16,0.079008358561893,-3.31385604961013e-16,-6.61807972428281e-16,-8.81482602028076e-15,-2.64227810268437e-15,80,0.237788873409609,0.0790083585618974,7.56225499372718e-14,-4.36317648677686e-15,0.773758553262645,-6.28000511087117e-13,-9.77298959948345,-2.05850974727246e-14,-0.0429869122185295,1.24938539551573e-13,0,0,0,0,1,0.673086199299627,0.673086199299627,80,6.0242099323302e-12,3.49054118942149e-13
0.26,-1.53950825462089e-16,0.0790083585618929,-3.5839092660985e-16,-6.62593278993873e-16,-9.1689389238046e-15,-2.74175986255637e-15,80,0.237788873409609,0.0790083585618974,7.55701988203589e-14,-4.50750547997814e-15,0.773758553262646,-6.27726294453755e-13,-9.77298959948345,-2.05850974727246e-14,-0.0429869122185295,1.24938539551573e-13,0,0,0,0,1,0.673086199299627,0.673086199299627,80,6.01791669160596e-12,3.60600438398251e-13
0.27,-1.62787129137442e-16,0.0790083585618928,-3.86388795261406e-16,-6.62589054332786e-16,-9.5212297549149e-15,-2.84016431646355e-15,80,0.237788873409609,0.0790083585618975,7.55188565282629e-14,-4.67403893367191e-15,0.773758553262647,-6.27464248506613e-13,-9.77298959948346,-2.05850974727246e-14,-0.0429869122185295,1.24938539551573e-13,0,0,0,0,1,0.673086199299627,0.673086199299627,80,6.01162527200521e-12,3.73923114693753e-13
0.28,-1.71697222145559e-16,0.0790083585618927,-4.15368292055769e-16,-6.6186751377788e-16,-9.86993011087147e-15,-2.93746971948121e-15,80,0.237788873409609,0.0790083585618976,7.54685112290822e-14,-4.84057238736568e-15,0.773758553262648,-6.27213722718185e-13,-9.77298959948346,-2.05850974727246e-14,-0.0429869122185295,1.24938539551573e-13,0,0,0,0,1,0.673086199299627,0.673086199299627,80,6.00533554749911e-12,3.87245790989255e-13
0.29,-1.80673393484632e-16,0.0790083585618926,-4.45318297590456e-16,-6.60495797231813e-16,-1.02160259872337e-14,-3.03365777900674e-15,80,0.237788873409609,0.0790083585618976,7.54191509248008e-14,-4.98490138056695e-15,0.773758553262649,-6.26974113896246e-13,-9.77298959948346,-2.05850974727246e-14,-0.0429869122185295,1.24938539551573e-13,0,0,0,0,1,0.673086199299627,0.673086199299627,80,5.99904739911057e-12,3.98792110445356e-13
0.3,-1.89708566520255e-16,0.0790083585618925,-4.76227524968857e-16,-6.58536341818921e-16,-1.05587725607424e-14,-3.12871334371922e-15,80,0.237788873409609,0.0790083585618977,7.53707634815082e-14,-5.14033260401447e-15,0.773758553262649,-6.26744862385643e-13,-9.77298959948347,-2.05850974727246e-14,-0.0429869122185295,1.24938539551573e-13,0,0,0,0,1,0.673086199299627,0.673086199299627,80,5.99276071439594e-12,4.11226608321158e-13
0.31,-1.98796256071348e-16,0.0790083585618924,-5.0808454986117e-16,-6.56047225461114e-16,-1.08982443807184e-14,-3.22262411860758e-15,80,0.237788873409609,0.0790083585618977,7.53233366568781e-14,-5.28466159721575e-15,0.77375855326265,-6.26525448578564e-13,-9.77298959948347,-2.05850974727246e-14,-0.0429869122185295,1.24938539551573e-13,0,0,0,0,1,0.673086199299627,0.673086199299627,80,5.98647538696746e-12,4.2277292777726e-13
0.32,-2.07930528580239e-16,0.0790083585618923,-5.40877837828428e-16,-6.53082483709598e-16,-1.12341649023313e-14,-3.315380403929e-15,80,0.237788873409609,0.0790083585618978,7.52768581251357e-14,-5.44009282066327e-15,0.773758553262651,-6.26315389708367e-13,-9.77298959948348,-2.05850974727246e-14,-0.0429869122185295,1.24938539551573e-13,0,0,0,0,1,0.673086199299627,0.673086199299627,80,5.98019131605321e-12,4.35207425653061e-13
0.33,-2.17105965128488e-16,0.0790083585618922,-5.74595769139692e-16,-6.49692401976008e-16,-1.15659758055833e-14,-3.40697485613266e-15,80,0.237788873409609,0.0790083585618978,7.52313154997242e-14,-5.59552404411079e-15,0.773758553262651,-6.26114236904004e-13,-9.77298959948348,-2.05850974727246e-14,-0.0429869122185295,1.24938539551573e-13,0,0,0,0,1,0.673086199299627,0.673086199299627,80,5.97390840609156e-12,4.47641923528863e-13
0.34,-2.26317627079121e-16,0.0790083585618921,-6.09226661293556e-16,-6.45923785133575e-16,-1.18953055417543e-14,-3.49740226894343e-15,80,0.237788873409609,0.0790083585618978,7.51866963538652e-14,-5.73985303731206e-15,0.773758553262652,-6.25921572483968e-13,-9.77298959948349,-2.05850974727246e-14,-0.0429869122185295,1.24938539551573e-13,0,0,0,0,1,0.673086199299627,0.673086199299627,80,5.96762656635732e-12,4.59188242984965e-13
0.35,-2.35561024143429e-16,0.079008358561892,-6.44758789437767e-16,-6.41820206299877e-16,-1.2219985314244e-14,-3.58665937294673e-15,80,0.237788873409609,0.0790083585618979,7.51429882391906e-14,-5.89528426075958e-15,0.773758553262652,-6.25737007470356e-13,-9.77298959948349,-2.05850974727246e-14,-0.0429869122185295,1.24938539551573e-13,0,0,0,0,1,0.673086199299627,0.673086199299627,80,5.96134571061713e-12,4.71622740860766e-13
0.36,-2.44832084686653e-16,0.0790083585618918,-6.81180404864792e-16,-6.37422236466513e-16,-1.2539570021839e-14,-3.67474465215063e-15,80,0.237788873409609,0.0790083585618979,7.51001787026093e-14,-6.06181771445335e-15,0.773758553262653,-6.25560179305235e-13,-9.77298959948349,-2.05850974727246e-14,-0.0429869122185295,1.24938539551573e-13,0,0,0,0,1,0.673086199299627,0.673086199299627,80,5.9550657568116e-12,4.84945417156268e-13
0.37,-2.54127128101645e-16,0.0790083585618917,-7.18479751746518e-16,-6.32767656506584e-16,-1.28557131430415e-14,-3.761658176125e-15,80,0.237788873409609,0.0790083585618979,7.50582553015584e-14,-6.20614670765462e-15,0.773758553262653,-6.25390749752898e-13,-9.77298959948349,-2.05850974727246e-14,-0.0429869122185295,1.24938539551573e-13,0,0,0,0,1,0.673086199299627,0.673086199299627,80,5.94878662676225e-12,4.9649173661237e-13
0.38,-2.63442839093248e-16,0.0790083585618916,-7.56645082257794e-16,-6.27891652967318e-16,-1.31664584083207e-14,-3.84740144643171e-15,80,0.237788873409609,0.0790083585618979,7.50172056177764e-14,-6.3504757008559e-15,0.773758553262653,-6.25228402972961e-13,-9.77298959948349,-2.05850974727246e-14,-0.0429869122185295,1.24938539551573e-13,0,0,0,0,1,0.673086199299627,0.673086199299627,80,5.94250824590109e-12,5.08038056068472e-13
0.39,-2.7277624372864e-16,0.0790083585618915,-7.95664670226175e-16,-6.22826998941512e-16,-1.34731296904676e-14,-3.93197725616433e-15,80,0.237788873409609,0.079008358561898,7.49770172697247e-14,-6.50590692430342e-15,0.773758553262653,-6.25072843750424e-13,-9.77298959948349,-2.05850974727246e-14,-0.0429869122185295,1.24938539551573e-13,0,0,0,0,1,0.673086199299627,0.673086199299627,80,5.93623054302114e-12,5.20472553944273e-13
0.4,-2.82124687120405e-16,0.0790083585618913,-8.35526823433842e-16,-6.17604221207081e-16,-1.37750528848751e-14,-4.01538956151221e-15,80,0.237788873409609,0.079008358561898,7.49376779237724e-14,-6.66133814775094e-15,0.773758553262653,-6.24923795869966e-13,-9.77298959948349,-2.05850974727246e-14,-0.0429869122185295,1.24938539551573e-13,0,0,0,0,1,0.673086199299627,0.673086199299627,80,5.92995345004612e-12,5.32907051820075e-13
0.41,-2.91485812619673e-16,0.0790083585618912,-8.76219894687256e-16,-6.12251754727942e-16,-1.40720742366094e-14,-4.09764336435218e-15,80,0.237788873409609,0.079008358561898,7.48991753042509e-14,-6.80566714095221e-15,0.773758553262654,-6.24781000622769e-13,-9.77298959948349,-2.05850974727246e-14,-0.0429869122185295,1.24938539551573e-13,0,0,0,0,1,0.673086199299627,0.673086199299627,80,5.92367690181793e-12,5.44453371276177e-13
0.42,-3.00857542406406e-16,0.079008358561891,-9.17732291760506e-16,-6.06796085521227e-16,-1.43643172708441e-14,-4.17874460495264e-15,80,0.237788873409609,0.079008358561898,7.48614972024755e-14,-6.97220059464598e-15,0.773758553262654,-6.24644215435093e-13,-9.7729895994835,-2.05850974727246e-14,-0.0429869122185295,1.24938539551573e-13,0,0,0,0,1,0.673086199299627,0.673086199299627,80,5.91740083590032e-12,5.57776047571679e-13
0.43,-3.10238059372843e-16,0.0790083585618909,-9.60052486309512e-16,-6.01261882814688e-16,-1.46511548434152e-14,-4.25870006394917e-15,80,0.237788873409609,0.079008358561898,7.4824631484823e-14,-7.105427357601e-15,0.773758553262654,-6.24513212608711e-13,-9.77298959948349,-2.05850974727246e-14,-0.0429869122185295,1.24938539551573e-13,0,0,0,0,1,0.673086199299627,0.673086199299627,80,5.91112519239757e-12,5.6843418860808e-13
0.44,-3.19625790204339e-16,0.0790083585618907,-1.00316902184618e-15,-5.95672121343573e-16,-1.49323249677019e-14,-4.33751727282011e-15,80,0.237788873409609,0.079008358561898,7.47885660999472e-14,-7.26085858104852e-15,0.773758553262654,-6.24387778164107e-13,-9.77298959948349,-2.05850974727246e-14,-0.0429869122185295,1.24938539551573e-13,0,0,0,0,1,0.673086199299627,0.673086199299627,80,5.90484991378697e-12,5.80868686483882e-13
0.45,-3.290193895694e-16,0.0790083585618906,-1.04707052085413e-15,-5.90048194567704e-16,-1.52085596433959e-14,-4.41520443215292e-15,80,0.237788873409609,0.079008358561898,7.47532890852069e-14,-7.41628980449605e-15,0.773758553262654,-6.24267710778068e-13,-9.77298959948349,-2.05850974727246e-14,-0.0429869122185295,1.24938539551573e-13,0,0,0,0,1,0.673086199299627,0.673086199299627,80,5.89857494476398e-12,5.93303184359684e-13
0.46,-3.38417725337672e-16,0.0790083585618904,-1.09174569112092e-15,-5.84410019526477e-16,-1.54795020289525e-14,-4.49177033705096e-15,80,0.237788873409609,0.079008358561898,7.47187885723747e-14,-7.57172102794357e-15,0.773758553262654,-6.24152820807996e-13,-9.77298959948349,-2.05850974727246e-14,-0.0429869122185295,1.24938539551573e-13,0,0,0,0,1,0.673086199299627,0.673086199299627,80,5.89230023209904e-12,6.05737682235485e-13
0.47,-3.47819864750994e-16,0.0790083585618903,-1.13718333135519e-15,-5.78776133991593e-16,-1.57455682398195e-14,-4.56722430908304e-15,80,0.237788873409609,0.079008358561898,7.46850527926912e-14,-7.71605002114484e-15,0.773758553262654,-6.24042929395853e-13,-9.77298959948349,-2.05850974727246e-14,-0.0429869122185295,1.24938539551573e-13,0,0,0,0,1,0.673086199299627,0.673086199299627,80,5.88602572450517e-12,6.17284001691587e-13
0.48,-3.57225061478563e-16,0.0790083585618901,-1.18337233615182e-15,-5.7316378652408e-16,-1.60068752003557e-14,-4.64157613422748e-15,80,0.237788873409609,0.079008358561898,7.46520700813199e-14,-7.84927678409986e-15,0.773758553262654,-6.2393786764527e-13,-9.77298959948349,-2.05850974727246e-14,-0.0429869122185295,1.24938539551573e-13,0,0,0,0,1,0.673086199299627,0.673086199299627,80,5.87975137251545e-12,6.27942142727989e-13
0.49,-3.66632743492592e-16,0.07900835856189,-1.23030170036241e-15,-5.67589019993251e-16,-1.62621083281149e-14,-4.71483600630717e-15,80,0.237788873409609,0.079008358561898,7.46198288812571e-14,-8.00470800754738e-15,0.773758553262654,-6.23837475865825e-13,-9.77298959948349,-2.05850974727246e-14,-0.0429869122185295,1.24938539551573e-13,0,0,0,0,1,0.673086199299627,0.673086199299627,80,5.87347712836965e-12,6.4037664060379e-13
0.5,-3.7604250170587e-16,0.0790083585618898,-1.27796052292402e-15,-5.62066749070275e-16,-1.65115106884928e-14,-4.78701447545383e-15,80,0.237788873409609,0.079008358561898,7.45883177467451e-14,-8.1601392309949e-15,0.773758553262654,-6.2374160287903e-13,-9.77298959948349,-2.05850974727246e-14,-0.0429869122185295,1.24938539551573e-13,0,0,0,0,1,0.673086199299627,0.673086199299627,80,5.86720294590912e-12,6.52811138479592e-13
0.51,-3.85454079317152e-16,0.0790083585618896,-1.32633801019428e-15,-5.56610832167682e-16,-1.67558137182565e-14,-4.85812240117738e-15,80,0.237788873409609,0.0790083585618979,7.45575253462314e-14,-8.29336599394992e-15,0.773758553262654,-6.23650105380959e-13,-9.77298959948349,-2.05850974727246e-14,-0.0429869122185295,1.24938539551573e-13,0,0,0,0,1,0.673086199299627,0.673086199299627,80,5.86092878047964e-12,6.63469279515994e-13
0.52,-3.94867361814527e-16,0.0790083585618895,-1.37542347883731e-15,-5.51234138258172e-16,-1.6994800242384e-14,-4.9281709096514e-15,80,0.237788873409609,0.0790083585618979,7.45274404649175e-14,-8.44879721739744e-15,0.773758553262653,-6.23562847356911e-13,-9.77298959948348,-2.05850974727246e-14,-0.0429869122185295,1.24938539551573e-13,0,0,0,0,1,0.673086199299627,0.673086199299627,80,5.85465458884112e-12,6.75903777391795e-13
0.53,-4.04282367590789e-16,0.0790083585618893,-1.42520635830067e-15,-5.45948608971153e-16,-1.72274656999151e-14,-4.99717135485777e-15,80,0.237788873409609,0.0790083585618979,7.44980520069306e-14,-8.60422844084496e-15,0.773758553262653,-6.2347969954383e-13,-9.77298959948348,-2.05850974727246e-14,-0.0429869122185295,1.24938539551573e-13,0,0,0,0,1,0.673086199299627,0.673086199299627,80,5.84838032908409e-12,6.88338275267597e-13
0.54,-4.13699239128341e-16,0.0790083585618891,-1.47567619292065e-15,-5.4076531633337e-16,-1.74549926764502e-14,-5.06513528326311e-15,80,0.237788873409609,0.0790083585618979,7.44693489971557e-14,-8.77076189453874e-15,0.773758553262653,-6.23400538936575e-13,-9.77298959948348,-2.05850974727246e-14,-0.0429869122185295,1.24938539551573e-13,0,0,0,0,1,0.673086199299627,0.673086199299627,80,5.84210596055207e-12,7.01660951563099e-13
0.55,-4.23118234714488e-16,0.079008358561889,-1.5268226436895e-15,-5.35694516490494e-16,-1.7677388526151e-14,-5.13207440172641e-15,80,0.237788873409609,0.0790083585618979,7.44413205827563e-14,-8.92619311798626e-15,0.773758553262653,-6.2332524833445e-13,-9.77298959948348,-2.05850974727246e-14,-0.0429869122185295,1.24938539551573e-13,0,0,0,0,1,0.673086199299627,0.673086199299627,80,5.83583144376964e-12,7.14095449438901e-13
0.56,-4.3253972065092e-16,0.0790083585618888,-1.57863548971597e-15,-5.30745699719441e-16,-1.78936965394501e-14,-5.19800054836269e-15,80,0.237788873409609,0.0790083585618978,7.44139560344141e-14,-9.08162434143378e-15,0.773758553262652,-6.23253715924691e-13,-9.77298959948347,-2.05850974727246e-14,-0.0429869122185295,1.24938539551573e-13,0,0,0,0,1,0.673086199299627,0.673086199299627,80,5.82955674037547e-12,7.26529947314702e-13
0.57,-4.4196416392399e-16,0.0790083585618886,-1.63110462940717e-15,-5.25927637016279e-16,-1.81033196657296e-14,-5.26292566610973e-15,80,0.237788873409609,0.0790083585618978,7.43872447473129e-14,-9.22595333463505e-15,0.773758553262652,-6.2318583489987e-13,-9.77298959948347,-2.05850974727246e-14,-0.0429869122185295,1.24938539551573e-13,0,0,0,0,1,0.673086199299627,0.673086199299627,80,5.82328181306032e-12,7.38076266770804e-13
0.58,-4.51392125304917e-16,0.0790083585618884,-1.68422008139796e-15,-5.21248423521738e-16,-1.83072595665392e-14,-5.32686177876644e-15,80,0.237788873409609,0.0790083585618978,7.43611762418901e-14,-9.38138455808257e-15,0.773758553262652,-6.23121503106427e-13,-9.77298959948347,-2.05850974727246e-14,-0.0429869122185295,1.24938539551573e-13,0,0,0,0,1,0.673086199299627,0.673086199299627,80,5.81700662550913e-12,7.50510764646606e-13
0.59,-4.60824252851377e-16,0.0790083585618882,-1.73797198525139e-15,-5.16715519025238e-16,-1.85064711222878e-14,-5.38982096929034e-15,80,0.237788873409609,0.0790083585618978,7.43357401643785e-14,-9.52571355128384e-15,0.773758553262651,-6.2306062272178e-13,-9.77298959948346,-2.05850974727246e-14,-0.0429869122185295,1.24938539551573e-13,0,0,0,0,1,0.673086199299627,0.673086199299627,80,5.81073114234739e-12,7.62057084102707e-13
0.6,-4.70261275784109e-16,0.0790083585618881,-1.79235060195207e-15,-5.12335785769118e-16,-1.8699468068176e-14,-5.45181536015952e-15,80,0.237788873409609,0.0790083585618977,7.43109262871574e-14,-9.69224700497762e-15,0.773758553262651,-6.23003099957651e-13,-9.77298959948346,-2.05850974727246e-14,-0.0429869122185295,1.24938539551573e-13,0,0,0,0,1,0.673086199299627,0.673086199299627,80,5.80445532909104e-12,7.75379760398209e-13
0.61,-4.79703998714125e-16,0.0790083585618879,-1.84734631421196e-15,-5.08115523756888e-16,-1.88864017406457e-14,-5.51285709562065e-15,80,0.237788873409609,0.0790083585618977,7.42867245089313e-14,-9.84767822842514e-15,0.77375855326265,-6.22948844787447e-13,-9.77298959948346,-2.05850974727246e-14,-0.0429869122185295,1.24938539551573e-13,0,0,0,0,1,0.673086199299627,0.673086199299627,80,5.79817915209989e-12,7.87814258274011e-13
0.62,-4.89153296197954e-16,0.0790083585618877,-1.90294962660706e-15,-5.04060503753115e-16,-1.90684817345713e-14,-5.57295832565943e-15,80,0.237788873409609,0.0790083585618977,7.42631248547537e-14,-1.00253139123652e-14,0.77375855326265,-6.22897770695719e-13,-9.77298959948346,-2.05850974727246e-14,-0.0429869122185295,1.24938539551573e-13,0,0,0,0,1,0.673086199299627,0.673086199299627,80,5.79190257853415e-12,8.02025112989213e-13
0.63,-4.98610107600006e-16,0.0790083585618875,-1.95915116556118e-15,-5.0017599814747e-16,-1.92452973649924e-14,-5.63213119154384e-15,80,0.237788873409609,0.0790083585618976,7.42401174759093e-14,-1.01807451358127e-14,0.77375855326265,-6.22849794447865e-13,-9.77298959948345,-2.05850974727246e-14,-0.0429869122185295,1.24938539551573e-13,0,0,0,0,1,0.673086199299627,0.673086199299627,80,5.78562557631393e-12,8.14459610865015e-13
0.64,-5.08075432242696e-16,0.0790083585618873,-2.015941679192e-15,-4.96466809841759e-16,-1.9416215117659e-14,-5.69038781280268e-15,80,0.237788873409609,0.0790083585618976,7.42176926496699e-14,-1.0325074129014e-14,0.773758553262649,-6.22804835878416e-13,-9.77298959948345,-2.05850974727246e-14,-0.0429869122185295,1.24938539551573e-13,0,0,0,0,1,0.673086199299627,0.673086199299627,80,5.7793481140814e-12,8.26005930321116e-13
0.65,-5.17550324826381e-16,0.0790083585618871,-2.07331203703327e-15,-4.92937299306054e-16,-1.95810943767207e-14,-5.74774027551388e-15,80,0.237788873409609,0.0790083585618976,7.41958407789371e-14,-1.04916075827077e-14,0.773758553262649,-6.22762817696357e-13,-9.77298959948344,-2.05850974727246e-14,-0.0429869122185295,1.24938539551573e-13,0,0,0,0,1,0.673086199299627,0.673086199299627,80,5.77307016116544e-12,8.39328606616618e-13
0.66,-5.27035891102484e-16,0.0790083585618869,-2.1312532296455e-15,-4.89591409938418e-16,-1.9739890540459e-14,-5.80420062178747e-15,80,0.237788873409609,0.0790083585618975,7.41745523917808e-14,-1.0635936575909e-14,0.773758553262648,-6.22723665306079e-13,-9.77298959948344,-2.05850974727246e-14,-0.0429869122185295,1.24938539551573e-13,0,0,0,0,1,0.673086199299627,0.673086199299627,80,5.76679168754862e-12,8.5087492607272e-13
0.67,-5.36533283784354e-16,0.0790083585618867,-2.18975636812678e-15,-4.86432691852067e-16,-1.98936364564613e-14,-5.85978084033761e-15,80,0.237788873409609,0.0790083585618975,7.41538181408865e-14,-1.07913677993565e-14,0.773758553262647,-6.22687306642661e-13,-9.77298959948343,-2.05850974727246e-14,-0.0429869122185295,1.24938539551573e-13,0,0,0,0,1,0.673086199299627,0.673086199299627,80,5.7605126638363e-12,8.63309423948522e-13
0.68,-5.46043698681558e-16,0.0790083585618865,-2.24881268353405e-15,-4.83464324203936e-16,-2.00416704030772e-14,-5.91449285804744e-15,80,0.237788873409609,0.0790083585618974,7.41336288029206e-14,-1.09356967925578e-14,0.773758553262647,-6.22653672020296e-13,-9.77298959948343,-2.05850974727246e-14,-0.0429869122185295,1.24938539551573e-13,0,0,0,0,1,0.673086199299627,0.673086199299627,80,5.75423306122766e-12,8.74855743404623e-13
0.69,-5.55568371044287e-16,0.0790083585618863,-2.30841352622435e-15,-4.80689136169633e-16,-2.01853871190834e-14,-5.96834853243827e-15,80,0.237788873409609,0.0790083585618974,7.41139752778204e-14,-1.11022302462516e-14,0.773758553262647,-6.22622693992768e-13,-9.77298959948343,-2.05850974727246e-14,-0.0429869122185295,1.24938539551573e-13,0,0,0,0,1,0.673086199299627,0.673086199299627,80,5.74795285148863e-12,8.88178419700125e-13
0.7,-5.65108572105518e-16,0.0790083585618861,-2.36855036512473e-15,-4.7810962666147e-16,-2.03227823403923e-14,-6.02135964496247e-15,80,0.237788873409609,0.0790083585618973,7.40948485880196e-14,-1.12687636999453e-14,0.773758553262646,-6.2259430722498e-13,-9.77298959948342,-2.05850974727246e-14,-0.0429869122185295,1.24938539551573e-13,0,0,0,0,1,0.673086199299627,0.673086199299627,80,5.74167200692641e-12,9.01501095995627e-13
0.71,-5.74665605809439e-16,0.0790083585618859,-2.42921478693871e-15,-4.75727982878621e-16,-2.04552866342104e-14,-6.07353789504595e-15,80,0.237788873409609,0.0790083585618973,7.40762398776145e-14,-1.14241949233929e-14,0.773758553262645,-6.22568448374607e-13,-9.77298959948342,-2.05850974727246e-14,-0.0429869122185295,1.24938539551573e-13,0,0,0,0,1,0.673086199299627,0.673086199299627,80,5.73539050036567e-12,9.13935593871429e-13
0.72,-5.84240805715437e-16,0.0790083585618857,-2.49039849529646e-15,-4.73546097771494e-16,-2.0582157340022e-14,-6.12489489481286e-15,80,0.237788873409609,0.0790083585618973,7.40581404114782e-14,-1.15796261468404e-14,0.773758553262645,-6.22545055983033e-13,-9.77298959948341,-2.05850974727246e-14,-0.0429869122185295,1.24938539551573e-13,0,0,0,0,1,0.673086199299627,0.673086199299627,80,5.72910830512605e-12,9.26370091747231e-13
0.73,-5.93835532067693e-16,0.0790083585618855,-2.55209330985518e-15,-4.71565586495927e-16,-2.07034688876134e-14,-6.17544216443057e-15,80,0.237788873409609,0.0790083585618972,7.40405415743289e-14,-1.17572618307804e-14,0.773758553262644,-6.22524070374808e-13,-9.77298959948341,-2.05850974727246e-14,-0.0429869122185295,1.24938539551573e-13,0,0,0,0,1,0.673086199299627,0.673086199299627,80,5.72282539500115e-12,9.40580946462433e-13
0.74,-6.03451169021102e-16,0.0790083585618853,-2.61429116535572e-15,-4.69787801926957e-16,-2.0819763458413e-14,-6.22519112801846e-15,80,0.237788873409609,0.0790083585618972,7.40234348697576e-14,-1.19237952844742e-14,0.773758553262644,-6.22505433564896e-13,-9.7729895994834,-2.05850974727246e-14,-0.0429869122185295,1.24938539551573e-13,0,0,0,0,1,0.673086199299627,0.673086199299627,80,5.71654174423866e-12,9.53903622757934e-13
0.75,-6.1308912201486e-16,0.0790083585618851,-2.67698411064068e-15,-4.68213849296446e-16,-2.09314734815701e-14,-6.27415311006893e-15,80,0.237788873409609,0.0790083585618971,7.40068119192198e-14,-1.20792265079217e-14,0.773758553262643,-6.22489089173068e-13,-9.7729895994834,-2.05850974727246e-14,-0.0429869122185295,1.24938539551573e-13,0,0,0,0,1,0.673086199299627,0.673086199299627,80,5.71025732752169e-12,9.66338120633736e-13
0.76,-6.2275081528566e-16,0.0790083585618848,-2.7401643076391e-15,-4.66844600013869e-16,-2.10379437584133e-14,-6.32233933233339e-15,80,0.237788873409609,0.0790083585618971,7.39906644609969e-14,-1.22568621918617e-14,0.773758553262643,-6.22474982344857e-13,-9.7729895994834,-2.05850974727246e-14,-0.0429869122185295,1.24938539551573e-13,0,0,0,0,1,0.673086199299627,0.673086199299627,80,5.70397211995119e-12,9.80548975348938e-13
0.77,-6.32437689512933e-16,0.0790083585618846,-2.80382403032195e-15,-4.65680704725005e-16,-2.11394082627543e-14,-6.36976091113032e-15,80,0.237788873409609,0.0790083585618971,7.39749843491291e-14,-1.24233956455555e-14,0.773758553262642,-6.22463059678508e-13,-9.77298959948339,-2.05850974727246e-14,-0.0429869122185295,1.24938539551573e-13,0,0,0,0,1,0.673086199299627,0.673086199299627,80,5.6976860970293e-12,9.9387165164444e-13
0.78,-6.42151199589113e-16,0.0790083585618844,-2.86795566363265e-15,-4.64722605659005e-16,-2.12358775539515e-14,-6.41642885503581e-15,80,0.237788873409609,0.079008358561897,7.39597635523267e-14,-1.26010313294955e-14,0.773758553262641,-6.22453269157421e-13,-9.77298959948338,-2.05850974727246e-14,-0.0429869122185295,1.24938539551573e-13,0,0,0,0,1,0.673086199299627,0.673086199299627,80,5.69139923464369e-12,1.00808250635964e-12
0.79,-6.5189281250831e-16,0.0790083585618842,-2.93255170239612e-15,-4.6397054831051e-16,-2.13280643991257e-14,-6.46235406292093e-15,80,0.237788873409609,0.079008358561897,7.39449941528602e-14,-1.2756462552943e-14,0.773758553262641,-6.22445560087646e-13,-9.77298959948338,-2.05850974727246e-14,-0.0429869122185295,1.24938539551573e-13,0,0,0,0,1,0.673086199299627,0.673086199299627,80,5.68511150905274e-12,1.02051700423544e-12
0.8,-6.61664005367241e-16,0.079008358561884,-2.99760475020978e-15,-4.63424592499869e-16,-2.14157828287514e-14,-6.50754732230305e-15,80,0.237788873409609,0.0790083585618969,7.39306683454339e-14,-1.29229960066368e-14,0.77375855326264,-6.22439883039979e-13,-9.77298959948338,-2.05850974727246e-14,-0.0429869122185295,1.24938539551573e-13,0,0,0,0,1,0.673086199299627,0.673086199299627,80,5.67882289687152e-12,1.03383968053095e-12
0.81,-6.71466263472625e-16,0.0790083585618838,-3.06310751831951e-15,-4.63084622851287e-16,-2.14990739961109e-14,-6.55201930798119e-15,80,0.237788873409609,0.0790083585618969,7.3916778436045e-14,-1.31006316905768e-14,0.77375855326264,-6.22436189796295e-13,-9.77298959948337,-2.05850974727246e-14,-0.0429869122185295,1.24938539551573e-13,0,0,0,0,1,0.673086199299627,0.673086199299627,80,5.67253337505854e-12,1.04805053524615e-12
0.82,-6.81301078549631e-16,0.0790083585618836,-3.12905282448309e-15,-4.62950358725675e-16,-2.15778791554777e-14,-6.59578058092837e-15,80,0.237788873409609,0.0790083585618968,7.3903316840832e-14,-1.32782673745169e-14,0.773758553262639,-6.2243443329975e-13,-9.77298959948337,-2.05850974727246e-14,-0.0429869122185295,1.24938539551573e-13,0,0,0,0,1,0.673086199299627,0.673086199299627,80,5.66624292090312e-12,1.06226138996135e-12
0.83,-6.91169947046281e-16,0.0790083585618834,-3.19543359182391e-15,-4.63021363642272e-16,-2.16528625859875e-14,-6.6388415874158e-15,80,0.237788873409609,0.0790083585618968,7.38902760849128e-14,-1.34336985979644e-14,0.773758553262639,-6.22434567608532e-13,-9.77298959948336,-2.05850974727246e-14,-0.0429869122185295,1.24938539551573e-13,0,0,0,0,1,0.673086199299627,0.673086199299627,80,5.65995151201354e-12,1.07469588783715e-12
0.84,-7.01074368529041e-16,0.0790083585618831,-3.26224284767674e-15,-4.63297054220511e-16,-2.17228665694196e-14,-6.68121265834662e-15,80,0.237788873409609,0.0790083585618967,7.38776488012154e-14,-1.36002320516582e-14,0.773758553262638,-6.22436547852859e-13,-9.77298959948336,-2.05850974727246e-14,-0.0429869122185295,1.24938539551573e-13,0,0,0,0,1,0.673086199299627,0.673086199299627,80,5.65365912630567e-12,1.08801856413265e-12
0.85,-7.11015844165107e-16,0.0790083585618829,-3.329473722428e-15,-4.63776708671295e-16,-2.17880011096315e-14,-6.72290400877839e-15,80,0.237788873409609,0.0790083585618967,7.38654277293041e-14,-1.37778677355982e-14,0.773758553262638,-6.22440330194952e-13,-9.77298959948335,-2.05850974727246e-14,-0.0429869122185295,1.24938539551573e-13,0,0,0,0,1,0.673086199299627,0.673086199299627,80,5.64736574199226e-12,1.10222941884786e-12
0.86,-7.20995875287141e-16,0.0790083585618827,-3.39711944835192e-15,-4.64459474864705e-16,-2.18487323153587e-14,-6.76392573761557e-15,80,0.237788873409609,0.0790083585618966,7.38536057142011e-14,-1.3944401189292e-14,0.773758553262637,-6.22445871791743e-13,-9.77298959948335,-2.05850974727246e-14,-0.0429869122185295,1.24938539551573e-13,0,0,0,0,1,0.673086199299627,0.673086199299627,80,5.64107133757269e-12,1.11555209514336e-12
0.87,-7.31015962036505e-16,0.0790083585618825,-3.46517335844452e-15,-4.65344377999172e-16,-2.19049774199673e-14,-6.8042878274551e-15,80,0.237788873409609,0.0790083585618966,7.38421757052059e-14,-1.4122036873232e-14,0.773758553262636,-6.22453130760067e-13,-9.77298959948334,-2.05850974727246e-14,-0.0429869122185295,1.24938539551573e-13,0,0,0,0,1,0.673086199299627,0.673086199299627,80,5.63477589182327e-12,1.12976294985856e-12
0.88,-7.41077602081213e-16,0.0790083585618822,-3.5336288852567e-15,-4.66430327895323e-16,-2.19568060106997e-14,-6.84400014456934e-15,80,0.237788873409609,0.0790083585618965,7.38311307547138e-14,-1.4299672557172e-14,0.773758553262635,-6.22462066144151e-13,-9.77298959948334,-2.05850974727246e-14,-0.0429869122185295,1.24938539551573e-13,0,0,0,0,1,0.673086199299627,0.673086199299627,80,5.62847938378798e-12,1.14397380457376e-12
0.89,-7.5118228940508e-16,0.079008358561882,-3.60247955972777e-15,-4.67716125936075e-16,-2.20047585802097e-14,-6.88307243901241e-15,80,0.237788873409609,0.0790083585618965,7.38204640170352e-14,-1.4477308241112e-14,0.773758553262635,-6.22472637885195e-13,-9.77298959948333,-2.05850974727246e-14,-0.0429869122185295,1.24938539551573e-13,0,0,0,0,1,0.673086199299627,0.673086199299627,80,5.62218179276966e-12,1.15818465928896e-12
0.9,-7.61331513164708e-16,0.0790083585618818,-3.67171901002066e-15,-4.69200471672966e-16,-2.20491178752309e-14,-6.92151434483706e-15,80,0.237788873409609,0.0790083585618965,7.38101687472156e-14,-1.46660461552983e-14,0.773758553262634,-6.22484806792874e-13,-9.77298959948333,-2.05850974727246e-14,-0.0429869122185295,1.24938539551573e-13,0,0,0,0,1,0.673086199299627,0.673086199299627,80,5.61588309832159e-12,1.17328369242387e-12
0.91,-7.71526756611165e-16,0.0790083585618816,-3.74134096035976e-15,-4.70881969117337e-16,-2.20901246052144e-14,-6.95933538041042e-15,80,0.237788873409609,0.0790083585618964,7.38002382998581e-14,-1.48436818392383e-14,0.773758553262634,-6.22498534518598e-13,-9.77298959948333,-2.05850974727246e-14,-0.0429869122185295,1.24938539551573e-13,0,0,0,0,1,0.673086199299627,0.673086199299627,80,5.60958328023946e-12,1.18749454713907e-12
0.92,-7.81769496073349e-16,0.0790083585618814,-3.81133922987238e-15,-4.72759132733652e-16,-2.21279039896681e-14,-6.99654494881812e-15,80,0.237788873409609,0.0790083585618964,7.37906661279496e-14,-1.50102152929321e-14,0.773758553262633,-6.22513783530384e-13,-9.77298959948332,-2.05850974727246e-14,-0.0429869122185295,1.24938539551573e-13,0,0,0,0,1,0.673086199299627,0.673086199299627,80,5.60328231855373e-12,1.20081722343457e-12
0.93,-7.92061200000221e-16,0.0790083585618811,-3.88170773143476e-15,-4.74830393151058e-16,-2.21619150744791e-14,-7.03315233834709e-15,80,0.237788873409609,0.0790083585618963,7.3781445781691e-14,-1.51989532071184e-14,0.773758553262633,-6.2253051708921e-13,-9.77298959948332,-2.05850974727246e-14,-0.0429869122185295,1.24938539551573e-13,0,0,0,0,1,0.673086199299627,0.673086199299627,80,5.59698019352226e-12,1.21591625656947e-12
0.94,-8.0240332805922e-16,0.0790083585618809,-3.95244047052312e-15,-4.77094102608173e-16,-2.21927556177438e-14,-7.0691667230385e-15,80,0.237788873409609,0.0790083585618963,7.37725709073312e-14,-1.53765888910584e-14,0.773758553262632,-6.22548699226718e-13,-9.77298959948331,-2.05850974727246e-14,-0.0429869122185295,1.24938539551573e-13,0,0,0,0,1,0.673086199299627,0.673086199299627,80,5.59067688562338e-12,1.23012711128467e-12
0.95,-8.12797330288305e-16,0.0790083585618807,-4.02353154407072e-15,-4.79548540145086e-16,-2.22206058151853e-14,-7.10459716330283e-15,80,0.237788873409609,0.0790083585618963,7.37640352460081e-14,-1.55542245749984e-14,0.773758553262632,-6.2256829472416e-13,-9.77298959948331,-2.05850974727246e-14,-0.0429869122185295,1.24938539551573e-13,0,0,0,0,1,0.673086199299627,0.673086199299627,80,5.58437237554912e-12,1.24433796599988e-12
0.96,-8.23244646299225e-16,0.0790083585618805,-4.09497513933132e-15,-4.82191916555601e-16,-2.22454697782402e-14,-7.13945260659002e-15,80,0.237788873409609,0.0790083585618962,7.37558326325944e-14,-1.57318602589385e-14,0.773758553262631,-6.22589269092493e-13,-9.7729895994833,-2.05850974727246e-14,-0.0429869122185295,1.24938539551573e-13,0,0,0,0,1,0.673086199299627,0.673086199299627,80,5.57806664419883e-12,1.25854882071508e-12
0.97,-8.33746704529715e-16,0.0790083585618803,-4.16676553274955e-15,-4.85022379111907e-16,-2.2267396823296e-14,-7.17374188810832e-15,80,0.237788873409609,0.0790083585618962,7.37479569945499e-14,-1.58983937126322e-14,0.773758553262631,-6.22611588553508e-13,-9.7729895994833,-2.05850974727246e-14,-0.0429869122185295,1.24938539551573e-13,0,0,0,0,1,0.673086199299627,0.673086199299627,80,5.57175967267305e-12,1.27187149701058e-12
0.98,-8.44304921542425e-16,0.07900835856188,-4.23889708883884e-15,-4.88038016073057e-16,-2.22859296677233e-14,-7.20747373158577e-15,80,0.237788873409609,0.0790083585618961,7.37404023507818e-14,-1.60871316268185e-14,0.77375855326263,-6.22635220021926e-13,-9.7729895994833,-2.05850974727246e-14,-0.0429869122185295,1.24938539551573e-13,0,0,0,0,1,0.673086199299627,0.673086199299627,80,5.56545144226756e-12,1.28697053014548e-12
0.99,-8.54920701368525e-16,0.0790083585618798,-4.31136425906705e-15,-4.91236860987897e-16,-2.23017271532208e-14,-7.2406567500694e-15,80,0.237788873409609,0.0790083585618961,7.37331628105109e-14,-1.62647673107585e-14,0.77375855326263,-6.22660131088375e-13,-9.77298959948329,-2.05850974727246e-14,-0.0429869122185295,1.24938539551573e-13,0,0,0,0,1,0.673086199299627,0.673086199299627,80,5.5591419344678e-12,1.30118138486068e-12
1,-8.65595434893998e-16,0.0790083585618796,-4.38416158075038e-15,-4.94616896802414e-16,-2.23141436577893e-14,-7.27329944675709e-15,80,0.237788873409609,0.079008358561896,7.37262325721465e-14,-1.64424029946986e-14,0.773758553262629,-6.22686290003178e-13,-9.77298959948329,-2.05850974727246e-14,-0.0429869122185295,1.24938539551573e-13,0,0,0,0,1,0.673086199299627,0.673086199299627,80,5.55283113094339e-12,1.31539223957589e-12
1.01,-8.76330499286731e-16,0.0790083585618794,-4.4572836759557e-15,-4.98176059780857e-16,-2.2324132423101e-14,-7.30541021585796e-15,80,0.237788873409609,0.079008358561896,7.37196059221685e-14,-1.66311409088848e-14,0.773758553262628,-6.22713665660884e-13,-9.77298959948329,-2.05850974727246e-14,-0.0429869122185295,1.24938539551573e-13,0,0,0,0,1,0.673086199299627,0.673086199299627,80,5.54651901354295e-12,1.33049127271079e-12
1.02,-8.87127257462627e-16,0.0790083585618791,-4.53072525041171e-15,-5.01912243249392e-16,-2.23303354089105e-14,-7.33699734347745e-15,80,0.237788873409609,0.079008358561896,7.37132772340188e-14,-1.68198788230711e-14,0.773758553262628,-6.22742227585492e-13,-9.77298959948328,-2.05850974727246e-14,-0.0429869122185295,1.24938539551573e-13,0,0,0,0,1,0.673086199299627,0.673086199299627,80,5.54020556428912e-12,1.34559030584569e-12
1.03,-8.97987057588996e-16,0.0790083585618789,-4.60448109242904e-15,-5.05823301170522e-16,-2.23338406933785e-14,-7.36806900852348e-15,80,0.237788873409609,0.0790083585618959,7.3707240967e-14,-1.69975145070111e-14,0.773758553262627,-6.22771945916295e-13,-9.77298959948328,-2.05850974727246e-14,-0.0429869122185295,1.24938539551573e-13,0,0,0,0,1,0.673086199299627,0.673086199299627,80,5.5338907653737e-12,1.35980116056089e-12
1.04,-9.08911232623609e-16,0.0790083585618787,-4.6785460718295e-15,-5.09907051556028e-16,-2.2334012953946e-14,-7.39863328363073e-15,80,0.237788873409609,0.0790083585618959,7.37014916651834e-14,-1.71751501909512e-14,0.773758553262627,-6.22802791394319e-13,-9.77298959948327,-2.05850974727246e-14,-0.0429869122185295,1.24938539551573e-13,0,0,0,0,1,0.673086199299627,0.673086199299627,80,5.52757459915308e-12,1.37401201527609e-12
1.05,-9.19901099887843e-16,0.0790083585618785,-4.75291513888478e-15,-5.14161279725701e-16,-2.2332583807256e-14,-7.42869813610011e-15,80,0.237788873409609,0.0790083585618958,7.36960239563259e-14,-1.73527858748912e-14,0.773758553262626,-6.22834735349291e-13,-9.77298959948327,-2.05850974727246e-14,-0.0429869122185295,1.24938539551573e-13,0,0,0,0,1,0.673086199299627,0.673086199299627,80,5.52125704814377e-12,1.3882228699913e-12
1.06,-9.30957960672417e-16,0.0790083585618783,-4.82758332326456e-15,-5.18583741418732e-16,-2.23285046618943e-14,-7.45827142885095e-15,80,0.237788873409609,0.0790083585618958,7.36908325507959e-14,-1.75415237890775e-14,0.773758553262626,-6.22867749687103e-13,-9.77298959948326,-2.05850974727246e-14,-0.0429869122185295,1.24938539551573e-13,0,0,0,0,1,0.673086199299627,0.673086199299627,80,5.51493809501814e-12,1.4033219031262e-12
1.07,-9.4208309987429e-16,0.079008358561878,-4.90254573299423e-15,-5.23172165764243e-16,-2.23226485281458e-14,-7.48736092138369e-15,80,0.237788873409609,0.0790083585618958,7.36859122405079e-14,-1.77080572427712e-14,0.773758553262625,-6.22901806877742e-13,-9.77298959948326,-2.05850974727246e-14,-0.0429869122185295,1.24938539551573e-13,0,0,0,0,1,0.673086199299627,0.673086199299627,80,5.50861772260027e-12,1.4166445794217e-12
1.08,-9.53277785663358e-16,0.0790083585618778,-4.97779755342237e-15,-5.27924258117067e-16,-2.23136602332072e-14,-7.51597427075096e-15,80,0.237788873409609,0.0790083585618957,7.36812578978669e-14,-1.78967951569575e-14,0.773758553262624,-6.22936879943634e-13,-9.77298959948325,-2.05850974727246e-14,-0.0429869122185295,1.24938539551573e-13,0,0,0,0,1,0.673086199299627,0.673086199299627,80,5.50229591386204e-12,1.4317436125566e-12
1.09,-9.6454326917762e-16,0.0790083585618776,-5.05333404619791e-15,-5.32837702764543e-16,-2.23018726505335e-14,-7.54411903253534e-15,80,0.237788873409609,0.0790083585618957,7.36768644747222e-14,-1.80855330711438e-14,0.773758553262624,-6.22972942448389e-13,-9.77298959948325,-2.05850974727246e-14,-0.0429869122185295,1.24938539551573e-13,0,0,0,0,1,0.673086199299627,0.673086199299627,80,5.49597265191926e-12,1.4468426456915e-12
1.1,-9.75880784245574e-16,0.0790083585618774,-5.12915054825724e-15,-5.37910165509805e-16,-2.22873700604011e-14,-7.57180266183209e-15,80,0.237788873409609,0.0790083585618956,7.36727270013299e-14,-1.82631687550838e-14,0.773758553262623,-6.23009968485911e-13,-9.77298959948325,-2.05850974727246e-14,-0.0429869122185295,1.24938539551573e-13,0,0,0,0,1,0.673086199299627,0.673086199299627,80,5.48964792002803e-12,1.46105350040671e-12
1.11,-9.8729154713463e-16,0.0790083585618771,-5.20524247082108e-15,-5.43139296136731e-16,-2.22697564514245e-14,-7.5990325142355e-15,80,0.237788873409609,0.0790083585618956,7.36688405853256e-14,-1.84408044390238e-14,0.773758553262623,-6.2304793266984e-13,-9.77298959948324,-2.05850974727246e-14,-0.0429869122185295,1.24938539551573e-13,0,0,0,0,1,0.673086199299627,0.673086199299627,80,5.48332170158116e-12,1.47526435512191e-12
1.12,-9.98776756324376e-16,0.0790083585618769,-5.28160529840136e-15,-5.48522730761458e-16,-2.22495585808906e-14,-7.62581584682757e-15,80,0.237788873409609,0.0790083585618955,7.36652004107064e-14,-1.86073378927176e-14,0.773758553262623,-6.2308681012332e-13,-9.77298959948324,-2.05850974727246e-14,-0.0429869122185295,1.24938539551573e-13,0,0,0,0,1,0.673086199299627,0.673086199299627,80,5.47699398010479e-12,1.48858703141741e-12
1.13,-1.0103375923036e-15,0.0790083585618767,-5.35823458781796e-15,-5.54058094075137e-16,-2.22272645102146e-14,-7.65215981916779e-15,80,0.237788873409609,0.0790083585618955,7.36618017368225e-14,-1.87849735766576e-14,0.773758553262622,-6.23126576469052e-13,-9.77298959948323,-2.05850974727246e-14,-0.0429869122185295,1.24938539551573e-13,0,0,0,0,1,0.673086199299627,0.673086199299627,80,5.47066473925506e-12,1.50279788613261e-12
1.14,-1.02197521739002e-15,0.0790083585618765,-5.43512596722539e-15,-5.59743001482318e-16,-2.22027382367499e-14,-7.67807149428314e-15,80,0.237788873409609,0.0790083585618955,7.36586398973783e-14,-1.89848137210902e-14,0.773758553262621,-6.23167207819632e-13,-9.77298959948323,-2.05850974727246e-14,-0.0429869122185295,1.24938539551573e-13,0,0,0,0,1,0.673086199299627,0.673086199299627,80,5.46433396281493e-12,1.51878509768721e-12
1.15,-1.0336907755716e-15,0.0790083585618763,-5.51227513514942e-15,-5.65575061139206e-16,-2.21761674382555e-14,-7.70355783965731e-15,80,0.237788873409609,0.0790083585618954,7.36557102994432e-14,-1.91624494050302e-14,0.773758553262621,-6.23208680768138e-13,-9.77298959948323,-2.05850974727246e-14,-0.0429869122185295,1.24938539551573e-13,0,0,0,0,1,0.673086199299627,0.673086199299627,80,5.45800163469116e-12,1.53299595240242e-12
1.16,-1.04548539236865e-15,0.079008358561876,-5.58967785953361e-15,-5.71551875895782e-16,-2.21473063486864e-14,-7.72862572821844e-15,80,0.237788873409609,0.0790083585618954,7.36530084224721e-14,-1.93400850889702e-14,0.77375855326262,-6.23250972378961e-13,-9.77298959948322,-2.05850974727246e-14,-0.0429869122185295,1.24938539551573e-13,0,0,0,0,1,0.673086199299627,0.673086199299627,80,5.45166773891129e-12,1.54720680711762e-12
1.17,-1.05736017471563e-15,0.0790083585618758,-5.66732997679573e-15,-5.77671045145586e-16,-2.21167063758788e-14,-7.75328193932466e-15,80,0.237788873409609,0.0790083585618953,7.36505298173353e-14,-1.95288230031565e-14,0.77375855326262,-6.23294060178869e-13,-9.77298959948322,-2.05850974727246e-14,-0.0429869122185295,1.24938539551573e-13,0,0,0,0,1,0.673086199299627,0.673086199299627,80,5.44533225962081e-12,1.56230584025252e-12
1.18,-1.0693162108617e-15,0.0790083585618756,-5.74522739089408e-15,-5.83930166586832e-16,-2.20842131422067e-14,-7.77753315974669e-15,80,0.237788873409609,0.0790083585618953,7.36482701053582e-14,-1.97175609173428e-14,0.773758553262619,-6.23337922148276e-13,-9.77298959948321,-2.05850974727246e-14,-0.0429869122185295,1.24938539551573e-13,0,0,0,0,1,0.673086199299627,0.673086199299627,80,5.43899518108039e-12,1.57740487338742e-12
1.19,-1.08135457028938e-15,0.0790083585618754,-5.82336607240362e-15,-5.90326837898303e-16,-2.20507094959355e-14,-7.80138598464726e-15,80,0.237788873409609,0.0790083585618953,7.36462249773707e-14,-1.98951966012828e-14,0.773758553262619,-6.23382536712719e-13,-9.77298959948321,-2.05850974727246e-14,-0.0429869122185295,1.24938539551573e-13,0,0,0,0,1,0.673086199299627,0.673086199299627,80,5.43265648766326e-12,1.59161572810262e-12
1.2,-1.09347630365018e-15,0.0790083585618751,-5.90174205760194e-15,-5.96858658333367e-16,-2.20157536578035e-14,-7.8248469185565e-15,80,0.237788873409609,0.0790083585618953,7.3644390192766e-14,-2.00950367457153e-14,0.773758553262619,-6.23427882734523e-13,-9.77298959948321,-2.05850974727246e-14,-0.0429869122185295,1.24938539551573e-13,0,0,0,0,1,0.673086199299627,0.673086199299627,80,5.42631616385256e-12,1.60760293965723e-12
1.21,-1.10568244271666e-15,0.0790083585618749,-5.98035144756494e-15,-6.03523230235261e-16,-2.19795048688294e-14,-7.84792237634323e-15,80,0.237788873409609,0.0790083585618952,7.36427615785689e-14,-2.03059791203941e-14,0.773758553262618,-6.23473939504649e-13,-9.77298959948321,-2.05850974727246e-14,-0.0429869122185295,1.24938539551573e-13,0,0,0,0,1,0.673086199299627,0.673086199299627,80,5.41997419423892e-12,1.62447832963153e-12
1.22,-1.11797400034999e-15,0.0790083585618747,-6.05919040727229e-15,-6.10318160476711e-16,-2.19421672914363e-14,-7.87061868418163e-15,80,0.237788873409609,0.0790083585618952,7.36413350285141e-14,-2.04947170345804e-14,0.773758553262618,-6.23520686734712e-13,-9.77298959948321,-2.05850974727246e-14,-0.0429869122185295,1.24938539551573e-13,0,0,0,0,1,0.673086199299627,0.673086199299627,80,5.41363056351805e-12,1.63957736276643e-12
1.23,-1.13035197048225e-15,0.0790083585618745,-6.13825516472252e-15,-6.17241061826765e-16,-2.19029691069905e-14,-7.89294208051292e-15,80,0.237788873409609,0.0790083585618952,7.36401065021335e-14,-2.06834549487667e-14,0.773758553262617,-6.23568104549166e-13,-9.7729895994832,-2.05850974727246e-14,-0.0429869122185295,1.24938539551573e-13,0,0,0,0,1,0.673086199299627,0.673086199299627,80,5.40728525648838e-12,1.65467639590133e-12
1.24,-1.14281732811289e-15,0.0790083585618743,-6.21754201005776e-15,-6.24289554247664e-16,-2.18636961786324e-14,-7.91489871700198e-15,80,0.237788873409609,0.0790083585618951,7.36390720238531e-14,-2.08832950931992e-14,0.773758553262617,-6.2361617347764e-13,-9.7729895994832,-2.05850974727246e-14,-0.0429869122185295,1.24938539551573e-13,0,0,0,0,1,0.673086199299627,0.673086199299627,80,5.40093825804889e-12,1.67066360745594e-12
1.25,-1.15537102931853e-15,0.079008358561874,-6.29704729469805e-15,-6.3146126612439e-16,-2.18234091807486e-14,-7.93649465948849e-15,80,0.237788873409609,0.0790083585618951,7.36382276820999e-14,-2.10831352376317e-14,0.773758553262617,-6.23664874447429e-13,-9.7729895994832,-2.05850974727246e-14,-0.0429869122185295,1.24938539551573e-13,0,0,0,0,1,0.673086199299627,0.673086199299627,80,5.39458955319688e-12,1.68665081901054e-12
1.26,-1.1680140112755e-15,0.0790083585618738,-6.37676743048509e-15,-6.38753835429479e-16,-2.17823112791766e-14,-7.95773588893255e-15,80,0.237788873409609,0.0790083585618951,7.36375696284174e-14,-2.1271873151818e-14,0.773758553262617,-6.23714188776129e-13,-9.77298959948319,-2.05850974727246e-14,-0.0429869122185295,1.24938539551573e-13,0,0,0,0,1,0.673086199299627,0.673086199299627,80,5.38823912702591e-12,1.70174985214544e-12
1.27,-1.18074719229442e-15,0.0790083585618736,-6.45669888883558e-15,-6.46164910825566e-16,-2.17412469237565e-14,-7.97862830235447e-15,80,0.237788873409609,0.0790083585618951,7.3637094076591e-14,-2.14606110660043e-14,0.773758553262616,-6.23764098164403e-13,-9.77298959948319,-2.05850974727246e-14,-0.0429869122185295,1.24938539551573e-13,0,0,0,0,1,0.673086199299627,0.673086199299627,80,5.38188696472377e-12,1.71684888528034e-12
1.28,-1.19357147186629e-15,0.0790083585618734,-6.53683819990384e-15,-6.53692152708024e-16,-2.16983019308881e-14,-7.99917771376868e-15,80,0.237788873409609,0.079008358561895,7.36367973017827e-14,-2.16604512104368e-14,0.773758553262616,-6.23814584688886e-13,-9.77298959948319,-2.05850974727246e-14,-0.0429869122185295,1.24938539551573e-13,0,0,0,0,1,0.673086199299627,0.673086199299627,80,5.37553305157057e-12,1.73283609683494e-12
1.29,-1.20648773071946e-15,0.0790083585618731,-6.61718195175383e-15,-6.61333234189981e-16,-2.16550052531446e-14,-8.01938985511167e-15,80,0.237788873409609,0.079008358561895,7.36366756396748e-14,-2.18602913548693e-14,0.773758553262615,-6.23865630795219e-13,-9.77298959948319,-2.05850974727246e-14,-0.0429869122185295,1.24938539551573e-13,0,0,0,0,1,0.673086199299627,0.673086199299627,80,5.36917737293675e-12,1.74882330838955e-12
1.3,-1.21949683088686e-15,0.0790083585618729,-6.69772678954043e-15,-6.69085842031904e-16,-2.1610532384905e-14,-8.03927037716378e-15,80,0.237788873409609,0.079008358561895,7.36367254856231e-14,-2.20601314993019e-14,0.773758553262615,-6.23917219291201e-13,-9.77298959948319,-2.05850974727246e-14,-0.0429869122185295,1.24938539551573e-13,0,0,0,0,1,0.673086199299627,0.673086199299627,80,5.36281991428138e-12,1.76481051994415e-12
1.31,-1.23259961578299e-15,0.0790083585618727,-6.77846941469991e-15,-6.76947677517873e-16,-2.15660133220783e-14,-8.0588248504648e-15,80,0.237788873409609,0.0790083585618949,7.36369432938196e-14,-2.22488694134881e-14,0.773758553262614,-6.23969333340067e-13,-9.77298959948318,-2.05850974727246e-14,-0.0429869122185295,1.24938539551573e-13,0,0,0,0,1,0.673086199299627,0.673086199299627,80,5.35646066115027e-12,1.77990955307905e-12
1.32,-1.2457969102902e-15,0.0790083585618725,-6.85940658414963e-15,-6.84916457280562e-16,-2.15203788048734e-14,-8.07805876622329e-15,80,0.237788873409609,0.0790083585618949,7.36373255764636e-14,-2.24265050974282e-14,0.773758553262614,-6.2402195645388e-13,-9.77298959948318,-2.05850974727246e-14,-0.0429869122185295,1.24938539551573e-13,0,0,0,0,1,0.673086199299627,0.673086199299627,80,5.3500995991744e-12,1.79412040779425e-12
1.33,-1.25908952085362e-15,0.0790083585618723,-6.94053510949674e-15,-6.92989914076912e-16,-2.14728467388454e-14,-8.09697753721967e-15,80,0.237788873409609,0.0790083585618949,7.36378689029424e-14,-2.26152430116144e-14,0.773758553262614,-6.24075072487036e-13,-9.77298959948318,-2.05850974727246e-14,-0.0429869122185295,1.24938539551573e-13,0,0,0,0,1,0.673086199299627,0.673086199299627,80,5.34373671406813e-12,1.80921944092916e-12
1.34,-1.27247823558432e-15,0.0790083585618721,-7.02185185625594e-15,-7.01165797516354e-16,-2.14248172890885e-14,-8.11558649870288e-15,80,0.237788873409609,0.0790083585618949,7.36385698990212e-14,-2.27928786955545e-14,0.773758553262613,-6.2412866562988e-13,-9.77298959948317,-2.05850974727246e-14,-0.0429869122185295,1.24938539551573e-13,0,0,0,0,1,0.673086199299627,0.673086199299627,80,5.33737199162771e-12,1.82343029564436e-12
1.35,-1.28596382437029e-15,0.0790083585618719,-7.10335374307627e-15,-7.0944187474343e-16,-2.13757218903727e-14,-8.1338909092807e-15,80,0.237788873409609,0.0790083585618948,7.36394252460417e-14,-2.29594121492482e-14,0.773758553262613,-6.24182720402431e-13,-9.77298959948317,-2.05850974727246e-14,-0.0429869122185295,1.24938539551573e-13,0,0,0,0,1,0.673086199299627,0.673086199299627,80,5.33100541772971e-12,1.83675297193986e-12
1.36,-1.29954703899469e-15,0.0790083585618716,-7.18503774097666e-15,-7.17815931076567e-16,-2.13255912255777e-14,-8.15189595180364e-15,80,0.237788873409609,0.0790083585618948,7.36404316801296e-14,-2.31481500634345e-14,0.773758553262613,-6.24237221648209e-13,-9.77298959948317,-2.05850974727246e-14,-0.0429869122185295,1.24938539551573e-13,0,0,0,0,1,0.673086199299627,0.673086199299627,80,5.3246369783295e-12,1.85185200507476e-12
1.37,-1.31322861326094e-15,0.0790083585618714,-7.26690087259045e-15,-7.26285770604691e-16,-2.12746469383759e-14,-8.16960673424249e-15,80,0.237788873409609,0.0790083585618948,7.36415859914114e-14,-2.3347990207867e-14,0.773758553262613,-6.24292154528169e-13,-9.77298959948317,-2.05850974727246e-14,-0.0429869122185295,1.24938539551573e-13,0,0,0,0,1,0.673086199299627,0.673086199299627,80,5.31826665945983e-12,1.86783921662936e-12
1.38,-1.32700926312435e-15,0.0790083585618712,-7.3489402114186e-15,-7.3484921674332e-16,-2.12240236642888e-14,-8.18702829055933e-15,80,0.237788873409609,0.0790083585618948,7.36428850232399e-14,-2.35256258918071e-14,0.773758553262612,-6.24347504514733e-13,-9.77298959948317,-2.05850974727246e-14,-0.0429869122185295,1.24938539551573e-13,0,0,0,0,1,0.673086199299627,0.673086199299627,80,5.31189444722946e-12,1.88205007134457e-12
1.39,-1.3408896868297e-15,0.079008358561871,-7.43115288109164e-15,-7.43504112751736e-16,-2.11732051470106e-14,-8.20416558157217e-15,80,0.237788873409609,0.0790083585618948,7.36443256714281e-14,-2.37365682664858e-14,0.773758553262612,-6.24403257385919e-13,-9.77298959948316,-2.05850974727246e-14,-0.0429869122185295,1.24938539551573e-13,0,0,0,0,1,0.673086199299627,0.673086199299627,80,5.30552032782177e-12,1.89892546131887e-12
1.4,-1.35487056505458e-15,0.0790083585618708,-7.51353605464022e-15,-7.52248322212737e-16,-2.11223927968869e-14,-8.2210234958132e-15,80,0.237788873409609,0.0790083585618948,7.36459048834923e-14,-2.39364084109184e-14,0.773758553262612,-6.24459399219572e-13,-9.77298959948316,-2.05850974727246e-14,-0.0429869122185295,1.24938539551573e-13,0,0,0,0,1,0.673086199299627,0.673086199299627,80,5.29914428749348e-12,1.91491267287347e-12
1.41,-1.36895256105795e-15,0.0790083585618706,-7.59608695377432e-15,-7.61079729476472e-16,-2.10719014598781e-14,-8.23760685038051e-15,80,0.237788873409609,0.0790083585618947,7.36476196579041e-14,-2.41251463251047e-14,0.773758553262612,-6.24515916387686e-13,-9.77298959948316,-2.05850974727246e-14,-0.0429869122185295,1.24938539551573e-13,0,0,0,0,1,0.673086199299627,0.673086199299627,80,5.29276631257338e-12,1.93001170600837e-12
1.42,-1.38313632083367e-15,0.0790083585618704,-7.67880284817089e-15,-7.69996240069767e-16,-2.10218722341433e-14,-8.25392039178345e-15,80,0.237788873409609,0.0790083585618947,7.364946704335e-14,-2.43249864695372e-14,0.773758553262612,-6.24572795550821e-13,-9.77298959948316,-2.05850974727246e-14,-0.0429869122185295,1.24938539551573e-13,0,0,0,0,1,0.673086199299627,0.673086199299627,80,5.28638638946114e-12,1.94599891756297e-12
1.43,-1.39742247326865e-15,0.0790083585618702,-7.76168105476993e-15,-7.78995781072327e-16,-2.09719208004546e-14,-8.26996879678159e-15,80,0.237788873409609,0.0790083585618947,7.36514441380014e-14,-2.45137243837235e-14,0.773758553262612,-6.24630023652612e-13,-9.77298959948316,-2.05850974727246e-14,-0.0429869122185295,1.24938539551573e-13,0,0,0,0,1,0.673086199299627,0.673086199299627,80,5.28000450462608e-12,1.96109795069788e-12
1.44,-1.41181163030519e-15,0.07900835856187,-7.84471893707907e-15,-7.88076301461154e-16,-2.09222706163532e-14,-8.28575667321719e-15,80,0.237788873409609,0.0790083585618947,7.36535480887908e-14,-2.47024622979097e-14,0.773758553262611,-6.2468758791437e-13,-9.77298959948316,-2.05850974727246e-14,-0.0429869122185295,1.24938539551573e-13,0,0,0,0,1,0.673086199299627,0.673086199299627,80,5.27362064460607e-12,1.97619698383278e-12
1.45,-1.42630438710734e-15,0.0790083585618698,-7.92791390448633e-15,-7.97235772424454e-16,-2.0872782579631e-14,-8.30128856084137e-15,80,0.237788873409609,0.0790083585618947,7.36557760906986e-14,-2.49023024423423e-14,0.773758553262611,-6.24745475829767e-13,-9.77298959948316,-2.05850974727246e-14,-0.0429869122185295,1.24938539551573e-13,0,0,0,0,1,0.673086199299627,0.673086199299627,80,5.26723479600643e-12,1.99218419538738e-12
1.46,-1.44090132223087e-15,0.0790083585618696,-8.01126341158121e-15,-8.06472187646294e-16,-2.08232584462208e-14,-8.31656893213377e-15,80,0.237788873409609,0.0790083585618947,7.36581253860471e-14,-2.51021425867748e-14,0.773758553262611,-6.24803675159615e-13,-9.77298959948315,-2.05850974727246e-14,-0.0429869122185295,1.24938539551573e-13,0,0,0,0,1,0.673086199299627,0.673086199299627,80,5.26084694549884e-12,2.00817140694198e-12
1.47,-1.4556029977966e-15,0.0790083585618694,-8.09476495748396e-15,-8.15783563563206e-16,-2.07735390696193e-14,-8.33160219311599e-15,80,0.237788873409609,0.0790083585618947,7.36605932638034e-14,-2.53130849614536e-14,0.773758553262611,-6.24862173926731e-13,-9.77298959948315,-2.05850974727246e-14,-0.0429869122185295,1.24938539551573e-13,0,0,0,0,1,0.673086199299627,0.673086199299627,80,5.25445707982032e-12,2.02504679691629e-12
1.48,-1.47040995966676e-15,0.0790083585618691,-8.17841608518296e-15,-8.25167939593898e-16,-2.0723888885518e-14,-8.3463926841585e-15,80,0.237788873409609,0.0790083585618946,7.36631770588899e-14,-2.54907206453936e-14,0.773758553262611,-6.24920960410883e-13,-9.77298959948315,-2.05850974727246e-14,-0.0429869122185295,1.24938539551573e-13,0,0,0,0,1,0.673086199299627,0.673086199299627,80,5.24806518577222e-12,2.03925765163149e-12
1.49,-1.48532273762427e-15,0.0790083585618689,-8.26221438088019e-15,-8.34623378343213e-16,-2.06744008487958e-14,-8.36094468078128e-15,80,0.237788873409609,0.0790083585618946,7.36658741515041e-14,-2.56905607898261e-14,0.773758553262611,-6.24980023143823e-13,-9.77298959948315,-2.05850974727246e-14,-0.0429869122185295,1.24938539551573e-13,0,0,0,0,1,0.673086199299627,0.673086199299627,80,5.24167125021929e-12,2.05524486318609e-12
1.5,-1.50034184555439e-15,0.0790083585618687,-8.34615747334468e-15,-8.44147965781407e-16,-2.06250587388771e-14,-8.37526239444814e-15,80,0.237788873409609,0.0790083585618946,7.36686819664461e-14,-2.58904009342586e-14,0.77375855326261,-6.25039350904406e-13,-9.77298959948315,-2.05850974727246e-14,-0.0429869122185295,1.24938539551573e-13,0,0,0,0,1,0.673086199299627,0.673086199299627,80,5.23527526008872e-12,2.07123207474069e-12
1.51,-1.51546778162885e-15,0.0790083585618685,-8.43024303327391e-15,-8.53739811399812e-16,-2.05753754589637e-14,-8.38934997335461e-15,80,0.237788873409609,0.0790083585618946,7.36715979724534e-14,-2.60680366181987e-14,0.77375855326261,-6.25098932713787e-13,-9.77298959948315,-2.05850974727246e-14,-0.0429869122185295,1.24938539551573e-13,0,0,0,0,1,0.673086199299627,0.673086199299627,80,5.22887720236924e-12,2.08544292945589e-12
1.52,-1.53070102849193e-15,0.0790083585618683,-8.51446877266304e-15,-8.63397048343897e-16,-2.0525400378261e-14,-8.40321150320963e-15,80,0.237788873409609,0.0790083585618946,7.36746196815456e-14,-2.62678767626312e-14,0.77375855326261,-6.251587578307e-13,-9.77298959948315,-2.05850974727246e-14,-0.0429869122185295,1.24938539551573e-13,0,0,0,0,1,0.673086199299627,0.673086199299627,80,5.22247706411024e-12,2.1014301410105e-12
1.53,-1.54604205344841e-15,0.0790083585618681,-8.59883244418203e-15,-8.73117833524713e-16,-2.04756441877634e-14,-8.41685100801076e-15,80,0.237788873409609,0.0790083585618946,7.36777446483754e-14,-2.64677169070637e-14,0.77375855326261,-6.2521881574682e-13,-9.77298959948315,-2.05850974727246e-14,-0.0429869122185295,1.24938539551573e-13,0,0,0,0,1,0.673086199299627,0.673086199299627,80,5.21607483242096e-12,2.1174173525651e-12
1.54,-1.56149130865314e-15,0.0790083585618679,-8.68333184056041e-15,-8.82900347709669e-16,-2.04261200543532e-14,-8.43027245081329e-15,80,0.237788873409609,0.0790083585618946,7.36809704695883e-14,-2.665645482125e-14,0.77375855326261,-6.25279096182199e-13,-9.77298959948314,-2.05850974727246e-14,-0.0429869122185295,1.24938539551573e-13,0,0,0,0,1,0.673086199299627,0.673086199299627,80,5.20967049446963e-12,2.1325163857e-12
1.55,-1.57704923130204e-15,0.0790083585618677,-8.76796479397983e-15,-8.92742795593567e-16,-2.03762227656966e-14,-8.44347973449285e-15,80,0.237788873409609,0.0790083585618945,7.36842947831907e-14,-2.68562949656825e-14,0.773758553262609,-6.25339589080785e-13,-9.77298959948314,-2.05850974727246e-14,-0.0429869122185295,1.24938539551573e-13,0,0,0,0,1,0.673086199299627,0.673086199299627,80,5.20326403748271e-12,2.1485035972546e-12
1.56,-1.59271624382429e-15,0.0790083585618675,-8.85272917547413e-15,-9.02643405850784e-16,-2.03267785537173e-14,-8.45647670250191e-15,80,0.237788873409609,0.0790083585618945,7.36877152679243e-14,-2.70450328798688e-14,0.773758553262609,-6.25400284606017e-13,-9.77298959948314,-2.05850974727246e-14,-0.0429869122185295,1.24938539551573e-13,0,0,0,0,1,0.673086199299627,0.673086199299627,80,5.19685544874411e-12,2.16360263038951e-12
1.57,-1.60849275407559e-15,0.0790083585618673,-8.93762289433705e-15,-9.12600431169453e-16,-2.02776316869899e-14,-8.46926713961985e-15,80,0.237788873409609,0.0790083585618945,7.36912296426505e-14,-2.72337707940551e-14,0.773758553262609,-6.25461173136493e-13,-9.77298959948314,-2.05850974727246e-14,-0.0429869122185295,1.24938539551573e-13,0,0,0,0,1,0.673086199299627,0.673086199299627,80,5.19044471559446e-12,2.17870166352441e-12
1.58,-1.62437915553218e-15,0.0790083585618671,-9.02264389753739e-15,-9.22612148268485e-16,-2.02291904736807e-14,-8.48185477269686e-15,80,0.237788873409609,0.0790083585618945,7.36948356657402e-14,-2.74447131687339e-14,0.773758553262609,-6.25522245261719e-13,-9.77298959948314,-2.05850974727246e-14,-0.0429869122185295,1.24938539551573e-13,0,0,0,0,1,0.673086199299627,0.673086199299627,80,5.18403182543039e-12,2.19557705349871e-12
1.59,-1.64037582748567e-15,0.0790083585618669,-9.1077901691416e-15,-9.32676857898228e-16,-2.01817416246266e-14,-8.49424327139154e-15,80,0.237788873409609,0.0790083585618945,7.36985311344732e-14,-2.76556555434126e-14,0.773758553262609,-6.25583491777924e-13,-9.77298959948314,-2.05850974727246e-14,-0.0429869122185295,1.24938539551573e-13,0,0,0,0,1,0.673086199299627,0.673086199299627,80,5.17761676570384e-12,2.21245244347301e-12
1.6,-1.65648313523822e-15,0.0790083585618667,-9.19305972974379e-15,-9.42792884825538e-16,-2.01354267272447e-14,-8.50643624890221e-15,80,0.237788873409609,0.0790083585618945,7.37023138844436e-14,-2.78665979180914e-14,0.773758553262609,-6.25644903683959e-13,-9.77298959948314,-2.05850974727246e-14,-0.0429869122185295,1.24938539551573e-13,0,0,0,0,1,0.673086199299627,0.673086199299627,80,5.17119952392138e-12,2.22932783344731e-12
1.61,-1.67270143029823e-15,0.0790083585618665,-9.27845063590292e-15,-9.52958577804026e-16,-2.00898987849205e-14,-8.51843726269204e-15,80,0.237788873409609,0.0790083585618945,7.37061817889745e-14,-2.8066438062524e-14,0.773758553262609,-6.2570647217726e-13,-9.77298959948314,-2.05850974727246e-14,-0.0429869122185295,1.24938539551573e-13,0,0,0,0,1,0.673086199299627,0.673086199299627,80,5.16478008764357e-12,2.24531504500192e-12
1.62,-1.6890310505761e-15,0.0790083585618663,-9.36396097958739e-15,-9.63172309530181e-16,-2.00450241453925e-14,-8.53024981520783e-15,80,0.237788873409609,0.0790083585618945,7.37101327585383e-14,-2.82551759767102e-14,0.773758553262609,-6.25768188649885e-13,-9.77298959948314,-2.05850974727246e-14,-0.0429869122185295,1.24938539551573e-13,0,0,0,0,1,0.673086199299627,0.673086199299627,80,5.15835844448435e-12,2.26041407813682e-12
1.63,-1.70547232058015e-15,0.0790083585618661,-9.44958888762673e-15,-9.73432476586091e-16,-2.0000716739534e-14,-8.54187735459266e-15,80,0.237788873409609,0.0790083585618945,7.37141647401858e-14,-2.84550161211428e-14,0.773758553262609,-6.25830044684624e-13,-9.77298959948314,-2.05850974727246e-14,-0.0429869122185295,1.24938539551573e-13,0,0,0,0,1,0.673086199299627,0.673086199299627,80,5.15193458211039e-12,2.27640128969142e-12
1.64,-1.72202555161238e-15,0.0790083585618659,-9.53533252117034e-15,-9.83737499369426e-16,-1.99574262289451e-14,-8.55332327539221e-15,80,0.237788873409609,0.0790083585618945,7.37182757169823e-14,-2.8643754035329e-14,0.773758553262609,-6.25892032051177e-13,-9.77298959948314,-2.05850974727246e-14,-0.0429869122185295,1.24938539551573e-13,0,0,0,0,1,0.673086199299627,0.673086199299627,80,5.14550848824055e-12,2.29150032282632e-12
1.65,-1.73869104196411e-15,0.0790083585618657,-9.62119007515346e-15,-9.9408582201134e-16,-1.99151786582827e-14,-8.56459091925489e-15,80,0.237788873409609,0.0790083585618945,7.37224637074505e-14,-2.88324919495153e-14,0.773758553262609,-6.25954142702399e-13,-9.77298959948314,-2.05850974727246e-14,-0.0429869122185295,1.24938539551573e-13,0,0,0,0,1,0.673086199299627,0.673086199299627,80,5.13908015064527e-12,2.30659935596123e-12
1.66,-1.75546907711122e-15,0.0790083585618655,-9.70715977776993e-15,-1.00447591228291e-15,-1.98734722766329e-14,-8.57568357562575e-15,80,0.237788873409609,0.0790083585618945,7.37267267650214e-14,-2.90323320939478e-14,0.773758553262609,-6.26016368770617e-13,-9.77298959948314,-2.05850974727246e-14,-0.0429869122185295,1.24938539551573e-13,0,0,0,0,1,0.673086199299627,0.673086199299627,80,5.13264955714606e-12,2.32258656751583e-12
1.67,-1.772359929909e-15,0.0790083585618653,-9.79323988995204e-15,-1.01490626149075e-15,-1.98325510014234e-14,-8.58660448243413e-15,80,0.237788873409609,0.0790083585618945,7.37310629774921e-14,-2.92210700081341e-14,0.773758553262609,-6.26078702564009e-13,-9.77298959948314,-2.05850974727246e-14,-0.0429869122185295,1.24938539551573e-13,0,0,0,0,1,0.673086199299627,0.673086199299627,80,5.12621669561491e-12,2.33768560065073e-12
1.68,-1.78936386078639e-15,0.0790083585618651,-9.87942870485716e-15,-1.02537538436232e-15,-1.97924287487127e-14,-8.59735682677512e-15,80,0.237788873409609,0.0790083585618945,7.37354704664902e-14,-2.94209101525666e-14,0.773758553262609,-6.26141136563057e-13,-9.77298959948314,-2.05850974727246e-14,-0.0429869122185295,1.24938539551573e-13,0,0,0,0,1,0.673086199299627,0.673086199299627,80,5.11978155397383e-12,2.35367281220533e-12
1.69,-1.80648111793965e-15,0.0790083585618649,-9.96572454736122e-15,-1.03588181892161e-15,-1.97529005443543e-14,-8.6079437455848e-15,80,0.237788873409609,0.0790083585618945,7.37399473869463e-14,-2.96096480667529e-14,0.773758553262609,-6.26203663417055e-13,-9.77298959948314,-2.05850974727246e-14,-0.0429869122185295,1.24938539551573e-13,0,0,0,0,1,0.673086199299627,0.673086199299627,80,5.11334412019432e-12,2.36877184534023e-12
1.7,-1.82371193752516e-15,0.0790083585618647,-1.00521257735589e-14,-1.04642412635561e-15,-1.97144152799223e-14,-8.61836832630926e-15,80,0.237788873409609,0.0790083585618945,7.37444919265725e-14,-2.98094882111855e-14,0.773758553262609,-6.26266275940691e-13,-9.77298959948314,-2.05850974727246e-14,-0.0429869122185295,1.24938539551573e-13,0,0,0,0,1,0.673086199299627,0.673086199299627,80,5.1069043822969e-12,2.38475905689484e-12
1.71,-1.84105654385147e-15,0.0790083585618645,-1.01386307702704e-14,-1.05700089087216e-15,-1.9676471204503e-14,-8.62863360756743e-15,80,0.237788873409609,0.0790083585618945,7.37491023053485e-14,-2.99982261253717e-14,0.773758553262609,-6.26328967110684e-13,-9.77298959948314,-2.05850974727246e-14,-0.0429869122185295,1.24938539551573e-13,0,0,0,0,1,0.673086199299627,0.673086199299627,80,5.10046232835061e-12,2.39985809002974e-12
1.72,-1.85851514957034e-15,0.0790083585618643,-1.02252379545551e-14,-1.06761071954976e-15,-1.96393880455185e-14,-8.63874257980771e-15,80,0.237788873409609,0.0790083585618945,7.37537767750139e-14,-3.01980662698043e-14,0.773758553262609,-6.26391730062494e-13,-9.77298959948314,-2.05850974727246e-14,-0.0429869122185295,1.24938539551573e-13,0,0,0,0,1,0.673086199299627,0.673086199299627,80,5.0940179464726e-12,2.41584530158434e-12
1.73,-1.87608795586679e-15,0.0790083585618641,-1.03119457732318e-14,-1.07825224217963e-15,-1.9602605252121e-14,-8.6486981859584e-15,80,0.237788873409609,0.0790083585618945,7.37585136185686e-14,-3.03868041839905e-14,0.773758553262609,-6.26454558087082e-13,-9.77298959948314,-2.05850974727246e-14,-0.0429869122185295,1.24938539551573e-13,0,0,0,0,1,0.673086199299627,0.673086199299627,80,5.08757122482764e-12,2.43094433471924e-12
1.74,-1.89377515264805e-15,0.0790083585618639,-1.03987527024046e-14,-1.08892411110069e-15,-1.9566839353993e-14,-8.65850332207193e-15,80,0.237788873409609,0.0790083585618945,7.37633111497781e-14,-3.05866443284231e-14,0.773758553262609,-6.26517444627738e-13,-9.77298959948314,-2.05850974727246e-14,-0.0429869122185295,1.24938539551573e-13,0,0,0,0,1,0.673086199299627,0.673086199299627,80,5.08112215162774e-12,2.44693154627385e-12
1.75,-1.91157691873131e-15,0.0790083585618637,-1.04856572469966e-14,-1.09962500102786e-15,-1.95316675042171e-14,-8.66816083796294e-15,80,0.237788873409609,0.0790083585618945,7.3768167712687e-14,-3.07864844728556e-14,0.773758553262609,-6.26580383276971e-13,-9.77298959948314,-2.05850974727246e-14,-0.0429869122185295,1.24938539551573e-13,0,0,0,0,1,0.673086199299627,0.673086199299627,80,5.0746707151317e-12,2.46291875782845e-12
1.76,-1.92949342203024e-15,0.0790083585618635,-1.05726579402889e-14,-1.11035360887395e-15,-1.94971766031028e-14,-8.67767353784016e-15,80,0.237788873409609,0.0790083585618945,7.37730816811389e-14,-3.09641201567956e-14,0.773758553262609,-6.26643367773449e-13,-9.77298959948314,-2.05850974727246e-14,-0.0429869122185295,1.24938539551573e-13,0,0,0,0,1,0.673086199299627,0.673086199299627,80,5.06821690364472e-12,2.47712961254365e-12
1.77,-1.94752481974021e-15,0.0790083585618633,-1.06597533434663e-14,-1.12110865356589e-15,-1.94631479870048e-14,-8.68704418093214e-15,80,0.237788873409609,0.0790083585618945,7.37780514583016e-14,-3.11639603012281e-14,0.773758553262609,-6.26706391999007e-13,-9.77298959948314,-2.05850974727246e-14,-0.0429869122185295,1.24938539551573e-13,0,0,0,0,1,0.673086199299627,0.673086199299627,80,5.06176070551802e-12,2.49311682409825e-12
1.78,-1.96567125852209e-15,0.0790083585618632,-1.07469420451691e-14,-1.13188887585534e-15,-1.94300633027744e-14,-8.6962754821068e-15,80,0.237788873409609,0.0790083585618945,7.37830754762009e-14,-3.13526982154144e-14,0.773758553262609,-6.26769449975707e-13,-9.77298959948314,-2.05850974727246e-14,-0.0429869122185295,1.24938539551573e-13,0,0,0,0,1,0.673086199299627,0.673086199299627,80,5.05530210914843e-12,2.50821585723315e-12
1.79,-1.9839328746847e-15,0.079008358561863,-1.08342226610515e-14,-1.14269303812435e-15,-1.93980055658448e-14,-8.70537011248488e-15,80,0.237788873409609,0.0790083585618945,7.37881521952589e-14,-3.15414361296007e-14,0.773758553262609,-6.26832535862955e-13,-9.77298959948314,-2.05850974727246e-14,-0.0429869122185295,1.24938539551573e-13,0,0,0,0,1,0.673086199299627,0.673086199299627,80,5.04884110297807e-12,2.52331489036806e-12
1.8,-2.00230979436566e-15,0.0790083585618628,-1.09215938333456e-14,-1.15351992418627e-15,-1.9366322987062e-14,-8.71433070004717e-15,80,0.237788873409609,0.0790083585618945,7.37932801038397e-14,-3.17412762740332e-14,0.773758553262609,-6.26895643954676e-13,-9.77298959948314,-2.05850974727246e-14,-0.0429869122185295,1.24938539551573e-13,0,0,0,0,1,0.673086199299627,0.673086199299627,80,5.04237767549395e-12,2.53930210192266e-12
1.81,-2.02080213371084e-15,0.0790083585618626,-1.10090542304314e-14,-1.16436833908239e-15,-1.93349134435167e-14,-8.72315983023567e-15,80,0.237788873409609,0.0790083585618945,7.37984577178014e-14,-3.19300141882195e-14,0.773758553262609,-6.26958768676538e-13,-9.77298959948314,-2.05850974727246e-14,-0.0429869122185295,1.24938539551573e-13,0,0,0,0,1,0.673086199299627,0.673086199299627,80,5.03591181522766e-12,2.55440113505756e-12
1.82,-2.03940999905214e-15,0.0790083585618624,-1.10966025464138e-14,-1.17523710887451e-15,-1.93040069365777e-14,-8.73186004654863e-15,80,0.237788873409609,0.0790083585618945,7.38036835800537e-14,-3.21409565628983e-14,0.773758553262609,-6.2702190458324e-13,-9.77298959948314,-2.05850974727246e-14,-0.0429869122185295,1.24938539551573e-13,0,0,0,0,1,0.673086199299627,0.673086199299627,80,5.02944351075499e-12,2.57127652503186e-12
1.83,-2.05813348708362e-15,0.0790083585618622,-1.1184237500704e-14,-1.18612508043396e-15,-1.92735874736192e-14,-8.74043385112944e-15,80,0.237788873409609,0.0790083585618945,7.38089562601227e-14,-3.23296944770846e-14,0.773758553262609,-6.27085046355842e-13,-9.77298959948314,-2.05850974727246e-14,-0.0429869122185295,1.24938539551573e-13,0,0,0,0,1,0.673086199299627,0.673086199299627,80,5.02297275069565e-12,2.58637555816676e-12
1.84,-2.0769726850361e-15,0.079008358561862,-1.12719578376082e-14,-1.19703112122719e-15,-1.92440289270957e-14,-8.74888370534946e-15,80,0.237788873409609,0.0790083585618945,7.38142743537207e-14,-3.25295346215171e-14,0.773758553262609,-6.27148188799153e-13,-9.77298959948314,-2.05850974727246e-14,-0.0429869122185295,1.24938539551573e-13,0,0,0,0,1,0.673086199299627,0.673086199299627,80,5.01649952371293e-12,2.60236276972137e-12
1.85,-2.09592767084991e-15,0.0790083585618618,-1.1359762325921e-14,-1.20795411909839e-15,-1.9214884461151e-14,-8.75721203038476e-15,80,0.237788873409609,0.0790083585618945,7.38196364823229e-14,-3.27182725357034e-14,0.773758553262609,-6.27211326839172e-13,-9.77298959948314,-2.05850974727246e-14,-0.0429869122185295,1.24938539551573e-13,0,0,0,0,1,0.673086199299627,0.673086199299627,80,5.01002381851338e-12,2.61746180285627e-12
1.86,-2.114998513346e-15,0.0790083585618616,-1.14476497585255e-14,-1.21889298204932e-15,-1.91863159952144e-14,-8.76542120778677e-15,80,0.237788873409609,0.0790083585618945,7.38250412927498e-14,-3.29181126801359e-14,0.773758553262609,-6.27274455520575e-13,-9.77298959948314,-2.05850974727246e-14,-0.0429869122185295,1.24938539551573e-13,0,0,0,0,1,0.673086199299627,0.673086199299627,80,5.00354562384655e-12,2.63344901441087e-12
1.87,-2.13418527239525e-15,0.0790083585618614,-1.15356189519985e-14,-1.22984663801675e-15,-1.91583415776301e-14,-8.77351358004692e-15,80,0.237788873409609,0.0790083585618945,7.38304874567555e-14,-3.31068505943222e-14,0.773758553262609,-6.27337570004253e-13,-9.77298959948314,-2.05850974727246e-14,-0.0429869122185295,1.24938539551573e-13,0,0,0,0,1,0.673086199299627,0.673086199299627,80,4.99706492850465e-12,2.64854804754577e-12
1.88,-2.15348799908598e-15,0.0790083585618612,-1.16236687462212e-14,-1.24081403464762e-15,-1.91309612083979e-14,-8.78149145115518e-15,80,0.237788873409609,0.0790083585618945,7.38359736706218e-14,-3.32955885085084e-14,0.773758553262609,-6.27400665564901e-13,-9.77298959948314,-2.05850974727246e-14,-0.0429869122185295,1.24938539551573e-13,0,0,0,0,1,0.673086199299627,0.673086199299627,80,4.9905817213223e-12,2.66364708068068e-12
1.89,-2.17290673588968e-15,0.079008358561861,-1.17117980039963e-14,-1.25179413907234e-15,-1.91038170076893e-14,-8.7893570871526e-15,80,0.237788873409609,0.0790083585618945,7.38414986547584e-14,-3.35065308831872e-14,0.773758553262609,-6.27463737588655e-13,-9.77298959948314,-2.05850974727246e-14,-0.0429869122185295,1.24938539551573e-13,0,0,0,0,1,0.673086199299627,0.673086199299627,80,4.98409599117624e-12,2.68052247065498e-12
1.9,-2.19244151682487e-15,0.0790083585618608,-1.18000056106695e-14,-1.26278593767635e-15,-1.90771598509613e-14,-8.79711271667791e-15,80,0.237788873409609,0.0790083585618945,7.38470611533087e-14,-3.36952687973735e-14,0.773758553262609,-6.27526781570769e-13,-9.77298959948314,-2.05850974727246e-14,-0.0429869122185295,1.24938539551573e-13,0,0,0,0,1,0.673086199299627,0.673086199299627,80,4.97760772698506e-12,2.69562150378988e-12
1.91,-2.21209236761909e-15,0.0790083585618606,-1.18882904737575e-14,-1.27378843587028e-15,-1.90510967425855e-14,-8.80476053150801e-15,80,0.237788873409609,0.0790083585618945,7.38526599337609e-14,-3.3895108941806e-14,0.773758553262609,-6.27589793113351e-13,-9.77298959948314,-2.05850974727246e-14,-0.0429869122185295,1.24938539551573e-13,0,0,0,0,1,0.673086199299627,0.673086199299627,80,4.97111691770896e-12,2.71160871534448e-12
1.92,-2.23185930586903e-15,0.0790083585618604,-1.19766515225805e-14,-1.28480065785878e-15,-1.90255366708161e-14,-8.8123026870926e-15,80,0.237788873409609,0.0790083585618945,7.38582937865658e-14,-3.40838468559923e-14,0.773758553262609,-6.27652767923134e-13,-9.77298959948314,-2.05850974727246e-14,-0.0429869122185295,1.24938539551573e-13,0,0,0,0,1,0.673086199299627,0.673086199299627,80,4.96462355234947e-12,2.72670774847938e-12
1.93,-2.25174234119878e-15,0.0790083585618602,-1.20650877079009e-14,-1.29582164640849e-15,-1.90004636430273e-14,-8.81974130308279e-15,80,0.237788873409609,0.0790083585618945,7.38639615247588e-14,-3.42836870004248e-14,0.773758553262609,-6.27715701809296e-13,-9.77298959948314,-2.05850974727246e-14,-0.0429869122185295,1.24938539551573e-13,0,0,0,0,1,0.673086199299627,0.673086199299627,80,4.95812761994919e-12,2.74269496003399e-12
1.94,-2.2717414754161e-15,0.07900835856186,-1.21535980015665e-14,-1.30685046261501e-15,-1.8975324878124e-14,-8.82707846385385e-15,80,0.237788873409609,0.0790083585618945,7.38696619835881e-14,-3.44724249146111e-14,0.773758553262609,-6.27778590681324e-13,-9.77298959948314,-2.05850974727246e-14,-0.0429869122185295,1.24938539551573e-13,0,0,0,0,1,0.673086199299627,0.673086199299627,80,4.95162910959159e-12,2.75779399316889e-12
1.95,-2.29185670266688e-15,0.0790083585618599,-1.22421813961591e-14,-1.31788618566948e-15,-1.895057286345e-14,-8.83431621902195e-15,80,0.237788873409609,0.0790083585618945,7.38753940201488e-14,-3.46722650590436e-14,0.773758553262609,-6.27841430546921e-13,-9.77298959948314,-2.05850974727246e-14,-0.0429869122185295,1.24938539551573e-13,0,0,0,0,1,0.673086199299627,0.673086199299627,80,4.94512801040076e-12,2.77378120472349e-12
1.96,-2.31208800958758e-15,0.0790083585618597,-1.23308369046489e-14,-1.32892791262448e-15,-1.8926360752096e-14,-8.84145658395517e-15,80,0.237788873409609,0.0790083585618945,7.38811565130213e-14,-3.48610029732299e-14,0.773758553262609,-6.27904217509955e-13,-9.77298959948314,-2.05850974727246e-14,-0.0429869122185295,1.24938539551573e-13,0,0,0,0,1,0.673086199299627,0.673086199299627,80,4.93862431154114e-12,2.78888023785839e-12
1.97,-2.33243537545572e-15,0.0790083585618595,-1.2419563560053e-14,-1.33997475815993e-15,-1.89027426890943e-14,-8.84850154027847e-15,80,0.237788873409609,0.0790083585618945,7.3886948361916e-14,-3.50719453479087e-14,0.773758553262609,-6.27966947768451e-13,-9.77298959948314,-2.05850974727246e-14,-0.0429869122185295,1.24938539551573e-13,0,0,0,0,1,0.673086199299627,0.673086199299627,80,4.93211800221735e-12,2.8057556278327e-12
1.98,-2.35289877233854e-15,0.0790083585618593,-1.25083604150996e-14,-1.35102585434873e-15,-1.88793607946162e-14,-8.85545303637302e-15,80,0.237788873409609,0.0790083585618945,7.38927684873226e-14,-3.5260683262095e-14,0.773758553262609,-6.2802961761262e-13,-9.77298959948314,-2.05850974727246e-14,-0.0429869122185295,1.24938539551573e-13,0,0,0,0,1,0.673086199299627,0.673086199299627,80,4.92560907167394e-12,2.8208546609676e-12
1.99,-2.37347816523959e-15,0.0790083585618591,-1.25972265418971e-14,-1.36208035042255e-15,-1.88564659441186e-14,-8.86231298786951e-15,80,0.237788873409609,0.0790083585618945,7.38986158301651e-14,-3.5438318946035e-14,0.773758553262609,-6.28092223422934e-13,-9.77298959948314,-2.05850974727246e-14,-0.0429869122185295,1.24938539551573e-13,0,0,0,0,1,0.673086199299627,0.673086199299627,80,4.91909750919517e-12,2.8350655156828e-12
2,-2.39417351224341e-15,0.0790083585618589,-1.26861610316079e-14,-1.37313741253789e-15,-1.88340217601461e-14,-8.86908327813587e-15,80,0.237788873409609,0.0790083585618945,7.39044893514612e-14,-3.56492613207138e-14,0.773758553262609,-6.28154761668239e-13,-9.77298959948314,-2.05850974727246e-14,-0.0429869122185295,1.24938539551573e-13,0,0,0,0,1,0.673086199299627,0.673086199299627,80,4.91258330410484e-12,2.8519409056571e-12
2.01,-2.41498476465825e-15,0.0790083585618587,-1.27751629941273e-14,-1.38419622354243e-15,-1.88125157953965e-14,-8.87576575875911e-15,80,0.237788873409609,0.0790083585618945,7.39103880319879e-14,-3.58602036953926e-14,0.773758553262609,-6.282172289039e-13,-9.77298959948314,-2.05850974727246e-14,-0.0429869122185295,1.24938539551573e-13,0,0,0,0,1,0.673086199299627,0.673086199299627,80,4.90606644576601e-12,2.8688162956314e-12
2.02,-2.43591186715689e-15,0.0790083585618585,-1.28642315577667e-14,-1.39525598274203e-15,-1.87921956436832e-14,-8.8823622500215e-15,80,0.237788873409609,0.0790083585618946,7.39163108719508e-14,-3.60600438398251e-14,0.773758553262609,-6.28279621769994e-13,-9.77298959948315,-2.05850974727246e-14,-0.0429869122185295,1.24938539551573e-13,0,0,0,0,1,0.673086199299627,0.673086199299627,80,4.89954692358089e-12,2.88480350718601e-12
2.03,-2.4569547579154e-15,0.0790083585618583,-1.29533658689426e-14,-1.40631590566823e-15,-1.87731927528264e-14,-8.88887454137097e-15,80,0.237788873409609,0.0790083585618946,7.39222568906597e-14,-3.62709862145039e-14,0.77375855326261,-6.28341936989535e-13,-9.77298959948315,-2.05850974727246e-14,-0.0429869122185295,1.24938539551573e-13,0,0,0,0,1,0.673086199299627,0.673086199299627,80,4.89302472699058e-12,2.90167889716031e-12
2.04,-2.47811336875006e-15,0.0790083585618581,-1.30425650918691e-14,-1.41737522384665e-15,-1.87554490943072e-14,-8.89530439188597e-15,80,0.237788873409609,0.0790083585618946,7.39282251262079e-14,-3.64708263589364e-14,0.77375855326261,-6.28404171366735e-13,-9.77298959948315,-2.05850974727246e-14,-0.0429869122185295,1.24938539551573e-13,0,0,0,0,1,0.673086199299627,0.673086199299627,80,4.8864998454749e-12,2.91766610871491e-12
2.05,-2.49938762525225e-15,0.0790083585618579,-1.31318284082556e-14,-1.42843318456623e-15,-1.87386243807416e-14,-8.90165353073454e-15,80,0.237788873409609,0.0790083585618946,7.39342146351569e-14,-3.66817687336152e-14,0.77375855326261,-6.28466321785302e-13,-9.77298959948315,-2.05850974727246e-14,-0.0429869122185295,1.24938539551573e-13,0,0,0,0,1,0.673086199299627,0.673086199299627,80,4.87997226855218e-12,2.93454149868921e-12
2.06,-2.52077744692145e-15,0.0790083585618577,-1.32211550170096e-14,-1.43948905064949e-15,-1.87231366915599e-14,-8.9079236576279e-15,80,0.237788873409609,0.0790083585618946,7.39402244922262e-14,-3.68816088780477e-14,0.77375855326261,-6.28528385206775e-13,-9.77298959948315,-2.05850974727246e-14,-0.0429869122185295,1.24938539551573e-13,0,0,0,0,1,0.673086199299627,0.673086199299627,80,4.87344198577913e-12,2.95052871024382e-12
2.07,-2.54228274729628e-15,0.0790083585618575,-1.33105441339424e-14,-1.45054210022387e-15,-1.87091192425831e-14,-8.91411644326836e-15,80,0.237788873409609,0.0790083585618946,7.39462537899872e-14,-3.7070346792234e-14,0.77375855326261,-6.28590358668892e-13,-9.77298959948315,-2.05850974727246e-14,-0.0429869122185295,1.24938539551573e-13,0,0,0,0,1,0.673086199299627,0.673086199299627,80,4.86690898675058e-12,2.96562774337872e-12
2.08,-2.56390343408361e-15,0.0790083585618574,-1.33999949914816e-14,-1.46159162649436e-15,-1.86956700850187e-14,-8.9202335297918e-15,80,0.237788873409609,0.0790083585618946,7.39523016385619e-14,-3.72590847064203e-14,0.77375855326261,-6.28652239283988e-13,-9.77298959948315,-2.05850974727246e-14,-0.0429869122185295,1.24938539551573e-13,0,0,0,0,1,0.673086199299627,0.673086199299627,80,4.86037326109937e-12,2.98072677651362e-12
2.09,-2.58563940928579e-15,0.0790083585618572,-1.34895068383856e-14,-1.4726369375173e-15,-1.86844586747054e-14,-8.92627653120453e-15,80,0.237788873409609,0.0790083585618947,7.39583671653266e-14,-3.7470027081099e-14,0.773758553262611,-6.28714024237437e-13,-9.77298959948316,-2.05850974727246e-14,-0.0429869122185295,1.24938539551573e-13,0,0,0,0,1,0.673086199299627,0.673086199299627,80,4.85383479849616e-12,2.99760216648792e-12
2.1,-2.60749056932592e-15,0.079008358561857,-1.35790789394644e-14,-1.48367735597573e-15,-1.86743174206933e-14,-8.93224703381472e-15,80,0.237788873409609,0.0790083585618947,7.39644495146196e-14,-3.76587649952853e-14,0.773758553262611,-6.2877571078611e-13,-9.77298959948316,-2.05850974727246e-14,-0.0429869122185295,1.24938539551573e-13,0,0,0,0,1,0.673086199299627,0.673086199299627,80,4.84729358864921e-12,3.01270119962282e-12
2.11,-2.62945680517122e-15,0.0790083585618568,-1.36687105753033e-14,-1.49471221895611e-15,-1.86652864713394e-14,-8.93814659665844e-15,80,0.237788873409609,0.0790083585618947,7.39705478474538e-14,-3.78475029094716e-14,0.773758553262611,-6.28837296256887e-13,-9.77298959948316,-2.05850974727246e-14,-0.0429869122185295,1.24938539551573e-13,0,0,0,0,1,0.673086199299627,0.673086199299627,80,4.84074962130428e-12,3.02780023275773e-12
2.12,-2.65153800245457e-15,0.0790083585618566,-1.37584010419921e-14,-1.50574087772662e-15,-1.86571317138382e-14,-8.9439767519202e-15,80,0.237788873409609,0.0790083585618947,7.39766613412335e-14,-3.80362408236579e-14,0.773758553262611,-6.28898778045175e-13,-9.77298959948316,-2.05850974727246e-14,-0.0429869122185295,1.24938539551573e-13,0,0,0,0,1,0.673086199299627,0.673086199299627,80,4.83420288624444e-12,3.04289926589263e-12
2.13,-2.67373404159409e-15,0.0790083585618565,-1.38481496508572e-14,-1.51676269751708e-15,-1.86491686371174e-14,-8.94973900534818e-15,80,0.237788873409609,0.0790083585618947,7.3982789189476e-14,-3.82249787378441e-14,0.773758553262611,-6.28960153613478e-13,-9.77298959948316,-2.05850974727246e-14,-0.0429869122185295,1.24938539551573e-13,0,0,0,0,1,0.673086199299627,0.673086199299627,80,4.82765337328987e-12,3.05799829902753e-12
2.14,-2.69604479791094e-15,0.0790083585618563,-1.39379557281986e-14,-1.52777705730059e-15,-1.86422380730087e-14,-8.95543483666415e-15,80,0.237788873409609,0.0790083585618947,7.39889306015364e-14,-3.84137166520304e-14,0.773758553262611,-6.29021420489986e-13,-9.77298959948316,-2.05850974727246e-14,-0.0429869122185295,1.24938539551573e-13,0,0,0,0,1,0.673086199299627,0.673086199299627,80,4.82110107229777e-12,3.07309733216243e-12
2.15,-2.71847014174516e-15,0.0790083585618561,-1.40278186150313e-14,-1.53878334957691e-15,-1.86354371623101e-14,-8.96106569996802e-15,80,0.237788873409609,0.0790083585618947,7.39950848023384e-14,-3.86024545662167e-14,0.773758553262611,-6.29082576267196e-13,-9.77298959948316,-2.05850974727246e-14,-0.0429869122185295,1.24938539551573e-13,0,0,0,0,1,0.673086199299627,0.673086199299627,80,4.81454597316214e-12,3.08819636529734e-12
2.16,-2.74100993856982e-15,0.0790083585618559,-1.41177376668296e-14,-1.54978098015764e-15,-1.86294966787884e-14,-8.96663302413719e-15,80,0.237788873409609,0.0790083585618947,7.40012510321074e-14,-3.87800902501567e-14,0.773758553262611,-6.29143618600561e-13,-9.77298959948316,-2.05850974727246e-14,-0.0429869122185295,1.24938539551573e-13,0,0,0,0,1,0.673086199299627,0.673086199299627,80,4.80798806581365e-12,3.10240722001254e-12
2.17,-2.76366404910316e-15,0.0790083585618557,-1.42077122532769e-14,-1.56076936795331e-15,-1.86235561952666e-14,-8.97213821322069e-15,80,0.237788873409609,0.0790083585618947,7.40074285461097e-14,-3.89577259340967e-14,0.773758553262611,-6.2920454520717e-13,-9.77298959948316,-2.05850974727246e-14,-0.0429869122185295,1.24938539551573e-13,0,0,0,0,1,0.673086199299627,0.673086199299627,80,4.80142734021949e-12,3.11661807472774e-12
2.18,-2.78643232941911e-15,0.0790083585618556,-1.42977417580177e-14,-1.57174794476236e-15,-1.8617693503791e-14,-8.97758264682811e-15,80,0.237788873409609,0.0790083585618947,7.40136166143938e-14,-3.91575660785293e-14,0.773758553262611,-6.29265353864454e-13,-9.77298959948316,-2.05850974727246e-14,-0.0429869122185295,1.24938539551573e-13,0,0,0,0,1,0.673086199299627,0.673086199299627,80,4.79486378638323e-12,3.13260528628234e-12
2.19,-2.80931463105585e-15,0.0790083585618554,-1.43878255784149e-14,-1.58271615506209e-15,-1.86123470686214e-14,-8.9829676805134e-15,80,0.237788873409609,0.0790083585618947,7.40198145215373e-14,-3.93574062229618e-14,0.773758553262611,-6.29326042408917e-13,-9.77298959948316,-2.05850974727246e-14,-0.0429869122185295,1.24938539551573e-13,0,0,0,0,1,0.673086199299627,0.673086199299627,80,4.78829739434465e-12,3.14859249783694e-12
2.2,-2.83231080112273e-15,0.0790083585618552,-1.44779631253104e-14,-1.59367345580168e-15,-1.86072080789081e-14,-8.9882946461536e-15,80,0.237788873409609,0.0790083585618947,7.40260215663975e-14,-3.95461441371481e-14,0.773758553262612,-6.29386608734897e-13,-9.77298959948317,-2.05850974727246e-14,-0.0429869122185295,1.24938539551573e-13,0,0,0,0,1,0.673086199299627,0.673086199299627,80,4.78172815417958e-12,3.16369153097185e-12
2.21,-2.85542068240533e-15,0.079008358561855,-1.45681538227894e-14,-1.60461931619716e-15,-1.86033916276456e-14,-8.99356485232243e-15,80,0.237788873409609,0.0790083585618947,7.40322370618647e-14,-3.97237798210881e-14,0.773758553262612,-6.29447050793352e-13,-9.77298959948317,-2.05850974727246e-14,-0.0429869122185295,1.24938539551573e-13,0,0,0,0,1,0.673086199299627,0.673086199299627,80,4.77515605599981e-12,3.17790238568705e-12
2.22,-2.8786441134688e-15,0.0790083585618548,-1.46583971079481e-14,-1.61555321752855e-15,-1.85996293214151e-14,-8.99877958465902e-15,80,0.237788873409609,0.0790083585618947,7.40384603346214e-14,-3.99014155050281e-14,0.773758553262612,-6.29507366590671e-13,-9.77298959948317,-2.05850974727246e-14,-0.0429869122185295,1.24938539551573e-13,0,0,0,0,1,0.673086199299627,0.673086199299627,80,4.76858108995289e-12,3.19211324040225e-12
2.23,-2.90198092875951e-15,0.0790083585618547,-1.47486924306663e-14,-1.62647465293912e-15,-1.8596140050422e-14,-9.00394010623147e-15,80,0.237788873409609,0.0790083585618947,7.40446907249037e-14,-4.00679489587219e-14,0.773758553262612,-6.29567554187511e-13,-9.77298959948317,-2.05850974727246e-14,-0.0429869122185295,1.24938539551573e-13,0,0,0,0,1,0.673086199299627,0.673086199299627,80,4.76200324622203e-12,3.20543591669775e-12
2.24,-2.92543095870493e-15,0.0790083585618545,-1.48390392533819e-14,-1.63738312723673e-15,-1.85929717925437e-14,-9.00904765789564e-15,80,0.237788873409609,0.0790083585618947,7.40509275862672e-14,-4.02455846426619e-14,0.773758553262612,-6.29627611697657e-13,-9.77298959948317,-2.05850974727246e-14,-0.0429869122185295,1.24938539551573e-13,0,0,0,0,1,0.673086199299627,0.673086199299627,80,4.75542251502592e-12,3.21964677141295e-12
2.25,-2.94899402981189e-15,0.0790083585618543,-1.49294370508705e-14,-1.64827815669747e-15,-1.85898035346655e-14,-9.01410345864897e-15,80,0.237788873409609,0.0790083585618947,7.40571702853563e-14,-4.04343225568482e-14,0.773758553262612,-6.29687537286907e-13,-9.77298959948317,-2.05850974727246e-14,-0.0429869122185295,1.24938539551573e-13,0,0,0,0,1,0.673086199299627,0.673086199299627,80,4.74883888661864e-12,3.23474580454786e-12
2.26,-2.97266996476305e-15,0.0790083585618541,-1.50198853100275e-14,-1.65915926887136e-15,-1.85866352767872e-14,-9.01910870597943e-15,80,0.237788873409609,0.0790083585618947,7.40634182016779e-14,-4.06119582407882e-14,0.773758553262612,-6.29747329171978e-13,-9.77298959948317,-2.05850974727246e-14,-0.0429869122185295,1.24938539551573e-13,0,0,0,0,1,0.673086199299627,0.673086199299627,80,4.74225235128949e-12,3.24895665926306e-12
2.27,-2.99645858251186e-15,0.0790083585618539,-1.51103835296543e-14,-1.6700260023904e-15,-1.85834670189089e-14,-9.02406457620977e-15,80,0.237788873409609,0.0790083585618947,7.40696707273775e-14,-4.08006961549745e-14,0.773758553262612,-6.29806985619442e-13,-9.77298959948317,-2.05850974727246e-14,-0.0429869122185295,1.24938539551573e-13,0,0,0,0,1,0.673086199299627,0.673086199299627,80,4.73566289936287e-12,3.26405569239796e-12
2.28,-3.02035969837577e-15,0.0790083585618538,-1.52009312202476e-14,-1.68087790677876e-15,-1.85804284144408e-14,-9.02897222483691e-15,80,0.237788873409609,0.0790083585618948,7.407592726702e-14,-4.09894340691608e-14,0.773758553262612,-6.29866504944677e-13,-9.77298959948317,-2.05850974727246e-14,-0.0429869122185295,1.24938539551573e-13,0,0,0,0,1,0.673086199299627,0.673086199299627,80,4.72907052119813e-12,3.27915472553286e-12
2.29,-3.04437312412785e-15,0.0790083585618536,-1.52915279037921e-14,-1.69171454226533e-15,-1.85781365221576e-14,-9.03383278686662e-15,80,0.237788873409609,0.0790083585618948,7.40821872373736e-14,-4.11670697531008e-14,0.773758553262612,-6.29925885510841e-13,-9.77298959948317,-2.05850974727246e-14,-0.0429869122185295,1.24938539551573e-13,0,0,0,0,1,0.673086199299627,0.673086199299627,80,4.72247520718945e-12,3.29336558024806e-12
2.3,-3.06849866808683e-15,0.0790083585618534,-1.53821731135568e-14,-1.70253547959844e-15,-1.85765523932184e-14,-9.03864737714357e-15,80,0.237788873409609,0.0790083585618948,7.40884500671969e-14,-4.13558076672871e-14,0.773758553262612,-6.29985125727873e-13,-9.77298959948317,-2.05850974727246e-14,-0.0429869122185295,1.24938539551573e-13,0,0,0,0,1,0.673086199299627,0.673086199299627,80,4.71587694776573e-12,3.30846461338297e-12
2.31,-3.09273613520554e-15,0.0790083585618532,-1.54728663938941e-14,-1.71334029986295e-15,-1.85749682642793e-14,-9.04341709067678e-15,80,0.237788873409609,0.0790083585618948,7.409471519703e-14,-4.15334433512271e-14,0.773758553262612,-6.30044224051508e-13,-9.77298959948317,-2.05850974727246e-14,-0.0429869122185295,1.24938539551573e-13,0,0,0,0,1,0.673086199299627,0.673086199299627,80,4.70927573339041e-12,3.32267546809817e-12
2.32,-3.11708532715781e-15,0.079008358561853,-1.55636073000428e-14,-1.72412859429957e-15,-1.85733841353402e-14,-9.04814300296032e-15,80,0.237788873409609,0.0790083585618948,7.41009820789882e-14,-4.17110790351671e-14,0.773758553262612,-6.30103178982318e-13,-9.77298959948317,-2.05850974727246e-14,-0.0429869122185295,1.24938539551573e-13,0,0,0,0,1,0.673086199299627,0.673086199299627,80,4.70267155456139e-12,3.33688632281337e-12
2.33,-3.14154604242377e-15,0.0790083585618529,-1.56543953979336e-14,-1.73489996412652e-15,-1.8571800006401e-14,-9.05282617028972e-15,80,0.237788873409609,0.0790083585618948,7.41072501765603e-14,-4.18887147191072e-14,0.773758553262612,-6.30161989064773e-13,-9.77298959948317,-2.05850974727246e-14,-0.0429869122185295,1.24938539551573e-13,0,0,0,0,1,0.673086199299627,0.673086199299627,80,4.69606440181087e-12,3.35109717752857e-12
2.34,-3.1661180763737e-15,0.0790083585618527,-1.57452302639984e-14,-1.74565402036347e-15,-1.85702158774619e-14,-9.05746763007363e-15,80,0.237788873409609,0.0790083585618948,7.41135189644084e-14,-4.20663504030472e-14,0.773758553262612,-6.30220652886316e-13,-9.77298959948317,-2.05850974727246e-14,-0.0429869122185295,1.24938539551573e-13,0,0,0,0,1,0.673086199299627,0.673086199299627,80,4.68945426570526e-12,3.36530803224377e-12
2.35,-3.19080122135034e-15,0.0790083585618525,-1.58361114849819e-14,-1.75639038365782e-15,-1.85686317485228e-14,-9.06206840114124e-15,80,0.237788873409609,0.0790083585618948,7.41197879281729e-14,-4.22550883172335e-14,0.773758553262612,-6.30279169076465e-13,-9.77298959948317,-2.05850974727246e-14,-0.0429869122185295,1.24938539551573e-13,0,0,0,0,1,0.673086199299627,0.673086199299627,80,4.68284113684501e-12,3.38040706537868e-12
2.36,-3.21559526674972e-15,0.0790083585618523,-1.59270386577573e-14,-1.76710868411322e-15,-1.85670735502657e-14,-9.06662948404512e-15,80,0.237788873409609,0.0790083585618948,7.41260565642789e-14,-4.2454928461666e-14,0.773758553262612,-6.30337536305928e-13,-9.77298959948317,-2.05850974727246e-14,-0.0429869122185295,1.24938539551573e-13,0,0,0,0,1,0.673086199299627,0.673086199299627,80,4.6762250058645e-12,3.39639427693328e-12
2.37,-3.24049999910048e-15,0.0790083585618521,-1.60180113891442e-14,-1.7778085611205e-15,-1.85658430215361e-14,-9.07115186135986e-15,80,0.237788873409609,0.0790083585618948,7.4132324379747e-14,-4.2632564145606e-14,0.773758553262612,-6.3039575328574e-13,-9.77298959948317,-2.05850974727246e-14,-0.0429869122185295,1.24938539551573e-13,0,0,0,0,1,0.673086199299627,0.673086199299627,80,4.66960586343195e-12,3.41060513164848e-12
2.38,-3.26551520214186e-15,0.079008358561852,-1.61090292957297e-14,-1.78848966319081e-15,-1.85646124928066e-14,-9.07563649797624e-15,80,0.237788873409609,0.0790083585618948,7.41385908920066e-14,-4.2810199829546e-14,0.773758553262612,-6.3045381876642e-13,-9.77298959948317,-2.05850974727246e-14,-0.0429869122185295,1.24938539551573e-13,0,0,0,0,1,0.673086199299627,0.673086199299627,80,4.66298370024925e-12,3.42481598636368e-12
2.39,-3.29064065690015e-15,0.0790083585618518,-1.62000920036925e-14,-1.79915164779115e-15,-1.85633819640771e-14,-9.08008434139126e-15,80,0.237788873409609,0.0790083585618948,7.41448556287127e-14,-4.29878355134861e-14,0.773758553262612,-6.30511731537137e-13,-9.77298959948317,-2.05850974727246e-14,-0.0429869122185295,1.24938539551573e-13,0,0,0,0,1,0.673086199299627,0.673086199299627,80,4.65635850705188e-12,3.43902684107888e-12
2.4,-3.31587614176376e-15,0.0790083585618516,-1.62911991486299e-14,-1.80979418118212e-15,-1.85631839479597e-14,-9.08449632199384e-15,80,0.237788873409609,0.0790083585618948,7.41511181275649e-14,-4.31765734276723e-14,0.773758553262612,-6.30569490424906e-13,-9.77298959948317,-2.05850974727246e-14,-0.0429869122185295,1.24938539551573e-13,0,0,0,0,1,0.673086199299627,0.673086199299627,80,4.64973027460873e-12,3.45412587421379e-12
2.41,-3.34122143255697e-15,0.0790083585618514,-1.63823503753875e-14,-1.820416938258e-15,-1.85629859318423e-14,-9.08887335334641e-15,80,0.237788873409609,0.0790083585618948,7.41573779361302e-14,-4.33542091116124e-14,0.773758553262612,-6.30627094293787e-13,-9.77298959948317,-2.05850974727246e-14,-0.0429869122185295,1.24938539551573e-13,0,0,0,0,1,0.673086199299627,0.673086199299627,80,4.64309899372207e-12,3.46833672892899e-12
2.42,-3.36667630261224e-15,0.0790083585618512,-1.64735453378921e-14,-1.83101960238913e-15,-1.85627879157249e-14,-9.09321633246237e-15,80,0.237788873409609,0.0790083585618948,7.41636346116684e-14,-4.35318447955524e-14,0.773758553262612,-6.30684542044117e-13,-9.77298959948317,-2.05850974727246e-14,-0.0429869122185295,1.24938539551573e-13,0,0,0,0,1,0.673086199299627,0.673086199299627,80,4.63646465522733e-12,3.48254758364419e-12
2.43,-3.39224052284118e-15,0.0790083585618511,-1.65647836989867e-14,-1.84160186526654e-15,-1.85625898996076e-14,-9.09752614007937e-15,80,0.237788873409609,0.0790083585618948,7.41698877209605e-14,-4.37205827097387e-14,0.773758553262612,-6.30741832611741e-13,-9.77298959948317,-2.05850974727246e-14,-0.0429869122185295,1.24938539551573e-13,0,0,0,0,1,0.673086199299627,0.673086199299627,80,4.62982724999306e-12,3.49764661677909e-12
2.44,-3.41791386180425e-15,0.0790083585618509,-1.66560651302686e-14,-1.85216342674886e-15,-1.85623918834902e-14,-9.10180364092866e-15,80,0.237788873409609,0.0790083585618948,7.41761368401392e-14,-4.38982183936787e-14,0.773758553262612,-6.30798964967272e-13,-9.77298959948317,-2.05850974727246e-14,-0.0429869122185295,1.24938539551573e-13,0,0,0,0,1,0.673086199299627,0.673086199299627,80,4.62318676892078e-12,3.5118574714943e-12
2.45,-3.44369608577908e-15,0.0790083585618507,-1.67473893119305e-14,-1.86270399471146e-15,-1.85621938673728e-14,-9.10604968400035e-15,80,0.237788873409609,0.0790083585618948,7.41823815545237e-14,-4.4086956307865e-14,0.773758553262612,-6.30855938115361e-13,-9.77298959948317,-2.05850974727246e-14,-0.0429869122185295,1.24938539551573e-13,0,0,0,0,1,0.673086199299627,0.673086199299627,80,4.61654320294484e-12,3.5269565046292e-12
2.46,-3.46958695882755e-15,0.0790083585618505,-1.68387559326037e-14,-1.87322328489788e-15,-1.85619958512554e-14,-9.11026510280482e-15,80,0.237788873409609,0.0790083585618948,7.41886214584557e-14,-4.4264591991805e-14,0.773758553262612,-6.3091275109398e-13,-9.77298959948317,-2.05850974727246e-14,-0.0429869122185295,1.24938539551573e-13,0,0,0,0,1,0.673086199299627,0.673086199299627,80,4.60989654303235e-12,3.5411673593444e-12
2.47,-3.49558624286157e-15,0.0790083585618503,-1.6930164689204e-14,-1.88372102077341e-15,-1.8561684120146e-14,-9.11445071563009e-15,80,0.237788873409609,0.0790083585618948,7.4194856155139e-14,-4.4442227675745e-14,0.773758553262612,-6.30969402973731e-13,-9.77298959948317,-2.05850974727246e-14,-0.0429869122185295,1.24938539551573e-13,0,0,0,0,1,0.673086199299627,0.673086199299627,80,4.60324678018303e-12,3.5553782140596e-12
2.48,-3.52169369770764e-15,0.0790083585618502,-1.70216152867804e-14,-1.89419693338099e-15,-1.85620801523808e-14,-9.11860732579541e-15,80,0.237788873409609,0.0790083585618948,7.42010852564814e-14,-4.46087611294388e-14,0.773758553262612,-6.31025892857151e-13,-9.77298959948317,-2.05850974727246e-14,-0.0429869122185295,1.24938539551573e-13,0,0,0,0,1,0.673086199299627,0.673086199299627,80,4.59659390542911e-12,3.5687008903551e-12
2.49,-3.54790908117016e-15,0.07900835856185,-1.71131074383664e-14,-1.90465076119923e-15,-1.85624761846156e-14,-9.12273572190105e-15,80,0.237788873409609,0.0790083585618948,7.42073083829395e-14,-4.47863968133788e-14,0.773758553262612,-6.3108221987805e-13,-9.77298959948317,-2.05850974727246e-14,-0.0429869122185295,1.24938539551573e-13,0,0,0,0,1,0.673086199299627,0.673086199299627,80,4.5899379098352e-12,3.58291174507031e-12
2.5,-3.57423214909351e-15,0.0790083585618498,-1.72046408648331e-14,-1.91508225000262e-15,-1.85628722168504e-14,-9.12683667807425e-15,80,0.237788873409609,0.0790083585618948,7.42135251633661e-14,-4.49640324973188e-14,0.773758553262612,-6.31138383200854e-13,-9.77298959948317,-2.05850974727246e-14,-0.0429869122185295,1.24938539551573e-13,0,0,0,0,1,0.673086199299627,0.673086199299627,80,4.58327878449821e-12,3.59712259978551e-12
2.51,-3.60066265542298e-15,0.0790083585618496,-1.72962152947458e-14,-1.92549115272397e-15,-1.85632682490852e-14,-9.1309109542115e-15,80,0.237788873409609,0.0790083585618948,7.42197352348596e-14,-4.51527704115051e-14,0.773758553262612,-6.31194382019956e-13,-9.77298959948317,-2.05850974727246e-14,-0.0429869122185295,1.24938539551573e-13,0,0,0,0,1,0.673086199299627,0.673086199299627,80,4.57661652054717e-12,3.61222163292041e-12
2.52,-3.6272003522645e-15,0.0790083585618494,-1.73878304642219e-14,-1.93587722931892e-15,-1.856366428132e-14,-9.13495929621709e-15,80,0.237788873409609,0.0790083585618948,7.42259382426166e-14,-4.53415083256914e-14,0.773758553262612,-6.31250215559097e-13,-9.77298959948317,-2.05850974727246e-14,-0.0429869122185295,1.24938539551573e-13,0,0,0,0,1,0.673086199299627,0.673086199299627,80,4.56995110914318e-12,3.62732066605531e-12
2.53,-3.65384498994321e-15,0.0790083585618492,-1.74794861167923e-14,-1.94624024663262e-15,-1.85640603135547e-14,-9.13898243623806e-15,80,0.237788873409609,0.0790083585618948,7.42321338397865e-14,-4.55191440096314e-14,0.773758553262612,-6.31305883070741e-13,-9.77298959948317,-2.05850974727246e-14,-0.0429869122185295,1.24938539551573e-13,0,0,0,0,1,0.673086199299627,0.673086199299627,80,4.56328254147928e-12,3.64153152077051e-12
2.54,-3.68059631706088e-15,0.0790083585618491,-1.75711820032639e-14,-1.95657997826854e-15,-1.85644563457895e-14,-9.1429810928955e-15,80,0.237788873409609,0.0790083585618948,7.4238321687329e-14,-4.56967796935714e-14,0.773758553262612,-6.31361383835478e-13,-9.77298959948317,-2.05850974727246e-14,-0.0429869122185295,1.24938539551573e-13,0,0,0,0,1,0.673086199299627,0.673086199299627,80,4.55661080878031e-12,3.65574237548572e-12
2.55,-3.70745408055226e-15,0.0790083585618489,-1.76629178815857e-14,-1.96689620445937e-15,-1.85648523780243e-14,-9.1469559715124e-15,80,0.237788873409609,0.0790083585618948,7.42445014538732e-14,-4.58744153775115e-14,0.773758553262612,-6.3141671716143e-13,-9.77298959948317,-2.05850974727246e-14,-0.0429869122185295,1.24938539551573e-13,0,0,0,0,1,0.673086199299627,0.673086199299627,80,4.54993590230283e-12,3.66995323020092e-12
2.56,-3.73441802574026e-15,0.0790083585618487,-1.7754693516716e-14,-1.97718871193993e-15,-1.85652484102591e-14,-9.15090776433788e-15,80,0.237788873409609,0.0790083585618948,7.42506728155804e-14,-4.60520510614515e-14,0.773758553262612,-6.31471882383675e-13,-9.77298959948317,-2.05850974727246e-14,-0.0429869122185295,1.24938539551573e-13,0,0,0,0,1,0.673086199299627,0.673086199299627,80,4.54325781333499e-12,3.68416408491612e-12
2.57,-3.76148789639013e-15,0.0790083585618485,-1.78465086804928e-14,-1.98745729382227e-15,-1.85656444424939e-14,-9.15483715076801e-15,80,0.237788873409609,0.0790083585618948,7.42568354560073e-14,-4.62407889756378e-14,0.773758553262612,-6.31526878863677e-13,-9.77298959948317,-2.05850974727246e-14,-0.0429869122185295,1.24938539551573e-13,0,0,0,0,1,0.673086199299627,0.673086199299627,80,4.53657653319642e-12,3.69926311805102e-12
2.58,-3.78866343476246e-15,0.0790083585618483,-1.79383631515057e-14,-1.99770174947263e-15,-1.85660404747287e-14,-9.15874479756323e-15,80,0.237788873409609,0.0790083585618948,7.42629890659736e-14,-4.6429526889824e-14,0.773758553262612,-6.31581705988736e-13,-9.77298959948317,-2.05850974727246e-14,-0.0429869122185295,1.24938539551573e-13,0,0,0,0,1,0.673086199299627,0.673086199299627,80,4.52989205323814e-12,3.71436215118592e-12
2.59,-3.81594438166527e-15,0.0790083585618482,-1.80302567149703e-14,-2.00792188439061e-15,-1.85664365069634e-14,-9.16263135906236e-15,80,0.237788873409609,0.0790083585618948,7.42691333434302e-14,-4.66071625737641e-14,0.773758553262612,-6.3163636317144e-13,-9.77298959948317,-2.05850974727246e-14,-0.0429869122185295,1.24938539551573e-13,0,0,0,0,1,0.673086199299627,0.673086199299627,80,4.52320436484239e-12,3.72857300590113e-12
2.6,-3.84333047650493e-15,0.079008358561848,-1.81221891626045e-14,-2.01811751009013e-15,-1.85668325391982e-14,-9.16649747739329e-15,80,0.237788873409609,0.0790083585618948,7.42752679933304e-14,-4.67847982577041e-14,0.773758553262612,-6.31690849849139e-13,-9.77298959948317,-2.05850974727246e-14,-0.0429869122185295,1.24938539551573e-13,0,0,0,0,1,0.673086199299627,0.673086199299627,80,4.51651345942261e-12,3.74278386061633e-12
2.61,-3.87082145733617e-15,0.0790083585618478,-1.82141602925075e-14,-2.02828844398254e-15,-1.8567228571433e-14,-9.17034378268035e-15,80,0.237788873409609,0.0790083585618948,7.42813927275034e-14,-4.69624339416441e-14,0.773758553262612,-6.31745165483417e-13,-9.77298959948317,-2.05850974727246e-14,-0.0429869122185295,1.24938539551573e-13,0,0,0,0,1,0.673086199299627,0.673086199299627,80,4.50981932842324e-12,3.75699471533153e-12
2.62,-3.89841706091106e-15,0.0790083585618476,-1.83061699090397e-14,-2.03843450926157e-15,-1.85676246036678e-14,-9.1741708932485e-15,80,0.237788873409609,0.0790083585618948,7.42875072645291e-14,-4.71511718558304e-14,0.773758553262612,-6.31799309559586e-13,-9.77298959948317,-2.05850974727246e-14,-0.0429869122185295,1.24938539551573e-13,0,0,0,0,1,0.673086199299627,0.673086199299627,80,4.50312196331966e-12,3.77209374846643e-12
2.63,-3.92611702272696e-15,0.0790083585618474,-1.83982178227063e-14,-2.04855553479023e-15,-1.85680206359026e-14,-9.17797941582427e-15,80,0.237788873409609,0.0790083585618948,7.42936113296163e-14,-4.73288075397704e-14,0.773758553262612,-6.31853281586186e-13,-9.77298959948317,-2.05850974727246e-14,-0.0429869122185295,1.24938539551573e-13,0,0,0,0,1,0.673086199299627,0.673086199299627,80,4.49642135561809e-12,3.78630460318163e-12
2.64,-3.95392107707362e-15,0.0790083585618473,-1.84903038500408e-14,-2.05865135498966e-15,-1.85684166681373e-14,-9.1817699457335e-15,80,0.237788873409609,0.0790083585618948,7.42997046544815e-14,-4.75064432237104e-14,0.773758553262612,-6.31907081094496e-13,-9.77298959948317,-2.05850974727246e-14,-0.0429869122185295,1.24938539551573e-13,0,0,0,0,1,0.673086199299627,0.673086199299627,80,4.48971749685543e-12,3.80051545789684e-12
2.65,-3.98182895707918e-15,0.0790083585618471,-1.85824278134927e-14,-2.06872180972978e-15,-1.85688127003721e-14,-9.18554306709605e-15,80,0.237788873409609,0.0790083585618948,7.43057869772312e-14,-4.76840789076505e-14,0.773758553262612,-6.3196070763805e-13,-9.77298959948317,-2.05850974727246e-14,-0.0429869122185295,1.24938539551573e-13,0,0,0,0,1,0.673086199299627,0.673086199299627,80,4.48301037859919e-12,3.81472631261204e-12
2.66,-4.00984039475541e-15,0.0790083585618469,-1.86745895413153e-14,-2.07876674422188e-15,-1.85692087326069e-14,-9.18929935301735e-15,80,0.237788873409609,0.0790083585618948,7.43118580422451e-14,-4.78728168218367e-14,0.773758553262612,-6.32014160792173e-13,-9.77298959948317,-2.05850974727246e-14,-0.0429869122185295,1.24938539551573e-13,0,0,0,0,1,0.673086199299627,0.673086199299627,80,4.47629999244738e-12,3.82982534574694e-12
2.67,-4.03795512104188e-15,0.0790083585618467,-1.87667888674565e-14,-2.088786008913e-15,-1.85696047648417e-14,-9.19303936577696e-15,80,0.237788873409609,0.0790083585618948,7.43179176000619e-14,-4.8061554736023e-14,0.773758553262612,-6.32067440153518e-13,-9.77298959948317,-2.05850974727246e-14,-0.0429869122185295,1.24938539551573e-13,0,0,0,0,1,0.673086199299627,0.673086199299627,80,4.46958633002839e-12,3.84492437888184e-12
2.68,-4.06617286584933e-15,0.0790083585618465,-1.88590256314512e-14,-2.09877945938214e-15,-1.85700007970765e-14,-9.1967636570141e-15,80,0.237788873409609,0.0790083585618948,7.43239654072668e-14,-4.82391904199631e-14,0.773758553262612,-6.32120545339617e-13,-9.77298959948317,-2.05850974727246e-14,-0.0429869122185295,1.24938539551573e-13,0,0,0,0,1,0.673086199299627,0.673086199299627,80,4.46286938300088e-12,3.85913523359704e-12
2.69,-4.09449335810214e-15,0.0790083585618464,-1.89512996783152e-14,-2.10874695623824e-15,-1.85703968293113e-14,-9.20047276791024e-15,80,0.237788873409609,0.0790083585618948,7.4330001226381e-14,-4.84168261039031e-14,0.773758553262612,-6.32173475988437e-13,-9.77298959948317,-2.05850974727246e-14,-0.0429869122185295,1.24938539551573e-13,0,0,0,0,1,0.673086199299627,0.673086199299627,80,4.45614914305367e-12,3.87334608831225e-12
2.7,-4.12291632577988e-15,0.0790083585618462,-1.90436108584413e-14,-2.11868836501999e-15,-1.8570792861546e-14,-9.20416722936877e-15,80,0.237788873409609,0.0790083585618948,7.43360248257529e-14,-4.85944617878431e-14,0.773758553262612,-6.3222623175795e-13,-9.77298959948317,-2.05850974727246e-14,-0.0429869122185295,1.24938539551573e-13,0,0,0,0,1,0.673086199299627,0.673086199299627,80,4.44942560190566e-12,3.88755694302745e-12
2.71,-4.15144149595807e-15,0.079008358561846,-1.91359590274974e-14,-2.12860355609728e-15,-1.85711888937808e-14,-9.20784756219179e-15,80,0.237788873409609,0.0790083585618948,7.43420359794516e-14,-4.87720974717831e-14,0.773758553262612,-6.3227881232571e-13,-9.77298959948317,-2.05850974727246e-14,-0.0429869122185295,1.24938539551573e-13,0,0,0,0,1,0.673086199299627,0.673086199299627,80,4.44269875130568e-12,3.90176779774265e-12
2.72,-4.1800685948481e-15,0.0790083585618458,-1.92283440463254e-14,-2.13849240457446e-15,-1.85715849260156e-14,-9.21151427725409e-15,80,0.237788873409609,0.0790083585618948,7.4348034467162e-14,-4.89386309254769e-14,0.773758553262612,-6.32331217388434e-13,-9.77298959948317,-2.05850974727246e-14,-0.0429869122185295,1.24938539551573e-13,0,0,0,0,1,0.673086199299627,0.673086199299627,80,4.43596858303241e-12,3.91509047403815e-12
2.73,-4.20879734783624e-15,0.0790083585618456,-1.93207657808433e-14,-2.14835479019529e-15,-1.85719809582504e-14,-9.21516787567425e-15,80,0.237788873409609,0.0790083585618948,7.43540200740811e-14,-4.91273688396632e-14,0.773758553262612,-6.323834466616e-13,-9.77298959948317,-2.05850974727246e-14,-0.0429869122185295,1.24938539551573e-13,0,0,0,0,1,0.673086199299627,0.673086199299627,80,4.42923508889428e-12,3.93018950717305e-12
2.74,-4.23762747952198e-15,0.0790083585618455,-1.94132241019474e-14,-2.15819059724949e-15,-1.85723769904852e-14,-9.21880884898312e-15,80,0.237788873409609,0.0790083585618948,7.43599925908173e-14,-4.93050045236032e-14,0.773758553262612,-6.32435499879044e-13,-9.77298959948317,-2.05850974727246e-14,-0.0429869122185295,1.24938539551573e-13,0,0,0,0,1,0.673086199299627,0.673086199299627,80,4.42249826072932e-12,3.94440036188826e-12
2.75,-4.26655871375547e-15,0.0790083585618453,-1.95057188854173e-14,-2.16799971448103e-15,-1.857277302272e-14,-9.22243767928942e-15,80,0.237788873409609,0.0790083585618948,7.43659518132905e-14,-4.94826402075432e-14,0.773758553262612,-6.32487376792577e-13,-9.77298959948317,-2.05850974727246e-14,-0.0429869122185295,1.24938539551573e-13,0,0,0,0,1,0.673086199299627,0.673086199299627,80,4.41575809040512e-12,3.95861121660346e-12
2.76,-4.2955907736742e-15,0.0790083585618451,-1.95982500118225e-14,-2.17778203499798e-15,-1.85731690549547e-14,-9.2260548394428e-15,80,0.237788873409609,0.0790083585618948,7.43718975426339e-14,-4.96602758914833e-14,0.773758553262612,-6.32539077171594e-13,-9.77298959948317,-2.05850974727246e-14,-0.0429869122185295,1.24938539551573e-13,0,0,0,0,1,0.673086199299627,0.673086199299627,80,4.40901456981866e-12,3.97282207131866e-12
2.77,-4.32472338173898e-15,0.0790083585618449,-1.96908173664297e-14,-2.18753745618403e-15,-1.85735650871895e-14,-9.22966079319416e-15,80,0.237788873409609,0.0790083585618948,7.43778295850983e-14,-4.98379115754233e-14,0.773758553262612,-6.32590600802706e-13,-9.77298959948317,-2.05850974727246e-14,-0.0429869122185295,1.24938539551573e-13,0,0,0,0,1,0.673086199299627,0.673086199299627,80,4.40226769089623e-12,3.98703292603386e-12
2.78,-4.35395625976907e-15,0.0790083585618447,-1.97834208391128e-14,-2.19726587961153e-15,-1.85739611194243e-14,-9.2332559953534e-15,80,0.237788873409609,0.0790083585618948,7.43837477519571e-14,-5.00266494896096e-14,0.773758553262612,-6.32641947489368e-13,-9.77298959948317,-2.05850974727246e-14,-0.0429869122185295,1.24938539551573e-13,0,0,0,0,1,0.673086199299627,0.673086199299627,80,4.39551744559335e-12,4.00213195916876e-12
2.79,-4.38328912897664e-15,0.0790083585618446,-1.98760603242639e-14,-2.20696721095611e-15,-1.85743571516591e-14,-9.23684089194461e-15,80,0.237788873409609,0.0790083585618948,7.43896518594134e-14,-5.02042851735496e-14,0.773758553262612,-6.32693117051524e-13,-9.77298959948317,-2.05850974727246e-14,-0.0429869122185295,1.24938539551573e-13,0,0,0,0,1,0.673086199299627,0.673086199299627,80,4.38876382589462e-12,4.01634281388397e-12
2.8,-4.41272171000049e-15,0.0790083585618444,-1.99687357207056e-14,-2.21664135991288e-15,-1.85747531838939e-14,-9.24041592035869e-15,80,0.237788873409609,0.0790083585618948,7.4395541728509e-14,-5.03819208574896e-14,0.773758553262612,-6.3274410932525e-13,-9.77298959948317,-2.05850974727246e-14,-0.0429869122185295,1.24938539551573e-13,0,0,0,0,1,0.673086199299627,0.673086199299627,80,4.38200682381363e-12,4.03055366859917e-12
2.81,-4.44225372293905e-15,0.0790083585618442,-2.00614469316057e-14,-2.22628824011402e-15,-1.85751492161287e-14,-9.24398150950356e-15,80,0.237788873409609,0.0790083585618948,7.44014171850341e-14,-5.05595565414296e-14,0.773758553262612,-6.32794924162414e-13,-9.77298959948317,-2.05850974727246e-14,-0.0429869122185295,1.24938539551573e-13,0,0,0,0,1,0.673086199299627,0.673086199299627,80,4.37524643139287e-12,4.04476452331437e-12
2.82,-4.4718848873827e-15,0.079008358561844,-2.01541938643925e-14,-2.23590776904803e-15,-1.85753557233769e-14,-9.24753807995179e-15,80,0.237788873409609,0.0790083585618948,7.44072780594396e-14,-5.07482944556159e-14,0.773758553262612,-6.32845561430332e-13,-9.77298959948317,-2.05850974727246e-14,-0.0429869122185295,1.24938539551573e-13,0,0,0,0,1,0.673086199299627,0.673086199299627,80,4.3684826407036e-12,4.05986355644927e-12
2.83,-4.50161492244536e-15,0.0790083585618438,-2.0246976430672e-14,-2.24549986798032e-15,-1.85757517556116e-14,-9.25108604408589e-15,80,0.237788873409609,0.0790083585618948,7.44131241867501e-14,-5.09370323698022e-14,0.773758553262612,-6.3289602101144e-13,-9.77298959948317,-2.05850974727246e-14,-0.0429869122185295,1.24938539551573e-13,0,0,0,0,1,0.673086199299627,0.673086199299627,80,4.36171544384579e-12,4.07496258958417e-12
2.84,-4.5314435467955e-15,0.0790083585618437,-2.03397945461462e-14,-2.25506446187524e-15,-1.85761477878464e-14,-9.2546258062412e-15,80,0.237788873409609,0.0790083585618948,7.44189554064787e-14,-5.11146680537422e-14,0.773758553262612,-6.32946302802966e-13,-9.77298959948317,-2.05850974727246e-14,-0.0429869122185295,1.24938539551573e-13,0,0,0,0,1,0.673086199299627,0.673086199299627,80,4.35494483294794e-12,4.08917344429938e-12
2.85,-4.56137047868637e-15,0.0790083585618435,-2.04326481305338e-14,-2.26460147931966e-15,-1.85765438200812e-14,-9.25815776284642e-15,80,0.237788873409609,0.0790083585618948,7.44247715625435e-14,-5.12923037376822e-14,0.773758553262612,-6.32996406716616e-13,-9.77298959948317,-2.05850974727246e-14,-0.0429869122185295,1.24938539551573e-13,0,0,0,0,1,0.673086199299627,0.673086199299627,80,4.34817080016706e-12,4.10338429901458e-12
2.86,-4.59139543598567e-15,0.0790083585618433,-2.05255371074908e-14,-2.27411085244781e-15,-1.8576939852316e-14,-9.26168230256179e-15,80,0.237788873409609,0.0790083585618948,7.44305725031851e-14,-5.14699394216223e-14,0.773758553262612,-6.33046332678257e-13,-9.77298959948317,-2.05850974727246e-14,-0.0429869122185295,1.24938539551573e-13,0,0,0,0,1,0.673086199299627,0.673086199299627,80,4.34139333768849e-12,4.11759515372978e-12
2.87,-4.62151813620457e-15,0.0790083585618431,-2.06184614045335e-14,-2.28359251686755e-15,-1.85773358845508e-14,-9.26519980641507e-15,80,0.237788873409609,0.0790083585618948,7.4436358080886e-14,-5.16475751055623e-14,0.773758553262612,-6.33096080627614e-13,-9.77298959948317,-2.05850974727246e-14,-0.0429869122185295,1.24938539551573e-13,0,0,0,0,1,0.673086199299627,0.673086199299627,80,4.33461243772587e-12,4.13180600844498e-12
2.88,-4.65173829652606e-15,0.0790083585618429,-2.07114209529629e-14,-2.29304641158801e-15,-1.85780918523323e-14,-9.26871064793516e-15,80,0.237788873409609,0.0790083585618948,7.44421281522911e-14,-5.18363130197486e-14,0.773758553262612,-6.33145650517969e-13,-9.77298959948317,-2.05850974727246e-14,-0.0429869122185295,1.24938539551573e-13,0,0,0,0,1,0.673086199299627,0.673086199299627,80,4.32782809252097e-12,4.14690504157988e-12
2.89,-4.68205563383276e-15,0.0790083585618428,-2.08044156877898e-14,-2.30247247894859e-15,-1.85787018933103e-14,-9.2722151932836e-15,80,0.237788873409609,0.0790083585618948,7.44478825781294e-14,-5.20139487036886e-14,0.773758553262612,-6.33195042315867e-13,-9.77298959948317,-2.05850974727246e-14,-0.0429869122185295,1.24938539551573e-13,0,0,0,0,1,0.673086199299627,0.673086199299627,80,4.32104029434363e-12,4.16111589629509e-12
2.9,-4.71246986473405e-15,0.0790083585618426,-2.08974455476617e-14,-2.31187066454916e-15,-1.85790979255451e-14,-9.27571380138382e-15,80,0.237788873409609,0.0790083585618948,7.44536212231377e-14,-5.22026866178749e-14,0.773758553262612,-6.33244256000831e-13,-9.77298959948317,-2.05850974727246e-14,-0.0429869122185295,1.24938539551573e-13,0,0,0,0,1,0.673086199299627,0.673086199299627,80,4.31424903549162e-12,4.17621492942999e-12
2.91,-4.7429807055927e-15,0.0790083585618424,-2.09905104747908e-14,-2.3212409171817e-15,-1.85794939577799e-14,-9.27920682404831e-15,80,0.237788873409609,0.0790083585618948,7.4459343955985e-14,-5.23803223018149e-14,0.773758553262612,-6.33293291565072e-13,-9.77298959948317,-2.05850974727246e-14,-0.0429869122185295,1.24938539551573e-13,0,0,0,0,1,0.673086199299627,0.673086199299627,80,4.3074543082906e-12,4.19042578414519e-12
2.92,-4.77358787255082e-15,0.0790083585618422,-2.10836104148833e-14,-2.3305831887631e-15,-1.85798899900146e-14,-9.28269460610357e-15,80,0.237788873409609,0.0790083585618948,7.44650506491987e-14,-5.25579579857549e-14,0.773758553262612,-6.33342149013222e-13,-9.77298959948317,-2.05850974727246e-14,-0.0429869122185295,1.24938539551573e-13,0,0,0,0,1,0.673086199299627,0.673086199299627,80,4.30065610509394e-12,4.20463663886039e-12
2.93,-4.80429108155535e-15,0.079008358561842,-2.11767453170698e-14,-2.33989743426927e-15,-1.85802860222494e-14,-9.28617748551311e-15,80,0.237788873409609,0.0790083585618948,7.44707411790915e-14,-5.27466958999412e-14,0.773758553262612,-6.33390828362055e-13,-9.77298959948317,-2.05850974727246e-14,-0.0429869122185295,1.24938539551573e-13,0,0,0,0,1,0.673086199299627,0.673086199299627,80,4.29385441828266e-12,4.21973567199529e-12
2.94,-4.83509004838289e-15,0.0790083585618419,-2.12699151338374e-14,-2.34918361167043e-15,-1.85806820544842e-14,-9.28965579349826e-15,80,0.237788873409609,0.0790083585618948,7.44764154256901e-14,-5.29243315838812e-14,0.773758553262612,-6.33439329640226e-13,-9.77298959948317,-2.05850974727246e-14,-0.0429869122185295,1.24938539551573e-13,0,0,0,0,1,0.673086199299627,0.673086199299627,80,4.28704924026534e-12,4.2339465267105e-12
2.95,-4.86598448866407e-15,0.0790083585618417,-2.13631198209623e-14,-2.35844168186768e-15,-1.8581078086719e-14,-9.29312985465702e-15,80,0.237788873409609,0.0790083585618948,7.44820732726652e-14,-5.31019672678212e-14,0.773758553262612,-6.33487652888005e-13,-9.77298959948317,-2.05850974727246e-14,-0.0429869122185295,1.24938539551573e-13,0,0,0,0,1,0.673086199299627,0.673086199299627,80,4.28024056347798e-12,4.2481573814257e-12
2.96,-4.89697411790734e-15,0.0790083585618415,-2.14563593374442e-14,-2.36767160863069e-15,-1.85814741189538e-14,-9.296599987081e-15,80,0.237788873409609,0.0790083585618948,7.44877146072619e-14,-5.32796029517613e-14,0.773758553262612,-6.33535798157028e-13,-9.77298959948317,-2.05850974727246e-14,-0.0429869122185295,1.24938539551573e-13,0,0,0,0,1,0.673086199299627,0.673086199299627,80,4.27342838038393e-12,4.2623682361409e-12
2.97,-4.92805865152223e-15,0.0790083585618413,-2.15496336454415e-14,-2.37687335853656e-15,-1.85818701511885e-14,-9.3000665024702e-15,80,0.237788873409609,0.0790083585618948,7.44933393202326e-14,-5.34572386357013e-14,0.773758553262612,-6.33583765510041e-13,-9.77298959948317,-2.05850974727246e-14,-0.0429869122185295,1.24938539551573e-13,0,0,0,0,1,0.673086199299627,0.673086199299627,80,4.26661268347376e-12,4.2765790908561e-12
2.98,-4.95923780484212e-15,0.0790083585618411,-2.16429427102077e-14,-2.38604690090991e-15,-1.85822661834233e-14,-9.30352970624608e-15,80,0.237788873409609,0.0790083585618948,7.44989473057699e-14,-5.36348743196413e-14,0.773758553262612,-6.33631555020659e-13,-9.77298959948317,-2.05850974727246e-14,-0.0429869122185295,1.24938539551573e-13,0,0,0,0,1,0.673086199299627,0.673086199299627,80,4.2597934652652e-12,4.2907899455713e-12
2.99,-4.99051129314649e-15,0.0790083585618409,-2.17362865000292e-14,-2.39519220776401e-15,-1.85826622156581e-14,-9.30698989766258e-15,80,0.237788873409609,0.0790083585618948,7.45045384614415e-14,-5.38236122338276e-14,0.773758553262612,-6.33679166773118e-13,-9.77298959948317,-2.05850974727246e-14,-0.0429869122185295,1.24938539551573e-13,0,0,0,0,1,0.673086199299627,0.673086199299627,80,4.252970718303e-12,4.30588897870621e-12
3,-5.0218788316827e-15,0.0790083585618408,-2.18296649861635e-14,-2.40430925374305e-15,-1.85830582478929e-14,-9.3104473699153e-15,80,0.237788873409609,0.0790083585618948,7.45101126881255e-14,-5.40012479177676e-14,0.773758553262612,-6.33726600862049e-13,-9.77298959948317,-2.05850974727246e-14,-0.0429869122185295,1.24938539551573e-13,0,0,0,0,1,0.673086199299627,0.673086199299627,80,4.24614443515883e-12,4.32009983342141e-12
3.01,-5.0533401356872e-15,0.0790083585618406,-2.19230781427798e-14,-2.4133980160655e-15,-1.85834542801277e-14,-9.31390241024892e-15,80,0.237788873409609,0.0790083585618948,7.45156698899476e-14,-5.41788836017076e-14,0.773758553262612,-6.33773857392237e-13,-9.77298959948317,-2.05850974727246e-14,-0.0429869122185295,1.24938539551573e-13,0,0,0,0,1,0.673086199299627,0.673086199299627,80,4.23931460843122e-12,4.33431068813661e-12
3.02,-5.0848949204064e-15,0.0790083585618404,-2.20165259468988e-14,-2.42245847446859e-15,-1.85838503123625e-14,-9.31735530006267e-15,80,0.237788873409609,0.0790083585618948,7.45212099742188e-14,-5.43565192856477e-14,0.773758553262612,-6.338209364784e-13,-9.77298959948317,-2.05850974727246e-14,-0.0429869122185295,1.24938539551573e-13,0,0,0,0,1,0.673086199299627,0.673086199299627,80,4.23248123074541e-12,4.34852154285181e-12
3.03,-5.11654290111694e-15,0.0790083585618402,-2.21100083783356e-14,-2.43149061115374e-15,-1.85842463445972e-14,-9.32080631501415e-15,80,0.237788873409609,0.0790083585618948,7.45267328513747e-14,-5.45341549695877e-14,0.773758553262612,-6.33867838244964e-13,-9.77298959948317,-2.05850974727246e-14,-0.0429869122185295,1.24938539551573e-13,0,0,0,0,1,0.673086199299627,0.673086199299627,80,4.22564429475327e-12,4.36273239756702e-12
3.04,-5.14828379314558e-15,0.07900835856184,-2.22035254196417e-14,-2.44049441073312e-15,-1.8584642376832e-14,-9.32425572512129e-15,80,0.237788873409609,0.0790083585618948,7.45322384349151e-14,-5.4722892883774e-14,0.773758553262612,-6.33914562825846e-13,-9.77298959948317,-2.05850974727246e-14,-0.0429869122185295,1.24938539551573e-13,0,0,0,0,1,0.673086199299627,0.673086199299627,80,4.21880379313323e-12,4.37783143070192e-12
3.05,-5.18011731188864e-15,0.0790083585618399,-2.22970770560496e-14,-2.44946986017717e-15,-1.85850384090668e-14,-9.32770379486264e-15,80,0.237788873409609,0.0790083585618948,7.45377266413459e-14,-5.49116307979602e-14,0.773758553262612,-6.33961110364239e-13,-9.77298959948317,-2.05850974727246e-14,-0.0429869122185295,1.24938539551573e-13,0,0,0,0,1,0.673086199299627,0.673086199299627,80,4.21195971859012e-12,4.39293046383682e-12
3.06,-5.21204317283093e-15,0.0790083585618397,-2.23906632754175e-14,-2.45841694876317e-15,-1.85854344413016e-14,-9.33115078327596e-15,80,0.237788873409609,0.0790083585618948,7.45431973901205e-14,-5.50892664819003e-14,0.773758553262612,-6.34007481012402e-13,-9.77298959948317,-2.05850974727246e-14,-0.0429869122185295,1.24938539551573e-13,0,0,0,0,1,0.673086199299627,0.673086199299627,80,4.20511206385512e-12,4.40714131855202e-12
3.07,-5.24406109156433e-15,0.0790083585618395,-2.24842840681752e-14,-2.46733566802475e-15,-1.85858304735364e-14,-9.33459694405508e-15,80,0.237788873409609,0.0790083585618948,7.45486506035835e-14,-5.52669021658403e-14,0.773758553262612,-6.34053674931457e-13,-9.77298959948317,-2.05850974727246e-14,-0.0429869122185295,1.24938539551573e-13,0,0,0,0,1,0.673086199299627,0.673086199299627,80,4.19826082168563e-12,4.42135217326722e-12
3.08,-5.27617078380593e-15,0.0790083585618393,-2.25779394272707e-14,-2.47622601170236e-15,-1.85862265057712e-14,-9.33804252564518e-15,80,0.237788873409609,0.0790083585618948,7.45540862069149e-14,-5.54445378497803e-14,0.773758553262612,-6.34099692291183e-13,-9.77298959948317,-2.05850974727246e-14,-0.0429869122185295,1.24938539551573e-13,0,0,0,0,1,0.673086199299627,0.673086199299627,80,4.19140598486521e-12,4.43556302798243e-12
3.09,-5.30837196541567e-15,0.0790083585618391,-2.26716293481188e-14,-2.48508797569472e-15,-1.85866225380059e-14,-9.34148777133643e-15,80,0.237788873409609,0.0790083585618948,7.4559504128075e-14,-5.56332757639666e-14,0.773758553262612,-6.34145533269821e-13,-9.77298959948317,-2.05850974727246e-14,-0.0429869122185295,1.24938539551573e-13,0,0,0,0,1,0.673086199299627,0.673086199299627,80,4.18454754620343e-12,4.45066206111733e-12
3.1,-5.34066435241371e-15,0.079008358561839,-2.27653538285488e-14,-2.49392155801117e-15,-1.85870185702407e-14,-9.34493291935598e-15,80,0.237788873409609,0.0790083585618948,7.45649042977506e-14,-5.58109114479066e-14,0.773758553262612,-6.34191198053881e-13,-9.77298959948317,-2.05850974727246e-14,-0.0429869122185295,1.24938539551573e-13,0,0,0,0,1,0.673086199299627,0.673086199299627,80,4.1776854985358e-12,4.46487291583253e-12
3.11,-5.37304766099729e-15,0.0790083585618388,-2.28591128687552e-14,-2.50272675872498e-15,-1.85874146024755e-14,-9.34837820295845e-15,80,0.237788873409609,0.0790083585618948,7.45702866493026e-14,-5.59885471318466e-14,0.773758553262612,-6.34236686837949e-13,-9.77298959948317,-2.05850974727246e-14,-0.0429869122185295,1.24938539551573e-13,0,0,0,0,1,0.673086199299627,0.673086199299627,80,4.17081983472369e-12,4.47908377054773e-12
3.12,-5.40552160755725e-15,0.0790083585618386,-2.29529064712473e-14,-2.51150357992748e-15,-1.85878106347103e-14,-9.35182385051489e-15,80,0.237788873409609,0.0790083585618948,7.45756511187134e-14,-5.61661828157867e-14,0.773758553262612,-6.34281999824502e-13,-9.77298959948317,-2.05850974727246e-14,-0.0429869122185295,1.24938539551573e-13,0,0,0,0,1,0.673086199299627,0.673086199299627,80,4.16395054765418e-12,4.49329462526293e-12
3.13,-5.43808590869413e-15,0.0790083585618384,-2.30467346408016e-14,-2.52025202568315e-15,-1.85882066669451e-14,-9.35527008560009e-15,80,0.237788873409609,0.0790083585618948,7.45809976445361e-14,-5.63438184997267e-14,0.773758553262612,-6.34327137223724e-13,-9.77298959948317,-2.05850974727246e-14,-0.0429869122185295,1.24938539551573e-13,0,0,0,0,1,0.673086199299627,0.673086199299627,80,4.15707763024003e-12,4.50750547997814e-12
3.14,-5.47074028123397e-15,0.0790083585618382,-2.31405973844133e-14,-2.5289721019855e-15,-1.85886026991799e-14,-9.35871712707857e-15,80,0.237788873409609,0.0790083585618948,7.45863261678444e-14,-5.6532556413913e-14,0.773758553262612,-6.34372099253329e-13,-9.77298959948317,-2.05850974727246e-14,-0.0429869122185295,1.24938539551573e-13,0,0,0,0,1,0.673086199299627,0.673086199299627,80,4.15020107541952e-12,4.52260451311304e-12
3.15,-5.50348444224363e-15,0.0790083585618381,-2.323449471125e-14,-2.5376638167139e-15,-1.85889987314146e-14,-9.36216518918896e-15,80,0.237788873409609,0.0790083585618948,7.45916366321836e-14,-5.6710192097853e-14,0.773758553262612,-6.34416886138383e-13,-9.77298959948317,-2.05850974727246e-14,-0.0429869122185295,1.24938539551573e-13,0,0,0,0,1,0.673086199299627,0.673086199299627,80,4.14332087615637e-12,4.53681536782824e-12
3.16,-5.53631810904585e-15,0.0790083585618379,-2.33284266326054e-14,-2.54632717959112e-15,-1.85893947636494e-14,-9.36561448162702e-15,80,0.237788873409609,0.0790083585618948,7.45969289835215e-14,-5.6887827781793e-14,0.773758553262612,-6.3446149811113e-13,-9.77298959948317,-2.05850974727246e-14,-0.0429869122185295,1.24938539551573e-13,0,0,0,0,1,0.673086199299627,0.673086199299627,80,4.13643702543969e-12,4.55102622254344e-12
3.17,-5.56924099923387e-15,0.0790083585618377,-2.34223931618544e-14,-2.55496220214178e-15,-1.85897907958842e-14,-9.36906520962717e-15,80,0.237788873409609,0.0790083585618948,7.46022031702016e-14,-5.7065463465733e-14,0.773758553262612,-6.34505935410828e-13,-9.77298959948317,-2.05850974727246e-14,-0.0429869122185295,1.24938539551573e-13,0,0,0,0,1,0.673086199299627,0.673086199299627,80,4.12954951628381e-12,4.56523707725864e-12
3.18,-5.60225283068579e-15,0.0790083585618375,-2.35163943144086e-14,-2.56356889765158e-15,-1.8590186828119e-14,-9.37251757404268e-15,80,0.237788873409609,0.0790083585618948,7.46074591428961e-14,-5.72430991496731e-14,0.773758553262612,-6.34550198283576e-13,-9.77298959948317,-2.05850974727246e-14,-0.0429869122185295,1.24938539551573e-13,0,0,0,0,1,0.673086199299627,0.673086199299627,80,4.12265834172824e-12,4.57944793197385e-12
3.19,-5.63535332157851e-15,0.0790083585618373,-2.36104301076728e-14,-2.57214728112728e-15,-1.85905828603538e-14,-9.37597177142445e-15,80,0.237788873409609,0.0790083585618948,7.46126968545599e-14,-5.74318370638593e-14,0.773758553262612,-6.34594286982159e-13,-9.77298959948317,-2.05850974727246e-14,-0.0429869122185295,1.24938539551573e-13,0,0,0,0,1,0.673086199299627,0.673086199299627,80,4.11576349483754e-12,4.59454696510875e-12
3.2,-5.66854219040137e-15,0.0790083585618372,-2.37045005610021e-14,-2.58069736925755e-15,-1.85909788925886e-14,-9.37942799409842e-15,80,0.237788873409609,0.0790083585618948,7.4617916260386e-14,-5.76094727477994e-14,0.773758553262612,-6.34638201765879e-13,-9.77298959948317,-2.05850974727246e-14,-0.0429869122185295,1.24938539551573e-13,0,0,0,0,1,0.673086199299627,0.673086199299627,80,4.10886496870124e-12,4.60875781982395e-12
3.21,-5.70181915596947e-15,0.079008358561837,-2.379860569566e-14,-2.58921918037443e-15,-1.85911853998368e-14,-9.3828864302417e-15,80,0.237788873409609,0.0790083585618948,7.46231173177608e-14,-5.77982106619857e-14,0.773758553262612,-6.34681942900409e-13,-9.77298959948317,-2.05850974727246e-14,-0.0429869122185295,1.24938539551573e-13,0,0,0,0,1,0.673086199299627,0.673086199299627,80,4.10196275643374e-12,4.62385685295885e-12
3.22,-5.73518393743667e-15,0.0790083585618368,-2.38927455347773e-14,-2.59771273441571e-15,-1.85915814320715e-14,-9.38634726395731e-15,80,0.237788873409609,0.0790083585618948,7.46282999862209e-14,-5.79647441156794e-14,0.773758553262612,-6.3472551065763e-13,-9.77298959948317,-2.05850974727246e-14,-0.0429869122185295,1.24938539551573e-13,0,0,0,0,1,0.673086199299627,0.673086199299627,80,4.09505685117422e-12,4.63717952925435e-12
3.23,-5.76863625430825e-15,0.0790083585618366,-2.39869201033115e-14,-2.6061780528879e-15,-1.85919774643063e-14,-9.38981067534773e-15,80,0.237788873409609,0.0790083585618948,7.46334642274103e-14,-5.81423797996195e-14,0.773758553262612,-6.34768905315485e-13,-9.77298959948317,-2.05850974727246e-14,-0.0429869122185295,1.24938539551573e-13,0,0,0,0,1,0.673086199299627,0.673086199299627,80,4.08814724608654e-12,4.65139038396956e-12
3.24,-5.80217582645327e-15,0.0790083585618364,-2.40811294280067e-14,-2.61461515882997e-15,-1.85923734965411e-14,-9.39327684058709e-15,80,0.237788873409609,0.0790083585618948,7.46386100050384e-14,-5.83200154835595e-14,0.773758553262612,-6.34812127157833e-13,-9.77298959948317,-2.05850974727246e-14,-0.0429869122185295,1.24938539551573e-13,0,0,0,0,1,0.673086199299627,0.673086199299627,80,4.08123393435915e-12,4.66560123868476e-12
3.25,-5.83580237411665e-15,0.0790083585618363,-2.41753735373552e-14,-2.62302407677784e-15,-1.85927695287759e-14,-9.39674593199216e-15,80,0.237788873409609,0.0790083585618948,7.46437372848392e-14,-5.85087533977457e-14,0.773758553262612,-6.34855176474298e-13,-9.77298959948317,-2.05850974727246e-14,-0.0429869122185295,1.24938539551573e-13,0,0,0,0,1,0.673086199299627,0.673086199299627,80,4.07431690920497e-12,4.68070027181966e-12
3.26,-5.86951561793094e-15,0.0790083585618361,-2.42696524615585e-14,-2.63140483272949e-15,-1.85931655610107e-14,-9.40021811809209e-15,80,0.237788873409609,0.0790083585618948,7.46488460345304e-14,-5.86863890816858e-14,0.773758553262612,-6.34898053560133e-13,-9.77298959948317,-2.05850974727246e-14,-0.0429869122185295,1.24938539551573e-13,0,0,0,0,1,0.673086199299627,0.673086199299627,80,4.06739616386136e-12,4.69491112653486e-12
3.27,-5.90331527892778e-15,0.0790083585618359,-2.43639662324902e-14,-2.63975745411076e-15,-1.85935615932455e-14,-9.40369356369701e-15,80,0.237788873409609,0.0790083585618948,7.46539362237738e-14,-5.88640247656258e-14,0.773758553262612,-6.34940758716077e-13,-9.77298959948317,-2.05850974727246e-14,-0.0429869122185295,1.24938539551573e-13,0,0,0,0,1,0.673086199299627,0.673086199299627,80,4.06047169158993e-12,4.70912198125006e-12
3.28,-5.93720107854912e-15,0.0790083585618357,-2.44583148836587e-14,-2.64808196974189e-15,-1.85939576254802e-14,-9.40717242996531e-15,80,0.237788873409609,0.0790083585618948,7.46590078241364e-14,-5.90416604495658e-14,0.773758553262612,-6.34983292248219e-13,-9.77298959948317,-2.05850974727246e-14,-0.0429869122185295,1.24938539551573e-13,0,0,0,0,1,0.673086199299627,0.673086199299627,80,4.05354348567654e-12,4.72333283596527e-12
3.29,-5.97117273865809e-15,0.0790083585618355,-2.45526984501709e-14,-2.65637840980461e-15,-1.8594353657715e-14,-9.41065487446993e-15,80,0.237788873409609,0.0790083585618948,7.4664060809052e-14,-5.92303983637521e-14,0.773758553262612,-6.35025654467863e-13,-9.77298959948317,-2.05850974727246e-14,-0.0429869122185295,1.24938539551573e-13,0,0,0,0,1,0.673086199299627,0.673086199299627,80,4.04661153943115e-12,4.73843186910017e-12
3.3,-6.00522998154969e-15,0.0790083585618354,-2.46471169686968e-14,-2.66464680580993e-15,-1.85947496899498e-14,-9.4141410512633e-15,80,0.237788873409609,0.0790083585618948,7.46690951537835e-14,-5.94191362779384e-14,0.773758553262612,-6.35067845691398e-13,-9.77298959948317,-2.05850974727246e-14,-0.0429869122185295,1.24938539551573e-13,0,0,0,0,1,0.673086199299627,0.673086199299627,80,4.03967584618774e-12,4.75353090223507e-12
3.31,-6.03937252996114e-15,0.0790083585618352,-2.47415704774342e-14,-2.67288719056657e-15,-1.85951457221846e-14,-9.41763111094137e-15,80,0.237788873409609,0.0790083585618948,7.46741108353861e-14,-5.95967719618784e-14,0.773758553262612,-6.3510986624017e-13,-9.77298959948317,-2.05850974727246e-14,-0.0429869122185295,1.24938539551573e-13,0,0,0,0,1,0.673086199299627,0.673086199299627,80,4.03273639930422e-12,4.76774175695027e-12
3.32,-6.07360010708197e-15,0.079008358561835,-2.48360590160746e-14,-2.68109959814996e-15,-1.85955417544194e-14,-9.42112520070633e-15,80,0.237788873409609,0.0790083585618948,7.46791078326706e-14,-5.97744076458184e-14,0.773758553262612,-6.3515171644035e-13,-9.77298959948317,-2.05850974727246e-14,-0.0429869122185295,1.24938539551573e-13,0,0,0,0,1,0.673086199299627,0.673086199299627,80,4.02579319216236e-12,4.78195261166547e-12
3.33,-6.10791243656393e-15,0.0790083585618348,-2.49305826257695e-14,-2.68928406387188e-15,-1.85962977222009e-14,-9.42462346442839e-15,80,0.237788873409609,0.0790083585618948,7.46840861261682e-14,-5.99520433297585e-14,0.773758553262612,-6.35193396622816e-13,-9.77298959948317,-2.05850974727246e-14,-0.0429869122185295,1.24938539551573e-13,0,0,0,0,1,0.673086199299627,0.673086199299627,80,4.01884621816764e-12,4.79616346638068e-12
3.34,-6.14230924253051e-15,0.0790083585618346,-2.50251413490967e-14,-2.69744062425069e-15,-1.85970897866704e-14,-9.42812604270641e-15,80,0.237788873409609,0.0790083585618948,7.46890456980954e-14,-6.01296790136985e-14,0.773758553262612,-6.35234907123027e-13,-9.77298959948317,-2.05850974727246e-14,-0.0429869122185295,1.24938539551573e-13,0,0,0,0,1,0.673086199299627,0.673086199299627,80,4.01189547074921e-12,4.81037432109588e-12
3.35,-6.17679024958636e-15,0.0790083585618345,-2.51197352300288e-14,-2.70556931698215e-15,-1.85976998276484e-14,-9.43163307292746e-15,80,0.237788873409609,0.0790083585618948,7.4693986532319e-14,-6.03073146976385e-14,0.773758553262612,-6.35276248280905e-13,-9.77298959948317,-2.05850974727246e-14,-0.0429869122185295,1.24938539551573e-13,0,0,0,0,1,0.673086199299627,0.673086199299627,80,4.00494094335978e-12,4.82458517581108e-12
3.36,-6.21135518282638e-15,0.0790083585618343,-2.52143643139003e-14,-2.71367018091076e-15,-1.85980958598832e-14,-9.43514468932544e-15,80,0.237788873409609,0.0790083585618948,7.46989086143234e-14,-6.0507154842071e-14,0.773758553262612,-6.35317420440717e-13,-9.77298959948317,-2.05850974727246e-14,-0.0429869122185295,1.24938539551573e-13,0,0,0,0,1,0.673086199299627,0.673086199299627,80,3.99798262947554e-12,4.84057238736568e-12
3.37,-6.24600376784457e-15,0.0790083585618341,-2.53090286473767e-14,-2.72174325600176e-15,-1.8598491892118e-14,-9.43866102303856e-15,80,0.237788873409609,0.0790083585618948,7.47038119311762e-14,-6.06847905260111e-14,0.773758553262612,-6.35358423950962e-13,-9.77298959948317,-2.05850974727246e-14,-0.0429869122185295,1.24938539551573e-13,0,0,0,0,1,0.673086199299627,0.673086199299627,80,3.99102052259603e-12,4.85478324208088e-12
3.38,-6.28073573074272e-15,0.0790083585618339,-2.5403728278424e-14,-2.72978858331357e-15,-1.85988879243528e-14,-9.44218220216592e-15,80,0.237788873409609,0.0790083585618948,7.47086964714966e-14,-6.08624262099511e-14,0.773758553262612,-6.35399259164256e-13,-9.77298959948317,-2.05850974727246e-14,-0.0429869122185295,1.24938539551573e-13,0,0,0,0,1,0.673086199299627,0.673086199299627,80,3.98405461624411e-12,4.86899409679609e-12
3.39,-6.31555079813877e-15,0.0790083585618337,-2.54984632562778e-14,-2.73780620497085e-15,-1.85992839565876e-14,-9.44570835182303e-15,80,0.237788873409609,0.0790083585618948,7.4713562225423e-14,-6.10400618938911e-14,0.773758553262612,-6.35439926437219e-13,-9.77298959948317,-2.05850974727246e-14,-0.0429869122185295,1.24938539551573e-13,0,0,0,0,1,0.673086199299627,0.673086199299627,80,3.97708490396581e-12,4.88320495151129e-12
3.4,-6.35044869717501e-15,0.0790083585618336,-2.55932336314143e-14,-2.74579616413805e-15,-1.85996799888224e-14,-9.4492395941964e-15,80,0.237788873409609,0.0790083585618948,7.47184091845813e-14,-6.12176975778311e-14,0.773758553262612,-6.35480426130374e-13,-9.77298959948317,-2.05850974727246e-14,-0.0429869122185295,1.24938539551573e-13,0,0,0,0,1,0.673086199299627,0.673086199299627,80,3.97011137933028e-12,4.89741580622649e-12
3.41,-6.38542915552611e-15,0.0790083585618334,-2.56880394555208e-14,-2.75375850499352e-15,-1.86000760210571e-14,-9.45277604859718e-15,80,0.237788873409609,0.0790083585618948,7.47232373420545e-14,-6.14064354920174e-14,0.773758553262612,-6.35520758608034e-13,-9.77298959948317,-2.05850974727246e-14,-0.0429869122185295,1.24938539551573e-13,0,0,0,0,1,0.673086199299627,0.673086199299627,80,3.96313403592969e-12,4.91251483936139e-12
3.42,-6.42049190140678e-15,0.0790083585618332,-2.57828807814673e-14,-2.76169327270403e-15,-1.86004720532919e-14,-9.45631783151384e-15,80,0.237788873409609,0.0790083585618948,7.47280466923523e-14,-6.15840711759574e-14,0.773758553262612,-6.35560924238196e-13,-9.77298959948317,-2.05850974727246e-14,-0.0429869122185295,1.24938539551573e-13,0,0,0,0,1,0.673086199299627,0.673086199299627,80,3.95615286737913e-12,4.92672569407659e-12
3.43,-6.45563666357939e-15,0.079008358561833,-2.58777576632783e-14,-2.76960051339996e-15,-1.86008680855267e-14,-9.45986505666396e-15,80,0.237788873409609,0.0790083585618948,7.4732837231381e-14,-6.17617068598975e-14,0.773758553262612,-6.35600923392448e-13,-9.77298959948317,-2.05850974727246e-14,-0.0429869122185295,1.24938539551573e-13,0,0,0,0,1,0.673086199299627,0.673086199299627,80,3.94916786731651e-12,4.9409365487918e-12
3.44,-6.49086317136127e-15,0.0790083585618328,-2.59726701561055e-14,-2.77748027415078e-15,-1.86012641177615e-14,-9.46341783504509e-15,80,0.237788873409609,0.0790083585618948,7.47376089564146e-14,-6.19393425438375e-14,0.773758553262612,-6.35640756445856e-13,-9.77298959948317,-2.05850974727246e-14,-0.0429869122185295,1.24938539551573e-13,0,0,0,0,1,0.673086199299627,0.673086199299627,80,3.94217902940253e-12,4.955147403507e-12
3.45,-6.52617115463186e-15,0.0790083585618327,-2.60676183162005e-14,-2.78533260294117e-15,-1.86016601499963e-14,-9.46697627498474e-15,80,0.237788873409609,0.0790083585618948,7.4742361866066e-14,-6.21169782277775e-14,0.773758553262612,-6.35680423776874e-13,-9.77298959948317,-2.05850974727246e-14,-0.0429869122185295,1.24938539551573e-13,0,0,0,0,1,0.673086199299627,0.673086199299627,80,3.9351863473205e-12,4.9693582582222e-12
3.46,-6.56156034383968e-15,0.0790083585618325,-2.61626022008884e-14,-2.79315754864756e-15,-1.86020561822311e-14,-9.47054048218946e-15,80,0.237788873409609,0.0790083585618948,7.47470959602588e-14,-6.22835116814713e-14,0.773758553262612,-6.35719925767246e-13,-9.77298959948317,-2.05850974727246e-14,-0.0429869122185295,1.24938539551573e-13,0,0,0,0,1,0.673086199299627,0.673086199299627,80,3.92818981477633e-12,4.9826809345177e-12
3.47,-6.597030470009e-15,0.0790083585618323,-2.62576218685417e-14,-2.80095516101508e-15,-1.86024522144658e-14,-9.47411055979313e-15,80,0.237788873409609,0.0790083585618948,7.47518112401996e-14,-6.24722495956576e-14,0.773758553262612,-6.35759262801909e-13,-9.77298959948317,-2.05850974727246e-14,-0.0429869122185295,1.24938539551573e-13,0,0,0,0,1,0.673086199299627,0.673086199299627,80,3.92118942549842e-12,4.9977799676526e-12
3.48,-6.63258126474648e-15,0.0790083585618321,-2.63526773785549e-14,-2.80872549063505e-15,-1.86028482467006e-14,-9.47768660840432e-15,80,0.237788873409609,0.0790083585618948,7.47565077083506e-14,-6.26498852795976e-14,0.773758553262612,-6.35798435268899e-13,-9.77298959948317,-2.05850974727246e-14,-0.0429869122185295,1.24938539551573e-13,0,0,0,0,1,0.673086199299627,0.673086199299627,80,3.91418517323753e-12,5.01199082236781e-12
3.49,-6.66821246024747e-15,0.0790083585618319,-2.64477687913191e-14,-2.81646858892283e-15,-1.86032442789354e-14,-9.4812687261529e-15,80,0.237788873409609,0.0790083585618948,7.47611853684036e-14,-6.28275209635376e-14,0.773758553262612,-6.35837443559264e-13,-9.77298959948317,-2.05850974727246e-14,-0.0429869122185295,1.24938539551573e-13,0,0,0,0,1,0.673086199299627,0.673086199299627,80,3.90717705176675e-12,5.02620167708301e-12
3.5,-6.70392378930227e-15,0.0790083585618317,-2.65428961681976e-14,-2.82418450809621e-15,-1.86036403111702e-14,-9.48485700873576e-15,80,0.237788873409609,0.0790083585618948,7.47658442252528e-14,-6.30051566474776e-14,0.773758553262612,-6.35876288066969e-13,-9.77298959948317,-2.05850974727246e-14,-0.0429869122185295,1.24938539551573e-13,0,0,0,0,1,0.673086199299627,0.673086199299627,80,3.90016505488138e-12,5.04041253179821e-12
3.51,-6.73971498530206e-15,0.0790083585618316,-2.66380595715016e-14,-2.83187330115411e-15,-1.8604036343405e-14,-9.48845154946183e-15,80,0.237788873409609,0.0790083585618948,7.47704842849698e-14,-6.31827923314177e-14,0.773758553262612,-6.35914969188813e-13,-9.77298959948317,-2.05850974727246e-14,-0.0429869122185295,1.24938539551573e-13,0,0,0,0,1,0.673086199299627,0.673086199299627,80,3.89314917639886e-12,5.05462338651341e-12
3.52,-6.7755857822448e-15,0.0790083585618314,-2.67332590644666e-14,-2.83953502185579e-15,-1.86044323756398e-14,-9.49205243929616e-15,80,0.237788873409609,0.0790083585618948,7.47751055547782e-14,-6.33826324758502e-14,0.773758553262612,-6.35953487324339e-13,-9.77298959948317,-2.05850974727246e-14,-0.0429869122185295,1.24938539551573e-13,0,0,0,0,1,0.673086199299627,0.673086199299627,80,3.88612941015866e-12,5.07061059806801e-12
3.53,-6.81153591474085e-15,0.0790083585618312,-2.6828494711229e-14,-2.84716972470042e-15,-1.86048284078745e-14,-9.49565976690337e-15,80,0.237788873409609,0.0790083585618948,7.47797080430284e-14,-6.35602681597902e-14,0.773758553262612,-6.35991842875753e-13,-9.77298959948317,-2.05850974727246e-14,-0.0429869122185295,1.24938539551573e-13,0,0,0,0,1,0.673086199299627,0.673086199299627,80,3.87910575002223e-12,5.08482145278322e-12
3.54,-6.84756511801849e-15,0.079008358561831,-2.69237665768033e-14,-2.85477746490711e-15,-1.86052244401093e-14,-9.49927361869029e-15,80,0.237788873409609,0.0790083585618948,7.47842917591736e-14,-6.37379038437302e-14,0.773758553262612,-6.36030036247836e-13,-9.77298959948317,-2.05850974727246e-14,-0.0429869122185295,1.24938539551573e-13,0,0,0,0,1,0.673086199299627,0.673086199299627,80,3.87207818987286e-12,5.09903230749842e-12
3.55,-6.88367312792923e-15,0.0790083585618308,-2.70190747270594e-14,-2.86235829839523e-15,-1.86056204723441e-14,-9.5028940788478e-15,80,0.237788873409609,0.0790083585618948,7.47888567137458e-14,-6.39155395276703e-14,0.773758553262612,-6.36068067847869e-13,-9.77298959948317,-2.05850974727246e-14,-0.0429869122185295,1.24938539551573e-13,0,0,0,0,1,0.673086199299627,0.673086199299627,80,3.86504672361566e-12,5.11324316221362e-12
3.56,-6.919859680953e-15,0.0790083585618307,-2.7114419228701e-14,-2.86991228176526e-15,-1.86060165045789e-14,-9.50652122939201e-15,80,0.237788873409609,0.0790083585618948,7.47934029183322e-14,-6.40931752116103e-14,0.773758553262612,-6.36105938085548e-13,-9.77298959948317,-2.05850974727246e-14,-0.0429869122185295,1.24938539551573e-13,0,0,0,0,1,0.673086199299627,0.673086199299627,80,3.8580113451774e-12,5.12745401692882e-12
3.57,-6.95612451420313e-15,0.0790083585618305,-2.72098001492439e-14,-2.87743947227991e-15,-1.86064125368137e-14,-9.51015515020467e-15,80,0.237788873409609,0.0790083585618948,7.47979303855522e-14,-6.42819131257966e-14,0.773758553262612,-6.36143647372907e-13,-9.77298959948317,-2.05850974727246e-14,-0.0429869122185295,1.24938539551573e-13,0,0,0,0,1,0.673086199299627,0.673086199299627,80,3.8509720485065e-12,5.14255305006373e-12
3.58,-6.99246736543124e-15,0.0790083585618303,-2.73052175569944e-14,-2.88493992784564e-15,-1.86068085690485e-14,-9.5137959190729e-15,80,0.237788873409609,0.0790083585618948,7.48024391290346e-14,-6.44595488097366e-14,0.773758553262612,-6.36181196124243e-13,-9.77298959948317,-2.05850974727246e-14,-0.0429869122185295,1.24938539551573e-13,0,0,0,0,1,0.673086199299627,0.673086199299627,80,3.8439288275729e-12,5.15676390477893e-12
3.59,-7.02888797303193e-15,0.0790083585618301,-2.7400671521029e-14,-2.89241370699459e-15,-1.86071268092371e-14,-9.51744361172819e-15,80,0.237788873409609,0.0790083585618948,7.48069291633956e-14,-6.46371844936766e-14,0.773758553262612,-6.3621858475604e-13,-9.77298959948317,-2.05850974727246e-14,-0.0429869122185295,1.24938539551573e-13,0,0,0,0,1,0.673086199299627,0.673086199299627,80,3.83688167636797e-12,5.17097475949413e-12
3.6,-7.06538607604732e-15,0.0790083585618299,-2.74961621111735e-14,-2.89986086886682e-15,-1.86072498062346e-14,-9.52109830188474e-15,80,0.237788873409609,0.0790083585618948,7.48114005042168e-14,-6.48259224078629e-14,0.773758553262612,-6.36255813686892e-13,-9.77298959948317,-2.05850974727246e-14,-0.0429869122185295,1.24938539551573e-13,0,0,0,0,1,0.673086199299627,0.673086199299627,80,3.82983058890445e-12,5.18607379262903e-12
3.61,-7.10196141417149e-15,0.0790083585618298,-2.75916893979834e-14,-2.9072814731929e-15,-1.86073186581999e-14,-9.5247600612771e-15,80,0.237788873409609,0.0790083585618948,7.48158531680237e-14,-6.50035580918029e-14,0.773758553262612,-6.36292883337436e-13,-9.77298959948317,-2.05850974727246e-14,-0.0429869122185295,1.24938539551573e-13,0,0,0,0,1,0.673086199299627,0.673086199299627,80,3.82277555921635e-12,5.20028464734423e-12
3.62,-7.13861372775471e-15,0.0790083585618296,-2.7687253452724e-14,-2.9146755802769e-15,-1.86073936773199e-14,-9.52842895969721e-15,80,0.237788873409609,0.0790083585618948,7.48202871722649e-14,-6.51922960059892e-14,0.773758553262612,-6.36329794130276e-13,-9.77298959948317,-2.05850974727246e-14,-0.0429869122185295,1.24938539551573e-13,0,0,0,0,1,0.673086199299627,0.673086199299627,80,3.81571658135889e-12,5.21538368047914e-12
3.63,-7.17534275780761e-15,0.0790083585618294,-2.77828543473509e-14,-2.92204325097967e-15,-1.86072734532486e-14,-9.53210506503066e-15,80,0.237788873409609,0.0790083585618948,7.48247025352909e-14,-6.53699316899292e-14,0.773758553262612,-6.36366546489916e-13,-9.77298959948317,-2.05850974727246e-14,-0.0429869122185295,1.24938539551573e-13,0,0,0,0,1,0.673086199299627,0.673086199299627,80,3.80865364940837e-12,5.22959453519434e-12
3.64,-7.21214824600513e-15,0.0790083585618292,-2.78784921544915e-14,-2.92938454670244e-15,-1.86073484723685e-14,-9.53578844329249e-15,80,0.237788873409609,0.0790083585618948,7.48290992763345e-14,-6.55475673738692e-14,0.773758553262612,-6.36403140842692e-13,-9.77298959948317,-2.05850974727246e-14,-0.0429869122185295,1.24938539551573e-13,0,0,0,0,1,0.673086199299627,0.673086199299627,80,3.80158675746214e-12,5.24380538990954e-12
3.65,-7.2490299346904e-15,0.079008358561829,-2.79741669474261e-14,-2.93669952937079e-15,-1.86074234914885e-14,-9.53947915866219e-15,80,0.237788873409609,0.0790083585618948,7.48334774154903e-14,-6.57252030578093e-14,0.773758553262612,-6.36439577616701e-13,-9.77298959948317,-2.05850974727246e-14,-0.0429869122185295,1.24938539551573e-13,0,0,0,0,1,0.673086199299627,0.673086199299627,80,3.79451589963846e-12,5.25801624462474e-12
3.66,-7.28598756687847e-15,0.0790083585618289,-2.80698788000697e-14,-2.94398826141895e-15,-1.86072254753711e-14,-9.54317727351817e-15,80,0.237788873409609,0.0790083585618948,7.48378369736954e-14,-6.59028387417493e-14,0.773758553262612,-6.36475857241741e-13,-9.77298959948317,-2.05850974727246e-14,-0.0429869122185295,1.24938539551573e-13,0,0,0,0,1,0.673086199299627,0.673086199299627,80,3.78744107007649e-12,5.27222709933994e-12
3.67,-7.32302088625988e-15,0.0790083585618287,-2.81656277869542e-14,-2.95125080577432e-15,-1.8607300494491e-14,-9.54688284847165e-15,80,0.237788873409609,0.0790083585618948,7.48421779727102e-14,-6.60915766559356e-14,0.773758553262612,-6.36511980149242e-13,-9.77298959948317,-2.05850974727246e-14,-0.0429869122185295,1.24938539551573e-13,0,0,0,0,1,0.673086199299627,0.673086199299627,80,3.78036226293613e-12,5.28732613247485e-12
3.68,-7.36012963720416e-15,0.0790083585618285,-2.82614139832108e-14,-2.95848722584241e-15,-1.8607375513611e-14,-9.55059594239986e-15,80,0.237788873409609,0.0790083585618948,7.48465004350993e-14,-6.62803145701218e-14,0.773758553262612,-6.36547946772205e-13,-9.77298959948317,-2.05850974727246e-14,-0.0429869122185295,1.24938539551573e-13,0,0,0,0,1,0.673086199299627,0.673086199299627,80,3.77327947239798e-12,5.30242516560975e-12
3.69,-7.39731356476315e-15,0.0790083585618283,-2.83572374645527e-14,-2.96569758549201e-15,-1.86070637825016e-14,-9.55431661247871e-15,80,0.237788873409609,0.0790083585618948,7.48508043842132e-14,-6.64579502540619e-14,0.773758553262612,-6.36583757545139e-13,-9.77298959948317,-2.05850974727246e-14,-0.0429869122185295,1.24938539551573e-13,0,0,0,0,1,0.673086199299627,0.673086199299627,80,3.76619269266328e-12,5.31663602032495e-12
3.7,-7.43457241467425e-15,0.0790083585618281,-2.84530983072583e-14,-2.9728819490407e-15,-1.86071867794991e-14,-9.55804491421493e-15,80,0.237788873409609,0.0790083585618948,7.48550898441703e-14,-6.66355859380019e-14,0.773758553262612,-6.36619412904002e-13,-9.77298959948317,-2.05850974727246e-14,-0.0429869122185295,1.24938539551573e-13,0,0,0,0,1,0.673086199299627,0.673086199299627,80,3.75910191795376e-12,5.33084687504015e-12
3.71,-7.47190593336351e-15,0.079008358561828,-2.85489965881544e-14,-2.98004038124058e-15,-1.86073097764965e-14,-9.56178090147751e-15,80,0.237788873409609,0.0790083585618948,7.48593568398384e-14,-6.68021193916957e-14,0.773758553262612,-6.36654913286137e-13,-9.77298959948317,-2.05850974727246e-14,-0.0429869122185295,1.24938539551573e-13,0,0,0,0,1,0.673086199299627,0.673086199299627,80,3.75200714251162e-12,5.34416955133565e-12
3.72,-7.50931386794864e-15,0.0790083585618278,-2.86449323846004e-14,-2.9871729472644e-15,-1.86073847956165e-14,-9.56552462652876e-15,80,0.237788873409609,0.0790083585618948,7.4863605396818e-14,-6.69797550756357e-14,0.773758553262612,-6.36690259130218e-13,-9.77298959948317,-2.05850974727246e-14,-0.0429869122185295,1.24938539551573e-13,0,0,0,0,1,0.673086199299627,0.673086199299627,80,3.74490836059944e-12,5.35838040605086e-12
3.73,-7.54679596624185e-15,0.0790083585618276,-2.87409057744718e-14,-2.99427971269184e-15,-1.86072645715452e-14,-9.56927614005465e-15,80,0.237788873409609,0.0790083585618948,7.48678355414245e-14,-6.71795952200682e-14,0.773758553262612,-6.36725450876193e-13,-9.77298959948317,-2.05850974727246e-14,-0.0429869122185295,1.24938539551573e-13,0,0,0,0,1,0.673086199299627,0.673086199299627,80,3.73780556650006e-12,5.37436761760546e-12
3.74,-7.58435197675266e-15,0.0790083585618274,-2.88369168361448e-14,-3.00136074349615e-15,-1.86070637825016e-14,-9.57303549119471e-15,80,0.237788873409609,0.0790083585618948,7.48720473006715e-14,-6.73572309040082e-14,0.773758553262612,-6.36760488965222e-13,-9.77298959948318,-2.05850974727246e-14,-0.0429869122185295,1.24938539551573e-13,0,0,0,0,1,0.673086199299627,0.673086199299627,80,3.73069875451655e-12,5.38857847232066e-12
3.75,-7.62198164869053e-15,0.0790083585618272,-2.89329656484809e-14,-3.00841610603103e-15,-1.86066158889028e-14,-9.57680272757142e-15,80,0.237788873409609,0.0790083585618948,7.48762407022544e-14,-6.75348665879482e-14,0.773758553262612,-6.36795373839628e-13,-9.77298959948318,-2.05850974727246e-14,-0.0429869122185295,1.24938539551573e-13,0,0,0,0,1,0.673086199299627,0.673086199299627,80,3.72358791897208e-12,5.40278932703586e-12
3.76,-7.65968473196744e-15,0.0790083585618271,-2.90290522908118e-14,-3.01544586701778e-15,-1.86057460323871e-14,-9.58057789531901e-15,80.0000000000001,0.237788873409609,0.0790083585618948,7.48804157745337e-14,-6.77236045021345e-14,0.773758553262612,-6.3683010594284e-13,-9.77298959948318,-2.05850974727246e-14,-0.0429869122185295,1.24938539551573e-13,0,0,0,0,1,0.673086199299627,0.673086199299627,80.0000000000001,3.7164730542099e-12,5.41788836017076e-12
3.77,-7.69746097720028e-15,0.0790083585618269,-2.91251768429248e-14,-3.02245009353268e-15,-1.86044117809294e-14,-9.5843610391118e-15,80.0000000000001,0.237788873409609,0.0790083585618948,7.48845725465195e-14,-6.79012401860745e-14,0.773758553262611,-6.36864685719342e-13,-9.77298959948319,-2.05850974727246e-14,-0.0429869122185295,1.24938539551573e-13,0,0,0,0,1,0.673086199299627,0.673086199299627,80.0000000000001,3.70935415459319e-12,5.43209921488597e-12
3.78,-7.73531013571325e-15,0.0790083585618267,-2.9221339385048e-14,-3.02942885299468e-15,-1.86033698389784e-14,-9.58815220219201e-15,80.0000000000001,0.237788873409609,0.0790083585618948,7.48887110478556e-14,-6.80788758700145e-14,0.773758553262611,-6.36899113614616e-13,-9.77298959948319,-2.05850974727246e-14,-0.0429869122185295,1.24938539551573e-13,0,0,0,0,1,0.673086199299627,0.673086199299627,80.0000000000001,3.70223121450506e-12,5.44631006960117e-12
3.79,-7.77323195954008e-15,0.0790083585618265,-2.93175399978361e-14,-3.03638221315326e-15,-1.86019318647926e-14,-9.5919514263971e-15,80.0000000000001,0.237788873409609,0.0790083585618948,7.48928313088039e-14,-6.82565115539545e-14,0.773758553262611,-6.36933390075098e-13,-9.77298959948319,-2.05850974727246e-14,-0.0429869122185295,1.24938539551573e-13,0,0,0,0,1,0.673086199299627,0.673086199299627,80.0000000000001,3.69510422834839e-12,5.46052092431637e-12
3.8,-7.81122620142617e-15,0.0790083585618263,-2.94137787623568e-14,-3.04331024207664e-15,-1.86000459970079e-14,-9.59575875218663e-15,80.0000000000001,0.237788873409609,0.0790083585618948,7.48969333602298e-14,-6.84452494681408e-14,0.773758553262611,-6.36967515548124e-13,-9.7729895994832,-2.05850974727246e-14,-0.0429869122185295,1.24938539551573e-13,0,0,0,0,1,0.673086199299627,0.673086199299627,80.0000000000001,3.68797319054582e-12,5.47561995745127e-12
3.81,-7.84929261483064e-15,0.0790083585618262,-2.95100557600768e-14,-3.05021300814009e-15,-1.85974199261177e-14,-9.59957421866861e-15,80.0000000000001,0.237788873409609,0.0790083585618948,7.4901017233587e-14,-6.86228851520808e-14,0.77375855326261,-6.37001490481882e-13,-9.7729895994832,-2.05850974727246e-14,-0.0429869122185295,1.24938539551573e-13,0,0,0,0,1,0.673086199299627,0.673086199299627,80.0000000000001,3.68083809553961e-12,5.48983081216647e-12
3.82,-7.88743095392829e-15,0.079008358561826,-2.96063710728482e-14,-3.0570905800146e-15,-1.85948340035847e-14,-9.60339786362542e-15,80.0000000000001,0.23778887340961,0.0790083585618948,7.49050829609028e-14,-6.88005208360208e-14,0.77375855326261,-6.37035315325362e-13,-9.77298959948321,-2.05850974727246e-14,-0.0429869122185295,1.24938539551573e-13,0,0,0,0,1,0.673086199299627,0.673086199299627,80.0000000000001,3.67369893779162e-12,5.50404166688168e-12
3.83,-7.92564097361147e-15,0.0790083585618258,-2.97027247828958e-14,-3.06394302665572e-15,-1.85912178521075e-14,-9.60722972353927e-15,80.0000000000002,0.23778887340961,0.0790083585618948,7.49091305747643e-14,-6.89781565199608e-14,0.77375855326261,-6.37068990528312e-13,-9.77298959948321,-2.05850974727246e-14,-0.0429869122185295,1.24938539551573e-13,0,0,0,0,1,0.673086199299627,0.673086199299627,80.0000000000002,3.6665557117832e-12,5.51825252159688e-12
3.84,-7.96392242949182e-15,0.0790083585618256,-2.97991169728039e-14,-3.07077041729262e-15,-1.85872056683956e-14,-9.61106983361716e-15,80.0000000000002,0.23778887340961,0.0790083585618948,7.4913160108304e-14,-6.91668944341471e-14,0.77375855326261,-6.37102516541191e-13,-9.77298959948321,-2.05850974727246e-14,-0.0429869122185295,1.24938539551573e-13,0,0,0,0,1,0.673086199299627,0.673086199299627,80.0000000000002,3.65940841201512e-12,5.53335155473178e-12
3.85,-8.00227507790199e-15,0.0790083585618254,-2.98955477255037e-14,-3.07757282141739e-15,-1.85828233831309e-14,-9.61491822781548e-15,80.0000000000002,0.23778887340961,0.0790083585618948,7.4917171595186e-14,-6.93445301180871e-14,0.77375855326261,-6.37135893815123e-13,-9.77298959948321,-2.05850974727246e-14,-0.0429869122185295,1.24938539551573e-13,0,0,0,0,1,0.673086199299627,0.673086199299627,80.0000000000002,3.65225703300748e-12,5.54756240944698e-12
3.86,-8.04069867589721e-15,0.0790083585618253,-2.99920171242607e-14,-3.08435030877456e-15,-1.85782690124309e-14,-9.61877493886407e-15,80.0000000000002,0.23778887340961,0.0790083585618948,7.49211650695928e-14,-6.95221658020271e-14,0.773758553262609,-6.37169122801852e-13,-9.77298959948322,-2.05850974727246e-14,-0.0429869122185295,1.24938539551573e-13,0,0,0,0,1,0.673086199299627,0.673086199299627,80.0000000000002,3.64510156929964e-12,5.56177326416218e-12
3.87,-8.07919298125682e-15,0.0790083585618251,-3.00885252526629e-14,-3.09110294935083e-15,-1.8573832092876e-14,-9.62263999828998e-15,80.0000000000002,0.23778887340961,0.0790083585618948,7.49251405662119e-14,-6.96998014859671e-14,0.773758553262609,-6.37202203953702e-13,-9.77298959948322,-2.05850974727246e-14,-0.0429869122185295,1.24938539551573e-13,0,0,0,0,1,0.673086199299627,0.673086199299627,80.0000000000002,3.63794201545017e-12,5.57598411887739e-12
3.88,-8.11775775248567e-15,0.0790083585618249,-3.01850721946085e-14,-3.09783081336495e-15,-1.85686836738238e-14,-9.62651343644069e-15,80.0000000000002,0.23778887340961,0.0790083585618948,7.49290981202226e-14,-6.98885394001534e-14,0.773758553262609,-6.37235137723528e-13,-9.77298959948322,-2.05850974727246e-14,-0.0429869122185295,1.24938539551573e-13,0,0,0,0,1,0.673086199299627,0.673086199299627,80.0000000000002,3.63077836603674e-12,5.59108315201229e-12
3.89,-8.1563927488155e-15,0.0790083585618247,-3.02816580342943e-14,-3.10453397125794e-15,-1.85634574627255e-14,-9.63039528250697e-15,80.0000000000002,0.23778887340961,0.0790083585618948,7.49330377672833e-14,-7.00661750840934e-14,0.773758553262609,-6.37267924564683e-13,-9.77298959948323,-2.05850974727246e-14,-0.0429869122185295,1.24938539551573e-13,0,0,0,0,1,0.673086199299627,0.673086199299627,80.0000000000002,3.62361061565604e-12,5.60529400672749e-12
3.9,-8.19509773020619e-15,0.0790083585618245,-3.03782828562041e-14,-3.11121249368335e-15,-1.8557611272593e-14,-9.63428556454538e-15,80.0000000000003,0.23778887340961,0.0790083585618948,7.49369595435193e-14,-7.02438107680334e-14,0.773758553262609,-6.37300564930969e-13,-9.77298959948323,-2.05850974727246e-14,-0.0429869122185295,1.24938539551573e-13,0,0,0,0,1,0.673086199299627,0.673086199299627,80.0000000000002,3.61643875892375e-12,5.61950486144269e-12
3.91,-8.23387245734694e-15,0.0790083585618244,-3.04749467450978e-14,-3.11786645149783e-15,-1.8551050810037e-14,-9.63818430950026e-15,80.0000000000003,0.23778887340961,0.0790083585618948,7.494086348551e-14,-7.04214464519734e-14,0.773758553262609,-6.37333059276603e-13,-9.77298959948324,-2.05850974727246e-14,-0.0429869122185295,1.24938539551573e-13,0,0,0,0,1,0.673086199299627,0.673086199299627,80.0000000000003,3.6092627904744e-12,5.63371571615789e-12
3.92,-8.27271669165741e-15,0.0790083585618242,-3.0571649786e-14,-3.12449591575186e-15,-1.85446263362283e-14,-9.64209154322543e-15,80.0000000000003,0.23778887340961,0.0790083585618948,7.49447496302771e-14,-7.06101843661597e-14,0.773758553262609,-6.37365408056174e-13,-9.77298959948324,-2.05850974727246e-14,-0.0429869122185295,1.24938539551573e-13,0,0,0,0,1,0.673086199299627,0.673086199299627,80.0000000000003,3.60208270496135e-12,5.6488147492928e-12
3.93,-8.31163019528873e-15,0.079008358561824,-3.06683920641892e-14,-3.13110095768063e-15,-1.85378419268729e-14,-9.64600729050546e-15,80.0000000000003,0.23778887340961,0.0790083585618948,7.49486180152728e-14,-7.07878200500997e-14,0.773758553262608,-6.37397611724603e-13,-9.77298959948324,-2.05850974727246e-14,-0.0429869122185295,1.24938539551573e-13,0,0,0,0,1,0.673086199299627,0.673086199299627,80.0000000000003,3.59489849705668e-12,5.663025604008e-12
3.94,-8.35061273112447e-15,0.0790083585618238,-3.07651736651872e-14,-3.13768164869519e-15,-1.85306874159647e-14,-9.64993157507658e-15,80.0000000000003,0.23778887340961,0.0790083585618948,7.4952468678368e-14,-7.09654557340397e-14,0.773758553262608,-6.37429670737113e-13,-9.77298959948325,-2.05850974727246e-14,-0.0429869122185295,1.24938539551573e-13,0,0,0,0,1,0.673086199299627,0.673086199299627,80.0000000000003,3.58771016145114e-12,5.6772364587232e-12
3.95,-8.38966406278154e-15,0.0790083585618236,-3.08619946747489e-14,-3.14423806037368e-15,-1.8523179304847e-14,-9.65386441964717e-15,80.0000000000003,0.23778887340961,0.0790083585618948,7.49563016578408e-14,-7.1154193648226e-14,0.773758553262608,-6.37461585549185e-13,-9.77298959948325,-2.05850974727246e-14,-0.0429869122185295,1.24938539551573e-13,0,0,0,0,1,0.673086199299627,0.673086199299627,80.0000000000003,3.58051769285406e-12,5.6923354918581e-12
3.96,-8.42878395461102e-15,0.0790083585618234,-3.09588551788519e-14,-3.15077026445284e-15,-1.85149546376377e-14,-9.65780584591798e-15,80.0000000000003,0.23778887340961,0.0790083585618948,7.49601169923657e-14,-7.13207271019198e-14,0.773758553262608,-6.37493356616521e-13,-9.77298959948325,-2.05850974727246e-14,-0.0429869122185295,1.24938539551573e-13,0,0,0,0,1,0.673086199299627,0.673086199299627,80.0000000000003,3.57332108599327e-12,5.7056581681536e-12
3.97,-8.4679721716989e-15,0.0790083585618233,-3.10557552636863e-14,-3.1572783328196e-15,-1.85063880832258e-14,-9.66175587460189e-15,80.0000000000004,0.23778887340961,0.0790083585618948,7.49639147210022e-14,-7.14983627858598e-14,0.773758553262608,-6.37524984395016e-13,-9.77298959948326,-2.05850974727246e-14,-0.0429869122185295,1.24938539551573e-13,0,0,0,0,1,0.673086199299627,0.673086199299627,80.0000000000004,3.56612033561506e-12,5.71986902286881e-12
3.98,-8.50722847986677e-15,0.0790083585618231,-3.11526950156453e-14,-3.1637623375029e-15,-1.84974514272611e-14,-9.66571452544337e-15,80.0000000000004,0.23778887340961,0.0790083585618948,7.49676948831843e-14,-7.16759984697998e-14,0.773758553262608,-6.37556469340716e-13,-9.77298959948326,-2.05850974727246e-14,-0.0429869122185295,1.24938539551573e-13,0,0,0,0,1,0.673086199299627,0.673086199299627,80.0000000000004,3.55891543648405e-12,5.73407987758401e-12
3.99,-8.54655264567243e-15,0.0790083585618229,-3.12496745213155e-14,-3.1702223506657e-15,-1.84884987786706e-14,-9.66968181723762e-15,80.0000000000004,0.23778887340961,0.0790083585618948,7.49714575187097e-14,-7.18758386142323e-14,0.773758553262608,-6.37587811909788e-13,-9.77298959948327,-2.05850974727246e-14,-0.0429869122185295,1.24938539551573e-13,0,0,0,0,1,0.673086199299627,0.673086199299627,80.0000000000004,3.55170638338318e-12,5.75006708913861e-12
4,-8.58594443641048e-15,0.0790083585618227,-3.1346693867467e-14,-3.17665844459707e-15,-1.84795361920238e-14,-9.67365776784928e-15,80.0000000000004,0.23778887340961,0.0790083585618948,7.49752026677295e-14,-7.20534742981723e-14,0.773758553262607,-6.37619012558485e-13,-9.77298959948327,-2.05850974727246e-14,-0.0429869122185295,1.24938539551573e-13,0,0,0,0,1,0.673086199299627,0.673086199299627,80.0000000000004,3.54449317111358e-12,5.76427794385381e-12
4.01,-8.62540362011276e-15,0.0790083585618225,-3.14437531410448e-14,-3.18307069170453e-15,-1.84700997810962e-14,-9.67764239423092e-15,80.0000000000004,0.23778887340961,0.0790083585618948,7.4978930370738e-14,-7.22311099821123e-14,0.773758553262607,-6.37650071743114e-13,-9.77298959948327,-2.05850974727246e-14,-0.0429869122185295,1.24938539551573e-13,0,0,0,0,1,0.673086199299627,0.673086199299627,80.0000000000004,3.53727579449454e-12,5.77848879856901e-12
4.02,-8.66492996554884e-15,0.0790083585618224,-3.15408524291594e-14,-3.18945916450648e-15,-1.84600241168651e-14,-9.68163571244109e-15,80.0000000000004,0.23778887340961,0.0790083585618948,7.49826406685629e-14,-7.23976434358061e-14,0.773758553262607,-6.37680989920003e-13,-9.77298959948328,-2.05850974727246e-14,-0.0429869122185295,1.24938539551573e-13,0,0,0,0,1,0.673086199299627,0.673086199299627,80.0000000000004,3.53005424836343e-12,5.79181147486452e-12
4.03,-8.70452324222637e-15,0.0790083585618222,-3.1637991819078e-14,-3.19582393562485e-15,-1.84498993641961e-14,-9.68563773766215e-15,80.0000000000004,0.23778887340961,0.0790083585618948,7.49863336023551e-14,-7.25863813499923e-14,0.773758553262607,-6.37711767545472e-13,-9.77298959948328,-2.05850974727246e-14,-0.0429869122185295,1.24938539551573e-13,0,0,0,0,1,0.673086199299627,0.673086199299627,80.0000000000004,3.52282852757558e-12,5.80691050799942e-12
4.04,-8.74418322039134e-15,0.079008358561822,-3.17351713982155e-14,-3.20216507777784e-15,-1.84395247340455e-14,-9.68964848421771e-15,80.0000000000005,0.23778887340961,0.0790083585618948,7.49900092135794e-14,-7.27640170339323e-14,0.773758553262607,-6.37742405075802e-13,-9.77298959948328,-2.05850974727246e-14,-0.0429869122185295,1.24938539551573e-13,0,0,0,0,1,0.673086199299627,0.673086199299627,80.0000000000005,3.5155986270043e-12,5.82112136271462e-12
4.05,-8.78390967102844e-15,0.0790083585618218,-3.18323912541268e-14,-3.20848266377287e-15,-1.8428725368052e-14,-9.69366796558978e-15,80.0000000000005,0.23778887340961,0.0790083585618948,7.49936675440049e-14,-7.29416527178724e-14,0.773758553262606,-6.37772902967199e-13,-9.77298959948329,-2.05850974727246e-14,-0.0429869122185295,1.24938539551573e-13,0,0,0,0,1,0.673086199299627,0.673086199299627,80.0000000000005,3.5083645415407e-12,5.83533221742982e-12
4.06,-8.82370236586115e-15,0.0790083585618216,-3.19296514744973e-14,-3.2147767664996e-15,-1.84170164864439e-14,-9.69769619443563e-15,80.0000000000005,0.237788873409611,0.0790083585618948,7.49973086356957e-14,-7.31192884018124e-14,0.773758553262606,-6.37803261675777e-13,-9.77298959948329,-2.05850974727246e-14,-0.0429869122185295,1.24938539551573e-13,0,0,0,0,1,0.673086199299627,0.673086199299627,80.0000000000005,3.50112626609373e-12,5.84954307214502e-12
4.07,-8.86356107735196e-15,0.0790083585618215,-3.20269521471357e-14,-3.22104745892321e-15,-1.8404736566906e-14,-9.70173318260434e-15,80.0000000000005,0.237788873409611,0.0790083585618948,7.50009325310021e-14,-7.33191285462449e-14,0.773758553262606,-6.37833481657515e-13,-9.77298959948329,-2.05850974727246e-14,-0.0429869122185295,1.24938539551573e-13,0,0,0,0,1,0.673086199299627,0.673086199299627,80.0000000000005,3.49388379559e-12,5.86553028369963e-12
4.08,-8.90348557870241e-15,0.0790083585618213,-3.21242933599655e-14,-3.22729481407769e-15,-1.83922780528534e-14,-9.70577894115301e-15,80.0000000000005,0.237788873409611,0.0790083585618948,7.50045392725513e-14,-7.34967642301849e-14,0.773758553262606,-6.37863563368241e-13,-9.7729895994833,-2.05850974727246e-14,-0.0429869122185295,1.24938539551573e-13,0,0,0,0,1,0.673086199299627,0.673086199299627,80.0000000000005,3.4866371249738e-12,5.87974113841483e-12
4.09,-8.94347564385315e-15,0.0790083585618211,-3.2221675201017e-14,-3.23351890505938e-15,-1.83784852873431e-14,-9.7098334803628e-15,80.0000000000005,0.237788873409611,0.0790083585618948,7.50081289032388e-14,-7.36632976838787e-14,0.773758553262606,-6.37893507263596e-13,-9.7729895994833,-2.05850974727246e-14,-0.0429869122185295,1.24938539551573e-13,0,0,0,0,1,0.673086199299627,0.673086199299627,80.0000000000005,3.47938624920698e-12,5.89306381471033e-12
4.1,-8.98353104748391e-15,0.0790083585618209,-3.23190977584201e-14,-3.23971980502057e-15,-1.83641904832019e-14,-9.71389680975454e-15,80.0000000000005,0.237788873409611,0.0790083585618947,7.501170146622e-14,-7.38298311375724e-14,0.773758553262605,-6.37923313799011e-13,-9.7729895994833,-2.05850974727246e-14,-0.0429869122185295,1.24938539551573e-13,0,0,0,0,1,0.673086199299627,0.673086199299627,80.0000000000005,3.47213116326888e-12,5.90638649100583e-12
4.11,-9.02365156501346e-15,0.0790083585618207,-3.24165611203963e-14,-3.24589758716325e-15,-1.83486155726351e-14,-9.71796893810415e-15,80.0000000000006,0.237788873409611,0.0790083585618947,7.50152570049014e-14,-7.39963645912662e-14,0.773758553262605,-6.37952983429681e-13,-9.7729895994833,-2.05850974727246e-14,-0.0429869122185295,1.24938539551573e-13,0,0,0,0,1,0.673086199299627,0.673086199299627,80.0000000000006,3.46487186215628e-12,5.91970916730133e-12
4.12,-9.06383697259944e-15,0.0790083585618206,-3.25140653752514e-14,-3.25205232473305e-15,-1.83320765121634e-14,-9.72204987345777e-15,80.0000000000006,0.237788873409611,0.0790083585618947,7.50187955629328e-14,-7.41628980449599e-14,0.773758553262604,-6.37982516610537e-13,-9.7729895994833,-2.05850974727246e-14,-0.0429869122185295,1.24938539551573e-13,0,0,0,0,1,0.673086199299627,0.673086199299627,80.0000000000006,3.45760834088333e-12,5.93303184359684e-12
4.13,-9.10408704713825e-15,0.0790083585618204,-3.26116106113685e-14,-3.25818409101323e-15,-1.83149924917775e-14,-9.72613962314659e-15,80.0000000000006,0.237788873409611,0.0790083585618947,7.50223171841988e-14,-7.43294314986537e-14,0.773758553262604,-6.38011913796222e-13,-9.77298959948331,-2.05850974727246e-14,-0.0429869122185295,1.24938539551573e-13,0,0,0,0,1,0.673086199299627,0.673086199299627,80.0000000000006,3.45034059448147e-12,5.94635451989234e-12
4.14,-9.1444015662648e-15,0.0790083585618202,-3.27091969172006e-14,-3.26429295931883e-15,-1.82975446259494e-14,-9.73023819380148e-15,80.0000000000006,0.237788873409611,0.0790083585618947,7.5025821912811e-14,-7.44959649523474e-14,0.773758553262603,-6.38041175441066e-13,-9.77298959948331,-2.05850974727246e-14,-0.0429869122185295,1.24938539551573e-13,0,0,0,0,1,0.673086199299627,0.673086199299627,80.0000000000006,3.44306861799934e-12,5.95967719618784e-12
4.15,-9.18478030835227e-15,0.07900835856182,-3.28068243812637e-14,-3.27037900299094e-15,-1.8278565797698e-14,-9.73434559136724e-15,80.0000000000006,0.237788873409611,0.0790083585618947,7.50293097931004e-14,-7.46624984060412e-14,0.773758553262603,-6.38070301999061e-13,-9.77298959948331,-2.05850974727246e-14,-0.0429869122185295,1.24938539551573e-13,0,0,0,0,1,0.673086199299627,0.673086199299627,80.0000000000006,3.43579240650275e-12,5.97299987248334e-12
4.16,-9.2252230525118e-15,0.0790083585618198,-3.29044930921303e-14,-3.27644229539111e-15,-1.82578850474376e-14,-9.73846182111674e-15,80.0000000000006,0.237788873409611,0.0790083585618947,7.50327808696093e-14,-7.4829031859735e-14,0.773758553262603,-6.38099293923841e-13,-9.77298959948331,-2.05850974727246e-14,-0.0429869122185295,1.24938539551573e-13,0,0,0,0,1,0.673086199299627,0.673086199299627,80.0000000000006,3.42851195507462e-12,5.98632254877884e-12
4.17,-9.26572957859212e-15,0.0790083585618197,-3.30022031384221e-14,-3.28248290989585e-15,-1.82361716372316e-14,-9.74258688766472e-15,80.0000000000006,0.237788873409611,0.0790083585618946,7.50362351870844e-14,-7.49955653134287e-14,0.773758553262602,-6.38128151668653e-13,-9.77298959948332,-2.05850974727246e-14,-0.0429869122185295,1.24938539551573e-13,0,0,0,0,1,0.673086199299627,0.673086199299627,80.0000000000006,3.42122725881484e-12,5.99964522507435e-12
4.18,-9.30629966717919e-15,0.0790083585618195,-3.30999546088042e-14,-3.28850091989128e-15,-1.82143890817834e-14,-9.74672079498134e-15,80.0000000000007,0.237788873409611,0.0790083585618946,7.50396727904688e-14,-7.51509965368762e-14,0.773758553262602,-6.38156875686338e-13,-9.77298959948332,-2.05850974727246e-14,-0.0429869122185295,1.24938539551573e-13,0,0,0,0,1,0.673086199299627,0.673086199299627,80.0000000000007,3.41393831284029e-12,6.01207972295015e-12
4.19,-9.34693309959576e-15,0.0790083585618193,-3.31977475919782e-14,-3.29449639876783e-15,-1.81909714659005e-14,-9.75086354640551e-15,80.0000000000007,0.237788873409611,0.0790083585618946,7.50430937248954e-14,-7.531752999057e-14,0.773758553262602,-6.38185466429309e-13,-9.77298959948332,-2.05850974727246e-14,-0.0429869122185295,1.24938539551573e-13,0,0,0,0,1,0.673086199299627,0.673086199299627,80.0000000000007,3.4066451122847e-12,6.02540239924565e-12
4.2,-9.38762965790085e-15,0.0790083585618191,-3.3295582176676e-14,-3.30046941991515e-15,-1.81686980955702e-14,-9.75501514465798e-15,80.0000000000007,0.237788873409611,0.0790083585618946,7.50464980356792e-14,-7.54729612140175e-14,0.773758553262601,-6.38213924349529e-13,-9.77298959948332,-2.05850974727246e-14,-0.0429869122185295,1.24938539551573e-13,0,0,0,0,1,0.673086199299627,0.673086199299627,80.0000000000007,3.39934765229863e-12,6.03783689712145e-12
4.21,-9.4283891248893e-15,0.0790083585618189,-3.3393458451654e-14,-3.30642005671705e-15,-1.81447787426728e-14,-9.75917559185423e-15,80.0000000000007,0.237788873409611,0.0790083585618946,7.50498857683112e-14,-7.56394946677113e-14,0.773758553262601,-6.38242249898487e-13,-9.77298959948332,-2.05850974727246e-14,-0.0429869122185295,1.24938539551573e-13,0,0,0,0,1,0.673086199299627,0.673086199299627,80.0000000000007,3.39204592804938e-12,6.05115957341695e-12
4.22,-9.46921128409116e-15,0.0790083585618188,-3.34913765056865e-14,-3.31234838254657e-15,-1.81199424268734e-14,-9.76334488951703e-15,80.0000000000007,0.237788873409611,0.0790083585618946,7.50532569684505e-14,-7.58171303516513e-14,0.773758553262601,-6.38270443527183e-13,-9.77298959948333,-2.05850974727246e-14,-0.0429869122185295,1.24938539551573e-13,0,0,0,0,1,0.673086199299627,0.673086199299627,80.0000000000007,3.38473993472094e-12,6.06537042813216e-12
4.23,-9.51009591977111e-15,0.0790083585618186,-3.35893364275604e-14,-3.3182544707612e-15,-1.80945100806702e-14,-9.76752303858887e-15,80.0000000000007,0.237788873409611,0.0790083585618946,7.50566116819187e-14,-7.5983663805345e-14,0.7737585532626,-6.38298505686102e-13,-9.77298959948333,-2.05850974727246e-14,-0.0429869122185295,1.24938539551573e-13,0,0,0,0,1,0.673086199299627,0.673086199299627,80.0000000000007,3.3774296675139e-12,6.07869310442766e-12
4.24,-9.55104281692783e-15,0.0790083585618184,-3.36873383060692e-14,-3.32413839469811e-15,-1.80680195524813e-14,-9.77171003944416e-15,80.0000000000007,0.237788873409611,0.0790083585618945,7.50599499546926e-14,-7.61501972590388e-14,0.7737585532626,-6.38326436825196e-13,-9.77298959948333,-2.05850974727246e-14,-0.0429869122185295,1.24938539551573e-13,0,0,0,0,1,0.673086199299627,0.673086199299627,80.0000000000007,3.37011512164541e-12,6.09201578072316e-12
4.25,-9.59205176129334e-15,0.0790083585618182,-3.37853822300072e-14,-3.33000022766959e-15,-1.80396910996367e-14,-9.77590589190111e-15,80.0000000000008,0.237788873409611,0.0790083585618945,7.50632718328983e-14,-7.63167307127325e-14,0.7737585532626,-6.38354237393867e-13,-9.77298959948333,-2.05850974727246e-14,-0.0429869122185295,1.24938539551573e-13,0,0,0,0,1,0.673086199299627,0.673086199299627,80.0000000000007,3.36279629234907e-12,6.10533845701866e-12
4.26,-9.63312253933226e-15,0.079008358561818,-3.38834682881642e-14,-3.33584004295852e-15,-1.80113740123146e-14,-9.78011059523355e-15,80.0000000000008,0.237788873409611,0.0790083585618945,7.50665773628045e-14,-7.64832641664263e-14,0.773758553262599,-6.38381907840947e-13,-9.77298959948333,-2.05850974727246e-14,-0.0429869122185295,1.24938539551573e-13,0,0,0,0,1,0.673086199299627,0.673086199299627,80.0000000000008,3.35547317487492e-12,6.11866113331416e-12
4.27,-9.67425493824109e-15,0.0790083585618179,-3.39815965693201e-14,-3.34165791381395e-15,-1.79819788863533e-14,-9.78432414818242e-15,80.0000000000008,0.237788873409611,0.0790083585618945,7.50698665908165e-14,-7.66497976201201e-14,0.773758553262599,-6.38409448614676e-13,-9.77298959948333,-2.05850974727246e-14,-0.0429869122185295,1.24938539551573e-13,0,0,0,0,1,0.673086199299627,0.673086199299627,80.0000000000008,3.34814576448934e-12,6.13198380960966e-12
4.28,-9.71544874594745e-15,0.0790083585618177,-3.40797671622395e-14,-3.34745391344681e-15,-1.79503006608562e-14,-9.7885465489671e-15,80.0000000000008,0.237788873409611,0.0790083585618945,7.50731395634703e-14,-7.68163310738138e-14,0.773758553262598,-6.3843686016269e-13,-9.77298959948334,-2.05850974727246e-14,-0.0429869122185295,1.24938539551573e-13,0,0,0,0,1,0.673086199299627,0.673086199299627,80.0000000000008,3.340814056475e-12,6.14530648590517e-12
4.29,-9.75670375110922e-15,0.0790083585618175,-3.41779801556666e-14,-3.35322811502566e-15,-1.79172037549017e-14,-9.79277779529649e-15,80.0000000000008,0.237788873409611,0.0790083585618945,7.50763963274266e-14,-7.69828645275076e-14,0.773758553262598,-6.38464142931997e-13,-9.77298959948334,-2.05850974727246e-14,-0.0429869122185295,1.24938539551573e-13,0,0,0,0,1,0.673086199299627,0.673086199299627,80.0000000000008,3.33347804613078e-12,6.15862916220067e-12
4.3,-9.79801974311373e-15,0.0790083585618173,-3.42762356383199e-14,-3.35898059167259e-15,-1.78846161069157e-14,-9.79701788438002e-15,80.0000000000008,0.237788873409612,0.0790083585618945,7.50796369294646e-14,-7.71493979812013e-14,0.773758553262598,-6.38491297368965e-13,-9.77298959948334,-2.05850974727246e-14,-0.0429869122185295,1.24938539551573e-13,0,0,0,0,1,0.673086199299627,0.673086199299627,80.0000000000008,3.32613772877169e-12,6.17195183849617e-12
4.31,-9.8393965120769e-15,0.0790083585618171,-3.43745336988878e-14,-3.36471141645916e-15,-1.78512471233911e-14,-9.80126681293828e-15,80.0000000000008,0.237788873409612,0.0790083585618944,7.50828614164769e-14,-7.73159314348951e-14,0.773758553262597,-6.38518323919303e-13,-9.77298959948335,-2.05850974727246e-14,-0.0429869122185295,1.24938539551573e-13,0,0,0,0,1,0.673086199299627,0.673086199299627,80.0000000000008,3.31879309972888e-12,6.18527451479167e-12
4.32,-9.88083384884229e-15,0.079008358561817,-3.44728744260231e-14,-3.37042066240248e-15,-1.78167571062773e-14,-9.80552457721359e-15,80.0000000000009,0.237788873409612,0.0790083585618944,7.50860698354637e-14,-7.74824648885889e-14,0.773758553262597,-6.38545223028044e-13,-9.77298959948335,-2.05850974727246e-14,-0.0429869122185295,1.24938539551573e-13,0,0,0,0,1,0.673086199299627,0.673086199299627,80.0000000000009,3.31144415434947e-12,6.19859719108717e-12
4.33,-9.92233154498018e-15,0.0790083585618168,-3.45712579083387e-14,-3.37610840246134e-15,-1.77823195676601e-14,-9.80979117298033e-15,80.0000000000009,0.237788873409612,0.0790083585618944,7.50892622335271e-14,-7.76489983422826e-14,0.773758553262597,-6.38571995139528e-13,-9.77298959948335,-2.05850974727246e-14,-0.0429869122185295,1.24938539551573e-13,0,0,0,0,1,0.673086199299627,0.673086199299627,80.0000000000009,3.30409088799656e-12,6.21191986738268e-12
4.34,-9.96388939278662e-15,0.0790083585618166,-3.46696842344028e-14,-3.38177470953242e-15,-1.77468200219478e-14,-9.81406659555509e-15,80.0000000000009,0.237788873409612,0.0790083585618944,7.5092438657866e-14,-7.78155317959764e-14,0.773758553262596,-6.38598640697392e-13,-9.77298959948335,-2.05850974727246e-14,-0.0429869122185295,1.24938539551573e-13,0,0,0,0,1,0.673086199299627,0.673086199299627,80.0000000000009,3.29673329604915e-12,6.22524254367818e-12
4.35,-1.00055071852824e-14,0.0790083585618164,-3.47681534927343e-14,-3.38741965644665e-15,-1.77107631139051e-14,-9.81835083980667e-15,80.0000000000009,0.237788873409612,0.0790083585618944,7.50955991557707e-14,-7.79820652496701e-14,0.773758553262596,-6.38625160144548e-13,-9.77298959948336,-2.05850974727246e-14,-0.0429869122185295,1.24938539551573e-13,0,0,0,0,1,0.673086199299627,0.673086199299627,80.0000000000009,3.28937137390206e-12,6.23856521997368e-12
4.36,-1.0047184716212e-14,0.0790083585618162,-3.48666657717984e-14,-3.39304331596555e-15,-1.7674482460604e-14,-9.8226439001658e-15,80.0000000000009,0.237788873409612,0.0790083585618944,7.50987437746177e-14,-7.81485987033639e-14,0.773758553262596,-6.38651553923169e-13,-9.77298959948336,-2.05850974727246e-14,-0.0429869122185295,1.24938539551573e-13,0,0,0,0,1,0.673086199299627,0.673086199299627,80.0000000000009,3.28200511696589e-12,6.25188789626918e-12
4.37,-1.00889217800427e-14,0.0790083585618161,-3.49652211600023e-14,-3.39864576077775e-15,-1.7636847250242e-14,-9.82694577063483e-15,80.0000000000009,0.237788873409612,0.0790083585618944,7.51018725618651e-14,-7.83151321570576e-14,0.773758553262595,-6.3867782247468e-13,-9.77298959948336,-2.05850974727246e-14,-0.0429869122185295,1.24938539551573e-13,0,0,0,0,1,0.673086199299627,0.673086199299627,80.0000000000009,3.27463452066693e-12,6.26521057256468e-12
4.38,-1.01307181719633e-14,0.0790083585618159,-3.50638197456912e-14,-3.40422706349553e-15,-1.75991620604919e-14,-9.83125644479712e-15,80.0000000000009,0.237788873409612,0.0790083585618944,7.51049855650467e-14,-7.84927678409976e-14,0.773758553262595,-6.38703966239736e-13,-9.77298959948337,-2.05850974727246e-14,-0.0429869122185295,1.24938539551573e-13,0,0,0,0,1,0.673086199299627,0.673086199299627,80.0000000000009,3.26725958044712e-12,6.27942142727989e-12
4.39,-1.0172573687883e-14,0.0790083585618157,-3.51624616171433e-14,-3.40978729665146e-15,-1.75594782720412e-14,-9.8355759158263e-15,80.000000000001,0.237788873409612,0.0790083585618943,7.51080828317684e-14,-7.86593012946914e-14,0.773758553262595,-6.38729985658215e-13,-9.77298959948337,-2.05850974727246e-14,-0.0429869122185295,1.24938539551573e-13,0,0,0,0,1,0.673086199299627,0.673086199299627,80.000000000001,3.25988029176396e-12,6.29274410357539e-12
4.4,-1.02144881244304e-14,0.0790083585618155,-3.52611468625669e-14,-3.41532653269511e-15,-1.7519415441957e-14,-9.83990417649543e-15,80.000000000001,0.237788873409612,0.0790083585618943,7.51111644097023e-14,-7.88258347483852e-14,0.773758553262594,-6.387558811692e-13,-9.77298959948337,-2.05850974727246e-14,-0.0429869122185295,1.24938539551573e-13,0,0,0,0,1,0.673086199299627,0.673086199299627,80.000000000001,3.25249665009051e-12,6.30606677987089e-12
4.41,-1.02564612789524e-14,0.0790083585618153,-3.53598755700954e-14,-3.42084484398986e-15,-1.74785694874839e-14,-9.84424121918585e-15,80.000000000001,0.237788873409612,0.0790083585618943,7.51142303465826e-14,-7.89923682020789e-14,0.773758553262594,-6.38781653210966e-13,-9.77298959948337,-2.05850974727246e-14,-0.0429869122185295,1.24938539551573e-13,0,0,0,0,1,0.673086199299627,0.673086199299627,80.000000000001,3.24510865091523e-12,6.31938945616639e-12
4.42,-1.02984929495127e-14,0.0790083585618152,-3.54586478277841e-14,-3.42634230280971e-15,-1.74373402117585e-14,-9.84858703589604e-15,80.000000000001,0.237788873409612,0.0790083585618943,7.51172806902011e-14,-7.91589016557727e-14,0.773758553262593,-6.38807302220972e-13,-9.77298959948337,-2.05850974727246e-14,-0.0429869122185295,1.24938539551573e-13,0,0,0,0,1,0.673086199299627,0.673086199299627,80.000000000001,3.23771628974201e-12,6.33271213246189e-12
4.43,-1.03405829348911e-14,0.079008358561815,-3.5557463723606e-14,-3.43181898133628e-15,-1.73960992230261e-14,-9.85294161825017e-15,80.000000000001,0.237788873409612,0.0790083585618943,7.51203154884024e-14,-7.93254351094664e-14,0.773758553262593,-6.3883282863584e-13,-9.77298959948337,-2.05850974727246e-14,-0.0429869122185295,1.24938539551573e-13,0,0,0,0,1,0.673086199299627,0.673086199299627,80.000000000001,3.23031956209004e-12,6.34603480875739e-12
4.44,-1.03827310345816e-14,0.0790083585618148,-3.56563233454484e-14,-3.43727495165577e-15,-1.73542706352536e-14,-9.85730495750657e-15,80.000000000001,0.237788873409612,0.0790083585618943,7.512333478908e-14,-7.95141730236527e-14,0.773758553262593,-6.38858232891352e-13,-9.77298959948338,-2.05850974727246e-14,-0.0429869122185295,1.24938539551573e-13,0,0,0,0,1,0.673086199299627,0.673086199299627,80.000000000001,3.22291846349381e-12,6.3611338418923e-12
4.45,-1.04249370487918e-14,0.0790083585618146,-3.57552267811089e-14,-3.44271028575608e-15,-1.73127932166892e-14,-9.86167704456608e-15,80.000000000001,0.237788873409612,0.0790083585618943,7.51263386401712e-14,-7.96585020168539e-14,0.773758553262593,-6.38883515422431e-13,-9.77298959948338,-2.05850974727246e-14,-0.0429869122185295,1.24938539551573e-13,0,0,0,0,1,0.673086199299627,0.673086199299627,80.000000000001,3.215512989503e-12,6.3726801613484e-12
4.46,-1.04672007784412e-14,0.0790083585618145,-3.58541741182922e-14,-3.44812505552392e-15,-1.72720684244956e-14,-9.86605786998013e-15,80.0000000000011,0.237788873409612,0.0790083585618943,7.51293270896539e-14,-7.9836137700794e-14,0.773758553262593,-6.38908676663133e-13,-9.77298959948338,-2.05850974727246e-14,-0.0429869122185295,1.24938539551573e-13,0,0,0,0,1,0.673086199299627,0.673086199299627,80.0000000000011,3.20810313568243e-12,6.3868910160636e-12
4.47,-1.050952202516e-14,0.0790083585618143,-3.59531654446065e-14,-3.45351933274201e-15,-1.72312523731472e-14,-9.87044742395881e-15,80.0000000000011,0.237788873409612,0.0790083585618943,7.51323001855417e-14,-7.99915689242415e-14,0.773758553262592,-6.38933717046635e-13,-9.77298959948339,-2.05850974727246e-14,-0.0429869122185295,1.24938539551573e-13,0,0,0,0,1,0.673086199299627,0.673086199299627,80.0000000000011,3.20068889761201e-12,6.3993255139394e-12
4.48,-1.0551900591288e-14,0.0790083585618141,-3.605220084756e-14,-3.45889318908642e-15,-1.71897509656441e-14,-9.87484569637869e-15,80.0000000000011,0.237788873409612,0.0790083585618943,7.51352579758801e-14,-8.01692046081815e-14,0.773758553262592,-6.38958637005221e-13,-9.77298959948339,-2.05850974727246e-14,-0.0429869122185295,1.24938539551573e-13,0,0,0,0,1,0.673086199299627,0.673086199299627,80.0000000000011,3.19327027088669e-12,6.4135363686546e-12
4.49,-1.05943362798728e-14,0.079008358561814,-3.6151280414558e-14,-3.46424669612387e-15,-1.71481745390211e-14,-9.87925267679056e-15,80.0000000000011,0.237788873409612,0.0790083585618943,7.51382005087428e-14,-8.03357380618752e-14,0.773758553262592,-6.38983436970279e-13,-9.7729895994834,-2.05850974727246e-14,-0.0429869122185295,1.24938539551573e-13,0,0,0,0,1,0.673086199299627,0.673086199299627,80.0000000000011,3.18584725111636e-12,6.42685904495011e-12
4.5,-1.06368288946689e-14,0.0790083585618138,-3.6250404232899e-14,-3.46957992530914e-15,-1.71072138257127e-14,-9.88366835442699e-15,80.0000000000011,0.237788873409612,0.0790083585618943,7.51411278322272e-14,-8.04911692853227e-14,0.773758553262592,-6.3900811737228e-13,-9.7729895994834,-2.05850974727246e-14,-0.0429869122185295,1.24938539551573e-13,0,0,0,0,1,0.673086199299627,0.673086199299627,80.0000000000011,3.17841983392583e-12,6.43929354282591e-12
4.51,-1.0679378240136e-14,0.0790083585618136,-3.63495723897721e-14,-3.47489294798256e-15,-1.70660019895385e-14,-9.88809271820978e-15,80.0000000000011,0.237788873409612,0.0790083585618943,7.51440399944515e-14,-8.06688049692627e-14,0.773758553262591,-6.39032678640777e-13,-9.7729895994834,-2.05850974727246e-14,-0.0429869122185295,1.24938539551573e-13,0,0,0,0,1,0.673086199299627,0.673086199299627,80.0000000000011,3.17098801495475e-12,6.45350439754111e-12
4.52,-1.0721984121438e-14,0.0790083585618135,-3.64487849722539e-14,-3.48018583536752e-15,-1.70242432433671e-14,-9.89252575675726e-15,80.0000000000011,0.237788873409612,0.0790083585618943,7.51469370435502e-14,-8.08353384229565e-14,0.773758553262591,-6.39057121204389e-13,-9.7729895994834,-2.05850974727246e-14,-0.0429869122185295,1.24938539551573e-13,0,0,0,0,1,0.673086199299627,0.673086199299627,80.0000000000011,3.16355178985756e-12,6.46682707383661e-12
4.53,-1.0764646344441e-14,0.0790083585618133,-3.6548042067305e-14,-3.48545865856808e-15,-1.69848978533749e-14,-9.89696745839144e-15,80.0000000000012,0.237788873409613,0.0790083585618943,7.51498190276709e-14,-8.10018718766502e-14,0.773758553262591,-6.39081445490796e-13,-9.77298959948341,-2.05850974727246e-14,-0.0429869122185295,1.24938539551573e-13,0,0,0,0,1,0.673086199299627,0.673086199299627,80.0000000000011,3.15611115430341e-12,6.48014975013211e-12
4.54,-1.08073647157122e-14,0.0790083585618131,-3.66473437617676e-14,-3.49071148856663e-15,-1.6945498981351e-14,-9.9014178111451e-15,80.0000000000012,0.237788873409613,0.0790083585618943,7.51526859949703e-14,-8.11573031000978e-14,0.773758553262591,-6.39105651926727e-13,-9.77298959948341,-2.05850974727246e-14,-0.0429869122185295,1.24938539551573e-13,0,0,0,0,1,0.673086199299627,0.673086199299627,80.0000000000012,3.14866610397613e-12,6.49258424800792e-12
4.55,-1.08501390425187e-14,0.079008358561813,-3.67466901423626e-14,-3.49594439622156e-15,-1.69081012724631e-14,-9.90587680276862e-15,80.0000000000012,0.237788873409613,0.0790083585618943,7.51555379936115e-14,-8.13349387840378e-14,0.773758553262591,-6.39129740937949e-13,-9.77298959948342,-2.05850974727246e-14,-0.0429869122185295,1.24938539551573e-13,0,0,0,0,1,0.673086199299627,0.673086199299627,80.0000000000012,3.14121663457416e-12,6.50679510272312e-12
4.56,-1.08929691328255e-14,0.0790083585618128,-3.68460812956862e-14,-3.50115745226508e-15,-1.68704689281531e-14,-9.91034442073685e-15,80.0000000000012,0.237788873409613,0.0790083585618943,7.51583750717596e-14,-8.15014722377315e-14,0.773758553262591,-6.39153712949263e-13,-9.77298959948342,-2.05850974727246e-14,-0.0429869122185295,1.24938539551573e-13,0,0,0,0,1,0.673086199299627,0.673086199299627,80.0000000000012,3.13376274181048e-12,6.52011777901862e-12
4.57,-1.09358547952942e-14,0.0790083585618126,-3.69455173082079e-14,-3.506350727301e-15,-1.68332929769124e-14,-9.91482065225569e-15,80.0000000000012,0.237788873409613,0.0790083585618943,7.51611972775791e-14,-8.1656903461179e-14,0.773758553262591,-6.39177568384491e-13,-9.77298959948342,-2.05850974727246e-14,-0.0429869122185295,1.24938539551573e-13,0,0,0,0,1,0.673086199299627,0.673086199299627,80.0000000000012,3.12630442141255e-12,6.53255227689442e-12
4.58,-1.09787958392818e-14,0.0790083585618125,-3.70449982662676e-14,-3.51152429180262e-15,-1.67953025053649e-14,-9.91930548426871e-15,80.0000000000012,0.237788873409613,0.0790083585618943,7.51640046592304e-14,-8.18234369148728e-14,0.77375855326259,-6.39201307666471e-13,-9.77298959948343,-2.05850974727246e-14,-0.0429869122185295,1.24938539551573e-13,0,0,0,0,1,0.673086199299627,0.673086199299627,80.0000000000012,3.1188416691223e-12,6.54587495318992e-12
4.59,-1.10217920748387e-14,0.0790083585618123,-3.71445242560727e-14,-3.51667821611066e-15,-1.67571815895326e-14,-9.92379890346347e-15,80.0000000000012,0.237788873409613,0.0790083585618943,7.51667972648665e-14,-8.19788681383203e-14,0.77375855326259,-6.39224931217047e-13,-9.77298959948343,-2.05850974727246e-14,-0.0429869122185295,1.24938539551573e-13,0,0,0,0,1,0.673086199299627,0.673086199299627,80.0000000000012,3.111374480696e-12,6.55830945106572e-12
4.6,-1.10648433127076e-14,0.0790083585618121,-3.7244095363696e-14,-3.52181257043127e-15,-1.67186904790217e-14,-9.92830089627791e-15,80.0000000000013,0.237788873409613,0.0790083585618943,7.51695751426299e-14,-8.21231971315215e-14,0.77375855326259,-6.3924843945706e-13,-9.77298959948343,-2.05850974727246e-14,-0.0429869122185295,1.24938539551573e-13,0,0,0,0,1,0.673086199299627,0.673086199299627,80.0000000000013,3.10390285190424e-12,6.56985577052183e-12
4.61,-1.11079493643216e-14,0.079008358561812,-3.73437116750729e-14,-3.52692742483403e-15,-1.66803331875649e-14,-9.93281144890648e-15,80.0000000000013,0.237788873409613,0.0790083585618942,7.51723383406497e-14,-8.22786283549691e-14,0.773758553262589,-6.39271832806343e-13,-9.77298959948343,-2.05850974727246e-14,-0.0429869122185295,1.24938539551573e-13,0,0,0,0,1,0.673086199299627,0.673086199299627,80.0000000000013,3.09642677853188e-12,6.58229026839763e-12
4.62,-1.11511100418029e-14,0.0790083585618118,-3.74433732759991e-14,-3.53202284925003e-15,-1.66409650943265e-14,-9.93733054730623e-15,80.0000000000013,0.237788873409613,0.0790083585618942,7.51750869070382e-14,-8.24451618086628e-14,0.773758553262589,-6.39295111683713e-13,-9.77298959948344,-2.05850974727246e-14,-0.0429869122185295,1.24938539551573e-13,0,0,0,0,1,0.673086199299627,0.673086199299627,80.0000000000013,3.08894625637798e-12,6.59561294469313e-12
4.63,-1.11943251579608e-14,0.0790083585618116,-3.75430802521285e-14,-3.53709891347006e-15,-1.66008918369279e-14,-9.94185817720275e-15,80.0000000000013,0.237788873409613,0.0790083585618942,7.51778208898885e-14,-8.25894908018641e-14,0.773758553262589,-6.39318276506962e-13,-9.77298959948344,-2.05850974727246e-14,-0.0429869122185295,1.24938539551573e-13,0,0,0,0,1,0.673086199299627,0.673086199299627,80.0000000000013,3.08146128125573e-12,6.60715926414923e-12
4.64,-1.12375945262909e-14,0.0790083585618115,-3.76428326889703e-14,-3.54215568714273e-15,-1.65615152525587e-14,-9.94639432409604e-15,80.0000000000013,0.237788873409613,0.0790083585618942,7.51805403372711e-14,-8.27449220253116e-14,0.773758553262588,-6.39341327692851e-13,-9.77298959948344,-2.05850974727246e-14,-0.0429869122185295,1.24938539551573e-13,0,0,0,0,1,0.673086199299627,0.673086199299627,80.0000000000013,3.07397184899244e-12,6.61959376202503e-12
4.65,-1.12809179609726e-14,0.0790083585618113,-3.77426306718875e-14,-3.54719323977275e-15,-1.65206767453731e-14,-9.95093897326626e-15,80.0000000000013,0.237788873409613,0.0790083585618942,7.51832452972316e-14,-8.29225577092516e-14,0.773758553262588,-6.39364265657104e-13,-9.77298959948344,-2.05850974727246e-14,-0.0429869122185295,1.24938539551573e-13,0,0,0,0,1,0.673086199299627,0.673086199299627,80.0000000000013,3.06647795542941e-12,6.63380461674024e-12
4.66,-1.1324295276868e-14,0.0790083585618111,-3.78424742860941e-14,-3.5522116407192e-15,-1.64807277776143e-14,-9.95549210977933e-15,80.0000000000013,0.237788873409613,0.0790083585618942,7.51859358177875e-14,-8.30890911629453e-14,0.773758553262588,-6.39387090814402e-13,-9.77298959948345,-2.05850974727246e-14,-0.0429869122185295,1.24938539551573e-13,0,0,0,0,1,0.673086199299627,0.673086199299627,80.0000000000013,3.05897959642195e-12,6.64712729303574e-12
4.67,-1.13677262895202e-14,0.079008358561811,-3.79423636166535e-14,-3.55721095919382e-15,-1.64401251915434e-14,-9.96005371849247e-15,80.0000000000014,0.237788873409613,0.0790083585618942,7.51886119469256e-14,-8.32445223863928e-14,0.773758553262587,-6.39409803578373e-13,-9.77298959948345,-2.05850974727246e-14,-0.0429869122185295,1.24938539551573e-13,0,0,0,0,1,0.673086199299627,0.673086199299627,80.0000000000013,3.05147676783926e-12,6.65956179091154e-12
4.68,-1.14112108151516e-14,0.0790083585618108,-3.80422987484758e-14,-3.56219126425945e-15,-1.63994304081097e-14,-9.96462378405965e-15,80.0000000000014,0.237788873409613,0.0790083585618942,7.51912737325996e-14,-8.34110558400866e-14,0.773758553262587,-6.3943240436159e-13,-9.77298959948346,-2.05850974727246e-14,-0.0429869122185295,1.24938539551573e-13,0,0,0,0,1,0.673086199299627,0.673086199299627,80.0000000000014,3.04396946556443e-12,6.67288446720704e-12
4.69,-1.14547486706622e-14,0.0790083585618106,-3.81422797663166e-14,-3.56715262482837e-15,-1.63596198865084e-14,-9.96920229093691e-15,80.0000000000014,0.237788873409613,0.0790083585618942,7.51939212227274e-14,-8.35664870635341e-14,0.773758553262587,-6.39454893575562e-13,-9.77298959948346,-2.05850974727246e-14,-0.0429869122185295,1.24938539551573e-13,0,0,0,0,1,0.673086199299627,0.673086199299627,80.0000000000014,3.03645768549434e-12,6.68531896508284e-12
4.7,-1.14983396736279e-14,0.0790083585618105,-3.82423067547742e-14,-3.57209510966082e-15,-1.63186038369911e-14,-9.97378922338758e-15,80.0000000000014,0.237788873409613,0.0790083585618942,7.51965544651883e-14,-8.37219182869816e-14,0.773758553262587,-6.39477271630732e-13,-9.77298959948346,-2.05850974727246e-14,-0.0429869122185295,1.24938539551573e-13,0,0,0,0,1,0.673086199299627,0.673086199299627,80.0000000000014,3.02894142353962e-12,6.69775346295864e-12
4.71,-1.15419836422992e-14,0.0790083585618103,-3.83423797982884e-14,-3.57701878736348e-15,-1.62762191058637e-14,-9.97838456548741e-15,80.0000000000014,0.237788873409613,0.0790083585618942,7.5199173507821e-14,-8.38995539709216e-14,0.773758553262586,-6.39499538936466e-13,-9.77298959948346,-2.05850974727246e-14,-0.0429869122185295,1.24938539551573e-13,0,0,0,0,1,0.673086199299627,0.673086199299627,80.0000000000014,3.02142067562461e-12,6.71196431767385e-12
4.72,-1.15856803955988e-14,0.0790083585618101,-3.84424989811381e-14,-3.581923726388e-15,-1.62336448497497e-14,-9.98298830112962e-15,80.0000000000014,0.237788873409613,0.0790083585618942,7.5201778398421e-14,-8.40438829641229e-14,0.773758553262587,-6.39521695901054e-13,-9.77298959948348,-2.05850974727246e-14,-0.0429869122185295,1.24938539551573e-13,0,0,0,0,1,0.673086199299627,0.673086199299627,80.0000000000014,3.01389543768728e-12,6.72351063712995e-12
4.73,-1.16294297531206e-14,0.07900835856181,-3.854266438744e-14,-3.5868099950296e-15,-1.61928886157702e-14,-9.98760041402985e-15,80.0000000000014,0.237788873409613,0.0790083585618942,7.5204369184738e-14,-8.41993141875704e-14,0.773758553262587,-6.39543742931699e-13,-9.77298959948348,-2.05850974727246e-14,-0.0429869122185295,1.24938539551573e-13,0,0,0,0,1,0.673086199299627,0.673086199299627,80.0000000000014,3.00636570567919e-12,6.73594513500575e-12
4.74,-1.16732315351277e-14,0.0790083585618098,-3.86428761011464e-14,-3.59167766142571e-15,-1.61509226201237e-14,-9.99222088773098e-15,80.0000000000014,0.237788873409613,0.0790083585618941,7.52069459144739e-14,-8.43547454110179e-14,0.773758553262586,-6.39565680434515e-13,-9.77298959948348,-2.05850974727246e-14,-0.0429869122185295,1.24938539551573e-13,0,0,0,0,1,0.673086199299627,0.673086199299627,80.0000000000014,2.99883147556542e-12,6.74837963288155e-12
4.75,-1.17170855625506e-14,0.0790083585618096,-3.87431342060436e-14,-3.59652679355461e-15,-1.61080924861662e-14,-9.99684970560793e-15,80.0000000000015,0.237788873409613,0.0790083585618941,7.52095086352806e-14,-8.44990744042191e-14,0.773758553262586,-6.39587508814523e-13,-9.77298959948348,-2.05850974727246e-14,-0.0429869122185295,1.24938539551573e-13,0,0,0,0,1,0.673086199299627,0.673086199299627,80.0000000000015,2.99129274332456e-12,6.75992595233765e-12
4.76,-1.17609916569854e-14,0.0790083585618095,-3.88434387857504e-14,-3.60135745923415e-15,-1.60650154491944e-14,-1.00014868508723e-14,80.0000000000015,0.237788873409613,0.0790083585618941,7.52120573947575e-14,-8.46545056276666e-14,0.773758553262586,-6.39609228475642e-13,-9.77298959948349,-2.05850974727246e-14,-0.0429869122185295,1.24938539551573e-13,0,0,0,0,1,0.673086199299627,0.673086199299627,80.0000000000015,2.98374950494858e-12,6.77236045021345e-12
4.77,-1.18049496406926e-14,0.0790083585618093,-3.89437899237165e-14,-3.60616972612048e-15,-1.60209327003937e-14,-1.0006132306577e-14,80.0000000000015,0.237788873409613,0.0790083585618941,7.52145922404494e-14,-8.48099368511141e-14,0.773758553262586,-6.39630839820691e-13,-9.77298959948349,-2.05850974727246e-14,-0.0429869122185295,1.24938539551573e-13,0,0,0,0,1,0.673086199299627,0.673086199299627,80.0000000000015,2.97620175644285e-12,6.78479494808926e-12
4.78,-1.18489593365946e-14,0.0790083585618091,-3.90441877032207e-14,-3.61096366170684e-15,-1.59762401385648e-14,-1.00107860556206e-14,80.0000000000015,0.237788873409614,0.0790083585618941,7.52171132198447e-14,-8.49653680745616e-14,0.773758553262585,-6.3965234325138e-13,-9.77298959948349,-2.05850974727246e-14,-0.0429869122185295,1.24938539551573e-13,0,0,0,0,1,0.673086199299627,0.673086199299627,80.0000000000015,2.96864949382605e-12,6.79722944596506e-12
4.79,-1.18930205682745e-14,0.079008358561809,-3.91446322073694e-14,-3.61573933332238e-15,-1.59310849901031e-14,-1.00154480807521e-14,80.0000000000015,0.237788873409614,0.0790083585618941,7.5219620380373e-14,-8.51096970677629e-14,0.773758553262585,-6.39673739168306e-13,-9.77298959948349,-2.05850974727246e-14,-0.0429869122185295,1.24938539551573e-13,0,0,0,0,1,0.673086199299627,0.673086199299627,80.0000000000015,2.96109271313012e-12,6.80877576542116e-12
4.8,-1.19371331599741e-14,0.0790083585618088,-3.92451235190955e-14,-3.62049680813102e-15,-1.58859326145676e-14,-1.00201183645748e-14,80.0000000000015,0.237788873409614,0.0790083585618941,7.52221137694034e-14,-8.52429238307179e-14,0.773758553262585,-6.3969502797095e-13,-9.77298959948349,-2.05850974727246e-14,-0.0429869122185295,1.24938539551573e-13,0,0,0,0,1,0.673086199299627,0.673086199299627,80.0000000000015,2.95353141040019e-12,6.81943390645756e-12
4.81,-1.19812969365923e-14,0.0790083585618087,-3.93456617211563e-14,-3.62523615313031e-15,-1.58392464161166e-14,-1.00247968895508e-14,80.0000000000015,0.237788873409614,0.0790083585618941,7.52245934342422e-14,-8.53983550541654e-14,0.773758553262584,-6.39716210057675e-13,-9.7729895994835,-2.05850974727246e-14,-0.0429869122185295,1.24938539551573e-13,0,0,0,0,1,0.673086199299627,0.673086199299627,80.0000000000015,2.94596558169459e-12,6.83186840433336e-12
4.82,-1.20255117236829e-14,0.0790083585618085,-3.94462468961328e-14,-3.62995743515036e-15,-1.57952234110179e-14,-1.00294836380054e-14,80.0000000000016,0.237788873409614,0.0790083585618941,7.52270594221311e-14,-8.55537862776129e-14,0.773758553262584,-6.39737285825721e-13,-9.7729895994835,-2.05850974727246e-14,-0.0429869122185295,1.24938539551573e-13,0,0,0,0,1,0.673086199299627,0.673086199299627,80.0000000000016,2.93839522308469e-12,6.84430290220917e-12
4.83,-1.20697773474535e-14,0.0790083585618084,-3.9546879126428e-14,-3.63466072085283e-15,-1.57512166459541e-14,-1.00341785921306e-14,80.0000000000016,0.237788873409614,0.0790083585618941,7.52295117802456e-14,-8.57092175010604e-14,0.773758553262584,-6.39758255671197e-13,-9.77298959948351,-2.05850974727246e-14,-0.0429869122185295,1.24938539551573e-13,0,0,0,0,1,0.673086199299627,0.673086199299627,80.0000000000016,2.93082033065498e-12,6.85673740008497e-12
4.84,-1.2114093634763e-14,0.0790083585618082,-3.96475584942654e-14,-3.63934607672988e-15,-1.57078188835846e-14,-1.00388817339897e-14,80.0000000000016,0.237788873409614,0.0790083585618941,7.52319505556929e-14,-8.58535464942616e-14,0.773758553262584,-6.39779119989085e-13,-9.77298959948351,-2.05850974727246e-14,-0.0429869122185295,1.24938539551573e-13,0,0,0,0,1,0.673086199299627,0.673086199299627,80.0000000000016,2.92324090050289e-12,6.86828371954107e-12
4.85,-1.21584604131203e-14,0.0790083585618081,-3.9748285081688e-14,-3.64401356910323e-15,-1.56648249023539e-14,-1.00435930455209e-14,80.0000000000016,0.237788873409614,0.0790083585618941,7.52343757955099e-14,-8.60089777177092e-14,0.773758553262583,-6.39799879173234e-13,-9.77298959948351,-2.05850974727246e-14,-0.0429869122185295,1.24938539551573e-13,0,0,0,0,1,0.673086199299627,0.673086199299627,80.0000000000016,2.91565692873882e-12,6.88071821741687e-12
4.86,-1.22028775106822e-14,0.0790083585618079,-3.98490589705573e-14,-3.64866326412317e-15,-1.56216499150661e-14,-1.00483125085414e-14,80.0000000000016,0.237788873409614,0.0790083585618941,7.52367875466621e-14,-8.61644089411567e-14,0.773758553262583,-6.39820533616354e-13,-9.77298959948352,-2.05850974727246e-14,-0.0429869122185295,1.24938539551573e-13,0,0,0,0,1,0.673086199299627,0.673086199299627,80.0000000000016,2.90806841148607e-12,6.89315271529267e-12
4.87,-1.22473447562518e-14,0.0790083585618078,-3.99498802425514e-14,-3.65329522776769e-15,-1.55776972950344e-14,-1.00530401047507e-14,80.0000000000016,0.237788873409614,0.0790083585618941,7.52391858560414e-14,-8.63198401646042e-14,0.773758553262583,-6.39841083710017e-13,-9.77298959948352,-2.05850974727246e-14,-0.0429869122185295,1.24938539551573e-13,0,0,0,0,1,0.673086199299627,0.673086199299627,80.0000000000016,2.90047534488076e-12,6.90558721316847e-12
4.88,-1.22918619792765e-14,0.0790083585618076,-4.00507489791645e-14,-3.65790952584156e-15,-1.55344663544053e-14,-1.00577758157352e-14,80.0000000000016,0.237788873409614,0.0790083585618941,7.52415707704643e-14,-8.64641691578054e-14,0.773758553262583,-6.39861529844651e-13,-9.77298959948352,-2.05850974727246e-14,-0.0429869122185295,1.24938539551573e-13,0,0,0,0,1,0.673086199299627,0.673086199299627,80.0000000000016,2.89287772507182e-12,6.91713353262458e-12
4.89,-1.23364290098464e-14,0.0790083585618074,-4.01516652617055e-14,-3.66250622397553e-15,-1.54912137488137e-14,-1.0062519622971e-14,80.0000000000017,0.237788873409614,0.0790083585618941,7.52439423366709e-14,-8.66084981510067e-14,0.773758553262582,-6.39881872409541e-13,-9.77298959948352,-2.05850974727246e-14,-0.0429869122185295,1.24938539551573e-13,0,0,0,0,1,0.673086199299627,0.673086199299627,80.0000000000017,2.8852755482209e-12,6.92867985208068e-12
4.9,-1.2381045678692e-14,0.0790083585618073,-4.02526291712969e-14,-3.66708538762544e-15,-1.54489197820231e-14,-1.00672715078278e-14,80.0000000000017,0.237788873409614,0.0790083585618941,7.52463006013227e-14,-8.67750316047004e-14,0.773758553262582,-6.39902111792823e-13,-9.77298959948353,-2.05850974727246e-14,-0.0429869122185295,1.24938539551573e-13,0,0,0,0,1,0.673086199299627,0.673086199299627,80.0000000000017,2.87766881050236e-12,6.94200252837618e-12
4.91,-1.24257118171832e-14,0.0790083585618071,-4.03536407888737e-14,-3.67164708207149e-15,-1.54063749397756e-14,-1.00720314515726e-14,80.0000000000017,0.237788873409614,0.0790083585618941,7.52486456110017e-14,-8.69193605979017e-14,0.773758553262582,-6.39922248381484e-13,-9.77298959948353,-2.05850974727246e-14,-0.0429869122185295,1.24938539551573e-13,0,0,0,0,1,0.673086199299627,0.673086199299627,80.0000000000017,2.87005750810317e-12,6.95354884783228e-12
4.92,-1.24704272573264e-14,0.079008358561807,-4.04547001951828e-14,-3.67619137241742e-15,-1.53640582697389e-14,-1.00767994353729e-14,80.0000000000017,0.237788873409614,0.0790083585618941,7.5250977412208e-14,-8.70747918213492e-14,0.773758553262582,-6.39942282561358e-13,-9.77298959948353,-2.05850974727246e-14,-0.0429869122185295,1.24938539551573e-13,0,0,0,0,1,0.673086199299627,0.673086199299627,80.0000000000017,2.8624416372229e-12,6.96598334570808e-12
4.93,-1.25151918317635e-14,0.0790083585618068,-4.05558074707813e-14,-3.68071832358981e-15,-1.53221386702206e-14,-1.00815754403002e-14,80.0000000000017,0.237788873409614,0.0790083585618941,7.52532960513591e-14,-8.72302230447967e-14,0.773758553262582,-6.39962214717125e-13,-9.77298959948354,-2.05850974727246e-14,-0.0429869122185295,1.24938539551573e-13,0,0,0,0,1,0.673086199299627,0.673086199299627,80.0000000000017,2.85482119407365e-12,6.97841784358388e-12
4.94,-1.25600053737699e-14,0.0790083585618067,-4.06569626960362e-14,-3.68522800033738e-15,-1.52811836292489e-14,-1.00863594473331e-14,80.0000000000017,0.237788873409614,0.0790083585618941,7.52556015747884e-14,-8.73856542682442e-14,0.773758553262582,-6.39982045232307e-13,-9.77298959948354,-2.05850974727246e-14,-0.0429869122185295,1.24938539551573e-13,0,0,0,0,1,0.673086199299627,0.673086199299627,80.0000000000017,2.84719617488001e-12,6.99085234145969e-12
4.95,-1.26048677172521e-14,0.0790083585618065,-4.07581659511233e-14,-3.68972046723026e-15,-1.52397131687138e-14,-1.00911514373609e-14,80.0000000000017,0.237788873409614,0.0790083585618941,7.52578940287433e-14,-8.75299832614454e-14,0.773758553262582,-6.40001774489271e-13,-9.77298959948355,-2.05850974727246e-14,-0.0429869122185295,1.24938539551573e-13,0,0,0,0,1,0.673086199299627,0.673086199299627,80.0000000000017,2.839566575879e-12,7.00239866091579e-12
4.96,-1.26497786967466e-14,0.0790083585618064,-4.0859417316026e-14,-3.69419578865939e-15,-1.5198867703499e-14,-1.00959513911866e-14,80.0000000000018,0.237788873409614,0.0790083585618941,7.52601734593843e-14,-8.76854144848929e-14,0.773758553262582,-6.4002140286922e-13,-9.77298959948355,-2.05850974727246e-14,-0.0429869122185295,1.24938539551573e-13,0,0,0,0,1,0.673086199299627,0.673086199299627,80.0000000000017,2.83193239332002e-12,7.01483315879159e-12
4.97,-1.26947381474174e-14,0.0790083585618062,-4.09607168705349e-14,-3.69865402883584e-15,-1.51584252285482e-14,-1.010075928953e-14,80.0000000000018,0.237788873409614,0.0790083585618941,7.52624399127836e-14,-8.78408457083404e-14,0.773758553262581,-6.40040930752198e-13,-9.77298959948356,-2.05850974727246e-14,-0.0429869122185295,1.24938539551573e-13,0,0,0,0,1,0.673086199299627,0.673086199299627,80.0000000000018,2.8242936234648e-12,7.02726765666739e-12
4.98,-1.27397459050546e-14,0.0790083585618061,-4.10620646942467e-14,-3.70309525179023e-15,-1.51181807697148e-14,-1.01055751130309e-14,80.0000000000018,0.237788873409614,0.0790083585618941,7.52646934349235e-14,-8.79962769317879e-14,0.773758553262581,-6.40060358517085e-13,-9.77298959948356,-2.05850974727246e-14,-0.0429869122185295,1.24938539551573e-13,0,0,0,0,1,0.673086199299627,0.673086199299627,80.0000000000018,2.81665026258736e-12,7.03970215454319e-12
4.99,-1.27848018060724e-14,0.0790083585618059,-4.11634608665637e-14,-3.70751952137217e-15,-1.50783897294835e-14,-1.01103988422519e-14,80.0000000000018,0.237788873409614,0.079008358561894,7.52669340716958e-14,-8.81406059249892e-14,0.773758553262581,-6.40079686541595e-13,-9.77298959948356,-2.05850974727246e-14,-0.0429869122185295,1.24938539551573e-13,0,0,0,0,1,0.673086199299627,0.673086199299627,80.0000000000018,2.80900230697397e-12,7.05124847399929e-12
5,-1.28299056875068e-14,0.0790083585618058,-4.12649054666926e-14,-3.71192690124967e-15,-1.50381367795193e-14,-1.01152304576815e-14,80.0000000000018,0.237788873409614,0.079008358561894,7.52691618688997e-14,-8.82738326879442e-14,0.77375855326258,-6.40098915202278e-13,-9.77298959948357,-2.05850974727246e-14,-0.0429869122185295,1.24938539551573e-13,0,0,0,0,1,0.673086199299627,0.673086199299627,80.0000000000018,2.80134975292306e-12,7.0619066150357e-12
5.01,-1.28750573870146e-14,0.0790083585618056,-4.1366398573644e-14,-3.71631745490862e-15,-1.49971691081816e-14,-1.01200699397372e-14,80.0000000000018,0.237788873409614,0.079008358561894,7.52713768722413e-14,-8.84181616811454e-14,0.77375855326258,-6.40118044874513e-13,-9.77298959948357,-2.05850974727246e-14,-0.0429869122185295,1.24938539551573e-13,0,0,0,0,1,0.673086199299627,0.673086199299627,80.0000000000018,2.79369259674521e-12,7.0734529344918e-12
5.02,-1.29202567428707e-14,0.0790083585618055,-4.1467940266232e-14,-3.72069124565229e-15,-1.49557213508927e-14,-1.01249172687678e-14,80.0000000000018,0.237788873409615,0.079008358561894,7.52735791273323e-14,-8.85624906743467e-14,0.77375855326258,-6.40137075932516e-13,-9.77298959948357,-2.05850974727246e-14,-0.0429869122185295,1.24938539551573e-13,0,0,0,0,1,0.673086199299627,0.673086199299627,80.0000000000018,2.78603083476308e-12,7.0849992539479e-12
5.03,-1.29655035939665e-14,0.0790083585618053,-4.1569530623073e-14,-3.72504833660084e-15,-1.49141596312029e-14,-1.01297724250567e-14,80.0000000000019,0.237788873409615,0.079008358561894,7.52757686796885e-14,-8.87179218977942e-14,0.77375855326258,-6.40156008749328e-13,-9.77298959948358,-2.05850974727246e-14,-0.0429869122185295,1.24938539551573e-13,0,0,0,0,1,0.673086199299627,0.673086199299627,80.0000000000019,2.77836446331138e-12,7.0974337518237e-12
5.04,-1.30107977798083e-14,0.0790083585618052,-4.16711697225854e-14,-3.72938879069087e-15,-1.48732216211407e-14,-1.01346353888244e-14,80.0000000000019,0.237788873409615,0.079008358561894,7.52779455747292e-14,-8.88622508909954e-14,0.773758553262579,-6.40174843696824e-13,-9.77298959948358,-2.05850974727246e-14,-0.0429869122185295,1.24938539551573e-13,0,0,0,0,1,0.673086199299627,0.673086199299627,80.0000000000019,2.7706934787368e-12,7.1089800712798e-12
5.05,-1.30561391405149e-14,0.079008358561805,-4.17728576429888e-14,-3.73371267067495e-15,-1.48312728092969e-14,-1.01395061402312e-14,80.0000000000019,0.237788873409615,0.079008358561894,7.52801098577758e-14,-8.90065798841967e-14,0.773758553262579,-6.40193581145703e-13,-9.77298959948358,-2.05850974727246e-14,-0.0429869122185295,1.24938539551573e-13,0,0,0,0,1,0.673086199299627,0.673086199299627,80.0000000000019,2.76301787739798e-12,7.1205263907359e-12
5.06,-1.31015275168161e-14,0.0790083585618049,-4.18745944623035e-14,-3.73802003912123e-15,-1.47900761748739e-14,-1.01443846593797e-14,80.0000000000019,0.237788873409615,0.079008358561894,7.52822615740508e-14,-8.91620111076442e-14,0.773758553262579,-6.40212221465497e-13,-9.77298959948359,-2.05850974727246e-14,-0.0429869122185295,1.24938539551573e-13,0,0,0,0,1,0.673086199299627,0.673086199299627,80.0000000000019,2.75533765566545e-12,7.13296088861171e-12
5.07,-1.31469627500506e-14,0.0790083585618047,-4.19763802583501e-14,-3.74231095841304e-15,-1.4748865584084e-14,-1.01492709263177e-14,80.0000000000019,0.237788873409615,0.079008358561894,7.5284400768677e-14,-8.93174423310917e-14,0.773758553262579,-6.40230765024562e-13,-9.77298959948359,-2.05850974727246e-14,-0.0429869122185295,1.24938539551573e-13,0,0,0,0,1,0.673086199299627,0.673086199299627,80.0000000000019,2.74765280992158e-12,7.14539538648751e-12
5.08,-1.31924446821644e-14,0.0790083585618045,-4.20782151087485e-14,-3.7465854907485e-15,-1.47080108368637e-14,-1.01541649210405e-14,80.0000000000019,0.237788873409615,0.079008358561894,7.52865274866761e-14,-8.94839757847855e-14,0.773758553262579,-6.40249212190082e-13,-9.77298959948359,-2.05850974727246e-14,-0.0429869122185295,1.24938539551573e-13,0,0,0,0,1,0.673086199299627,0.673086199299627,80.0000000000019,2.73996333656056e-12,7.15871806278301e-12
5.09,-1.32379731557085e-14,0.0790083585618044,-4.21800990909179e-14,-3.75084369814018e-15,-1.46670586146861e-14,-1.01590666234934e-14,80.0000000000019,0.237788873409615,0.079008358561894,7.52886417729684e-14,-8.96283047779867e-14,0.773758553262578,-6.40267563328068e-13,-9.7729895994836,-2.05850974727246e-14,-0.0429869122185295,1.24938539551573e-13,0,0,0,0,1,0.673086199299627,0.673086199299627,80.0000000000019,2.7322692319883e-12,7.17026438223911e-12
5.1,-1.32835480138372e-14,0.0790083585618042,-4.2282032282076e-14,-3.75508564241475e-15,-1.46271653250609e-14,-1.01639760135739e-14,80.000000000002,0.237788873409615,0.079008358561894,7.52907436723709e-14,-8.97837360014342e-14,0.773758553262578,-6.40285818803356e-13,-9.7729895994836,-2.05850974727246e-14,-0.0429869122185295,1.24938539551573e-13,0,0,0,0,1,0.673086199299627,0.673086199299627,80.000000000002,2.72457049262244e-12,7.18269888011491e-12
5.11,-1.33291691003063e-14,0.0790083585618041,-4.23840147592386e-14,-3.75931138521268e-15,-1.45877812934043e-14,-1.01688930711347e-14,80.000000000002,0.237788873409615,0.079008358561894,7.52928332295976e-14,-8.99169627643892e-14,0.773758553262578,-6.40303978979609e-13,-9.7729895994836,-2.05850974727246e-14,-0.0429869122185295,1.24938539551573e-13,0,0,0,0,1,0.673086199299627,0.673086199299627,80.000000000002,2.71686711489226e-12,7.19335702115131e-12
5.12,-1.3374836259471e-14,0.079008358561804,-4.24860465992193e-14,-3.76352098798794e-15,-1.45476059339452e-14,-1.01738177759855e-14,80.000000000002,0.237788873409615,0.079008358561894,7.52949104892574e-14,-9.00612917575905e-14,0.773758553262578,-6.40322044219313e-13,-9.7729895994836,-2.05850974727246e-14,-0.0429869122185295,1.24938539551573e-13,0,0,0,0,1,0.673086199299627,0.673086199299627,80.000000000002,2.70915909523866e-12,7.20490334060742e-12
5.13,-1.34205493362843e-14,0.0790083585618038,-4.25881278786288e-14,-3.7677145120077e-15,-1.4508079537896e-14,-1.01787501078952e-14,80.000000000002,0.237788873409615,0.079008358561894,7.52969754958542e-14,-9.01945185205455e-14,0.773758553262577,-6.40340014883782e-13,-9.77298959948361,-2.05850974727246e-14,-0.0429869122185295,1.24938539551573e-13,0,0,0,0,1,0.673086199299627,0.673086199299627,80.000000000002,2.70144643011411e-12,7.21556148164382e-12
5.14,-1.34663081762946e-14,0.0790083585618037,-4.26902586738747e-14,-3.7718920183521e-15,-1.44691368907588e-14,-1.01836900465946e-14,80.000000000002,0.237788873409615,0.079008358561894,7.52990282937857e-14,-9.03388475137467e-14,0.773758553262577,-6.40357891333156e-13,-9.77298959948361,-2.05850974727246e-14,-0.0429869122185295,1.24938539551573e-13,0,0,0,0,1,0.673086199299627,0.673086199299627,80.000000000002,2.69372911598257e-12,7.22710780109992e-12
5.15,-1.35121126256443e-14,0.0790083585618035,-4.27924390611612e-14,-3.77605356791399e-15,-1.44303113000245e-14,-1.01886375717784e-14,80.000000000002,0.237788873409615,0.079008358561894,7.53010689273422e-14,-9.04720742767017e-14,0.773758553262577,-6.40375673926398e-13,-9.77298959948362,-2.05850974727246e-14,-0.0429869122185295,1.24938539551573e-13,0,0,0,0,1,0.673086199299627,0.673086199299627,80.000000000002,2.6860071493195e-12,7.23776594213632e-12
5.16,-1.35579625310677e-14,0.0790083585618034,-4.28946691164885e-14,-3.78019922139873e-15,-1.4392047002365e-14,-1.01935926631071e-14,80.000000000002,0.237788873409615,0.079008358561894,7.53030974407068e-14,-9.0616403269903e-14,0.773758553262577,-6.40393363021298e-13,-9.77298959948362,-2.05850974727246e-14,-0.0429869122185295,1.24938539551573e-13,0,0,0,0,1,0.673086199299627,0.673086199299627,80.000000000002,2.67828052661175e-12,7.24931226159242e-12
5.17,-1.36038577398891e-14,0.0790083585618033,-4.29969489156527e-14,-3.78432903932396e-15,-1.43539807208229e-14,-1.01985553002095e-14,80.0000000000021,0.237788873409615,0.079008358561894,7.53051138779537e-14,-9.0749630032858e-14,0.773758553262577,-6.40410958974472e-13,-9.77298959948362,-2.05850974727246e-14,-0.0429869122185295,1.24938539551573e-13,0,0,0,0,1,0.673086199299627,0.673086199299627,80.0000000000021,2.67054924435758e-12,7.25997040262882e-12
5.18,-1.36497981000208e-14,0.0790083585618031,-4.30992785342453e-14,-3.78844308201941e-15,-1.43156296910365e-14,-1.02035254626846e-14,80.0000000000021,0.237788873409615,0.079008358561894,7.53071182830477e-14,-9.08717545655667e-14,0.773758553262576,-6.40428462141362e-13,-9.77298959948362,-2.05850974727246e-14,-0.0429869122185295,1.24938539551573e-13,0,0,0,0,1,0.673086199299627,0.673086199299627,80.0000000000021,2.66281329906658e-12,7.26974036524553e-12
5.19,-1.36957834599614e-14,0.079008358561803,-4.32016580476532e-14,-3.79254140962676e-15,-1.42768092500222e-14,-1.02085031301034e-14,80.0000000000021,0.237788873409615,0.079008358561894,7.53091106998441e-14,-9.10049813285217e-14,0.773758553262576,-6.40445872876238e-13,-9.77298959948363,-2.05850974727246e-14,-0.0429869122185295,1.24938539551573e-13,0,0,0,0,1,0.673086199299627,0.673086199299627,80.0000000000021,2.65507268725959e-12,7.28039850628193e-12
5.2,-1.37418136687938e-14,0.0790083585618028,-4.33040875310581e-14,-3.79662408209944e-15,-1.42362510780279e-14,-1.02134882820114e-14,80.0000000000021,0.237788873409615,0.0790083585618939,7.53110911720871e-14,-9.11271058612305e-14,0.773758553262576,-6.40463191532193e-13,-9.77298959948363,-2.05850974727246e-14,-0.0429869122185295,1.24938539551573e-13,0,0,0,0,1,0.673086199299627,0.673086199299627,80.0000000000021,2.64732740546873e-12,7.29016846889863e-12
5.21,-1.37878885761831e-14,0.0790083585618027,-4.34065670594363e-14,-3.80069115920252e-15,-1.41957637400505e-14,-1.02184808979301e-14,80.0000000000021,0.237788873409615,0.0790083585618939,7.53130597434098e-14,-9.12603326241855e-14,0.773758553262575,-6.40480418461152e-13,-9.77298959948363,-2.05850974727246e-14,-0.0429869122185295,1.24938539551573e-13,0,0,0,0,1,0.673086199299627,0.673086199299627,80.0000000000021,2.63957745023731e-12,7.30082660993503e-12
5.22,-1.38340080323751e-14,0.0790083585618026,-4.35090967075587e-14,-3.80474270051258e-15,-1.41557863967088e-14,-1.02234809573589e-14,80.0000000000021,0.237788873409615,0.0790083585618939,7.53150164573333e-14,-9.13935593871405e-14,0.773758553262575,-6.40497554013865e-13,-9.77298959948364,-2.05850974727246e-14,-0.0429869122185295,1.24938539551573e-13,0,0,0,0,1,0.673086199299627,0.673086199299627,80.0000000000021,2.63182281811977e-12,7.31148475097143e-12
5.23,-1.38801718881942e-14,0.0790083585618024,-4.36116765499905e-14,-3.80877876541761e-15,-1.41164503165208e-14,-1.02284884397774e-14,80.0000000000021,0.237788873409615,0.0790083585618939,7.53169613572659e-14,-9.15267861500955e-14,0.773758553262575,-6.40514598539913e-13,-9.77298959948364,-2.05850974727246e-14,-0.0429869122185295,1.24938539551573e-13,0,0,0,0,1,0.673086199299627,0.673086199299627,80.0000000000021,2.62406350568167e-12,7.32214289200783e-12
5.24,-1.39263799950412e-14,0.0790083585618023,-4.37143066610908e-14,-3.8127994131169e-15,-1.40760607009096e-14,-1.02335033246467e-14,80.0000000000022,0.237788873409615,0.0790083585618939,7.53188944865031e-14,-9.16822173735429e-14,0.773758553262575,-6.40531552387704e-13,-9.77298959948364,-2.05850974727246e-14,-0.0429869122185295,1.24938539551573e-13,0,0,0,0,1,0.673086199299627,0.673086199299627,80.0000000000022,2.61629950949964e-12,7.33457738988363e-12
5.25,-1.3972632204892e-14,0.0790083585618021,-4.38169871150127e-14,-3.81680470262095e-15,-1.40357005450327e-14,-1.02385255914117e-14,80.0000000000022,0.237788873409616,0.0790083585618939,7.53208158882262e-14,-9.18043419062517e-14,0.773758553262574,-6.40548415904479e-13,-9.77298959948365,-2.05850974727246e-14,-0.0429869122185295,1.24938539551573e-13,0,0,0,0,1,0.673086199299627,0.673086199299627,80.0000000000022,2.6085308261613e-12,7.34434735250034e-12
5.26,-1.40189283702953e-14,0.079008358561802,-4.3919717985703e-14,-3.82079469275145e-15,-1.399544912817e-14,-1.02435552195024e-14,80.0000000000022,0.237788873409616,0.0790083585618939,7.53227256055024e-14,-9.19375686692067e-14,0.773758553262574,-6.40565189436307e-13,-9.77298959948365,-2.05850974727246e-14,-0.0429869122185295,1.24938539551573e-13,0,0,0,0,1,0.673086199299627,0.673086199299627,80.0000000000022,2.60075745226526e-12,7.35500549353674e-12
5.27,-1.40652683443705e-14,0.0790083585618019,-4.40224993469022e-14,-3.82476944214119e-15,-1.39556386065687e-14,-1.02485921883357e-14,80.0000000000022,0.237788873409616,0.0790083585618939,7.5324623681284e-14,-9.20707954321617e-14,0.773758553262574,-6.40581873328092e-13,-9.77298959948365,-2.05850974727246e-14,-0.0429869122185295,1.24938539551573e-13,0,0,0,0,1,0.673086199299627,0.673086199299627,80.0000000000022,2.59297938442106e-12,7.36566363457314e-12
5.28,-1.41116519808066e-14,0.0790083585618017,-4.41253312721439e-14,-3.82872900923404e-15,-1.39155261793293e-14,-1.02536364773176e-14,80.0000000000022,0.237788873409616,0.0790083585618939,7.53265101584079e-14,-9.22040221951167e-14,0.773758553262574,-6.40598467923568e-13,-9.77298959948366,-2.05850974727246e-14,-0.0429869122185295,1.24938539551573e-13,0,0,0,0,1,0.673086199299627,0.673086199299627,80.0000000000022,2.58519661924911e-12,7.37632177560954e-12
5.29,-1.41580791338593e-14,0.0790083585618016,-4.42282138347556e-14,-3.83267345228493e-15,-1.38756179353619e-14,-1.02586880658441e-14,80.0000000000022,0.237788873409616,0.0790083585618939,7.5328385079595e-14,-9.23483511883179e-14,0.773758553262574,-6.40614973565305e-13,-9.77298959948366,-2.05850974727246e-14,-0.0429869122185295,1.24938539551573e-13,0,0,0,0,1,0.673086199299627,0.673086199299627,80.0000000000022,2.57740915338067e-12,7.38786809506564e-12
5.3,-1.42045496583499e-14,0.0790083585618015,-4.43311471078576e-14,-3.83660282935984e-15,-1.38359077075119e-14,-1.02637469333033e-14,80.0000000000022,0.237788873409616,0.0790083585618939,7.533024848745e-14,-9.24704757210267e-14,0.773758553262573,-6.40631390594708e-13,-9.77298959948366,-2.05850974727246e-14,-0.0429869122185295,1.24938539551573e-13,0,0,0,0,1,0.673086199299627,0.673086199299627,80.0000000000022,2.5696169834578e-12,7.39763805768234e-12
5.31,-1.42510634096629e-14,0.0790083585618013,-4.44341311643636e-14,-3.84051719833577e-15,-1.37955075172528e-14,-1.02688130590768e-14,80.0000000000023,0.237788873409616,0.0790083585618939,7.53321004244604e-14,-9.25926002537354e-14,0.773758553262573,-6.40647719352017e-13,-9.77298959948367,-2.05850974727246e-14,-0.0429869122185295,1.24938539551573e-13,0,0,0,0,1,0.673086199299627,0.673086199299627,80.0000000000023,2.56182010613331e-12,7.40740802029904e-12
5.32,-1.42976202437445e-14,0.0790083585618012,-4.45371660769806e-14,-3.84441661690084e-15,-1.37552352263023e-14,-1.02738864225413e-14,80.0000000000023,0.237788873409616,0.0790083585618939,7.53339409329968e-14,-9.27258270166904e-14,0.773758553262573,-6.4066396017631e-13,-9.77298959948367,-2.05850974727246e-14,-0.0429869122185295,1.24938539551573e-13,0,0,0,0,1,0.673086199299627,0.673086199299627,80.0000000000023,2.5540185180707e-12,7.41806616133545e-12
5.33,-1.43442200171003e-14,0.079008358561801,-4.46402519182084e-14,-3.8483011425542e-15,-1.37148177785738e-14,-1.02789670030703e-14,80.0000000000023,0.237788873409616,0.0790083585618939,7.53357700553118e-14,-9.28590537796454e-14,0.773758553262573,-6.40680113405503e-13,-9.77298959948367,-2.05850974727246e-14,-0.0429869122185295,1.24938539551573e-13,0,0,0,0,1,0.673086199299627,0.673086199299627,80.0000000000023,2.54621221594416e-12,7.42872430237185e-12
5.34,-1.43908625867937e-14,0.0790083585618009,-4.47433887603401e-14,-3.8521708326062e-15,-1.36745135023716e-14,-1.02840547800351e-14,80.0000000000023,0.237788873409616,0.0790083585618939,7.533758783354e-14,-9.30033827728467e-14,0.773758553262572,-6.40696179376352e-13,-9.77298959948367,-2.05850974727246e-14,-0.0429869122185295,1.24938539551573e-13,0,0,0,0,1,0.673086199299627,0.673086199299627,80.0000000000023,2.53840119643849e-12,7.44027062182795e-12
5.35,-1.44375478104439e-14,0.0790083585618008,-4.48465766754617e-14,-3.85602574417834e-15,-1.36344850343329e-14,-1.02891497328067e-14,80.0000000000023,0.237788873409616,0.0790083585618939,7.53393943096973e-14,-9.31366095358017e-14,0.773758553262573,-6.40712158424456e-13,-9.77298959948368,-2.05850974727246e-14,-0.0429869122185295,1.24938539551573e-13,0,0,0,0,1,0.673086199299627,0.673086199299627,80.0000000000023,2.53058545624908e-12,7.45092876286435e-12
5.36,-1.44842755462242e-14,0.0790083585618006,-4.49498157354525e-14,-3.85986593420339e-15,-1.35952329800627e-14,-1.02942518407571e-14,80.0000000000023,0.237788873409616,0.0790083585618939,7.53411895256807e-14,-9.32698362987567e-14,0.773758553262572,-6.40728050884255e-13,-9.77298959948368,-2.05850974727246e-14,-0.0429869122185295,1.24938539551573e-13,0,0,0,0,1,0.673086199299627,0.673086199299627,80.0000000000023,2.52276499208186e-12,7.46158690390075e-12
5.37,-1.45310456528597e-14,0.0790083585618005,-4.50531060119846e-14,-3.86369145942544e-15,-1.35554901651179e-14,-1.02993610832607e-14,80.0000000000023,0.237788873409616,0.0790083585618939,7.53429735232679e-14,-9.34030630617117e-14,0.773758553262572,-6.40743857089032e-13,-9.77298959948369,-2.05850974727246e-14,-0.0429869122185295,1.24938539551573e-13,0,0,0,0,1,0.673086199299627,0.673086199299627,80.0000000000023,2.51493980065323e-12,7.47224504493715e-12
5.38,-1.45778579896258e-14,0.0790083585618003,-4.51564475765234e-14,-3.86750237640001e-15,-1.35148200669818e-14,-1.03044774396956e-14,80.0000000000024,0.237788873409616,0.0790083585618939,7.53447463441172e-14,-9.35251875944204e-14,0.773758553262571,-6.40759577370919e-13,-9.77298959948369,-2.05850974727246e-14,-0.0429869122185295,1.24938539551573e-13,0,0,0,0,1,0.673086199299627,0.673086199299627,80.0000000000024,2.50710987869007e-12,7.48201500755385e-12
5.39,-1.46247124163463e-14,0.0790083585618002,-4.52598405003275e-14,-3.87129874149413e-15,-1.34737237263101e-14,-1.03096008894449e-14,80.0000000000024,0.237788873409616,0.0790083585618939,7.53465080297665e-14,-9.36584143573754e-14,0.773758553262571,-6.4077521206089e-13,-9.77298959948369,-2.05850974727246e-14,-0.0429869122185295,1.24938539551573e-13,0,0,0,0,1,0.673086199299627,0.673086199299627,80.0000000000024,2.49927522292966e-12,7.49267314859026e-12
5.4,-1.46716087933911e-14,0.0790083585618001,-4.53632848544485e-14,-3.87508061088647e-15,-1.34326433782641e-14,-1.03147314118983e-14,80.0000000000024,0.237788873409616,0.0790083585618939,7.53482586216338e-14,-9.37916411203304e-14,0.773758553262571,-6.40790761488774e-13,-9.77298959948369,-2.05850974727246e-14,-0.0429869122185295,1.24938539551573e-13,0,0,0,0,1,0.673086199299627,0.673086199299627,80.0000000000024,2.49143583011965e-12,7.50333128962666e-12
5.41,-1.4718546981675e-14,0.0790083585617999,-4.54667807097315e-14,-3.87884804056744e-15,-1.33919069731391e-14,-1.0319868986453e-14,80.0000000000024,0.237788873409616,0.0790083585618939,7.53499981610161e-14,-9.39470723437779e-14,0.773758553262571,-6.40806225983246e-13,-9.7729895994837,-2.05850974727246e-14,-0.0429869122185295,1.24938539551573e-13,0,0,0,0,1,0.673086199299627,0.673086199299627,80.0000000000024,2.48359169701802e-12,7.51576578750246e-12
5.42,-1.47655268426552e-14,0.0790083585617998,-4.5570328136815e-14,-3.88260108633932e-15,-1.33510406338364e-14,-1.0325013592515e-14,80.0000000000024,0.237788873409616,0.0790083585618939,7.53517266890899e-14,-9.40802991067329e-14,0.77375855326257,-6.40821605871834e-13,-9.7729895994837,-2.05850974727246e-14,-0.0429869122185295,1.24938539551573e-13,0,0,0,0,1,0.673086199299627,0.673086199299627,80.0000000000024,2.47574282039302e-12,7.52642392853886e-12
5.43,-1.48125482383297e-14,0.0790083585617996,-4.56739272061306e-14,-3.88633980381641e-15,-1.33100084902278e-14,-1.03301652095007e-14,80.0000000000024,0.237788873409616,0.0790083585618939,7.53534442469102e-14,-9.42024236394417e-14,0.77375855326257,-6.40836901480919e-13,-9.7729895994837,-2.05850974727246e-14,-0.0429869122185295,1.24938539551573e-13,0,0,0,0,1,0.673086199299627,0.673086199299627,80.0000000000024,2.46788919702317e-12,7.53619389115556e-12
5.44,-1.48596110312356e-14,0.0790083585617995,-4.57775779879039e-14,-3.89006424842519e-15,-1.32691101656734e-14,-1.03353238168377e-14,80.0000000000024,0.237788873409616,0.0790083585618938,7.53551508754108e-14,-9.43245481721504e-14,0.77375855326257,-6.40852113135741e-13,-9.77298959948371,-2.05850974727246e-14,-0.0429869122185295,1.24938539551573e-13,0,0,0,0,1,0.673086199299627,0.673086199299627,80.0000000000024,2.46003082369717e-12,7.54596385377226e-12
5.45,-1.49067150844468e-14,0.0790083585617994,-4.58812805521541e-14,-3.89377447540445e-15,-1.3227397616869e-14,-1.03404893939663e-14,80.0000000000025,0.237788873409616,0.0790083585618938,7.53568466154038e-14,-9.44577749351054e-14,0.77375855326257,-6.40867241160393e-13,-9.77298959948371,-2.05850974727246e-14,-0.0429869122185295,1.24938539551573e-13,0,0,0,0,1,0.673086199299627,0.673086199299627,80.0000000000025,2.45216769721389e-12,7.55662199480867e-12
5.46,-1.49538602615725e-14,0.0790083585617992,-4.5985034968694e-14,-3.89747053980548e-15,-1.3186467307063e-14,-1.03456619203401e-14,80.0000000000025,0.237788873409616,0.0790083585618938,7.53585315075792e-14,-9.45910016980604e-14,0.773758553262569,-6.4088228587783e-13,-9.77298959948371,-2.05850974727246e-14,-0.0429869122185295,1.24938539551573e-13,0,0,0,0,1,0.673086199299627,0.673086199299627,80.0000000000025,2.44429981438232e-12,7.56728013584507e-12
5.47,-1.50010464267552e-14,0.0790083585617991,-4.60888413071306e-14,-3.90115249649226e-15,-1.31452639620196e-14,-1.03508413754277e-14,80.0000000000025,0.237788873409616,0.0790083585618938,7.53602055925051e-14,-9.47131262307692e-14,0.77375855326257,-6.40897247609868e-13,-9.77298959948372,-2.05850974727246e-14,-0.0429869122185295,1.24938539551573e-13,0,0,0,0,1,0.673086199299627,0.673086199299627,80.0000000000025,2.43642717202153e-12,7.57705009846177e-12
5.48,-1.50482734446689e-14,0.079008358561799,-4.6192699636865e-14,-3.90482040014161e-15,-1.31044769214557e-14,-1.03560277387138e-14,80.0000000000025,0.237788873409616,0.0790083585618938,7.53618689106271e-14,-9.48241485332317e-14,0.773758553262569,-6.40912126677183e-13,-9.77298959948373,-2.05850974727246e-14,-0.0429869122185295,1.24938539551573e-13,0,0,0,0,1,0.673086199299627,0.673086199299627,80.0000000000025,2.42854976696062e-12,7.58593188265877e-12
5.49,-1.50955411805171e-14,0.0790083585617989,-4.62966100270924e-14,-3.90847430524343e-15,-1.30625366549503e-14,-1.03612209896996e-14,80.0000000000025,0.237788873409617,0.0790083585618938,7.53635215022684e-14,-9.49351708356941e-14,0.773758553262569,-6.40926923399319e-13,-9.77298959948373,-2.05850974727246e-14,-0.0429869122185295,1.24938539551573e-13,0,0,0,0,1,0.673086199299627,0.673086199299627,80.0000000000025,2.42066759603871e-12,7.59481366685577e-12
5.5,-1.51428495000312e-14,0.0790083585617987,-4.64005725468027e-14,-3.91211426610087e-15,-1.30206281457467e-14,-1.03664211079047e-14,80.0000000000025,0.237788873409617,0.0790083585618938,7.53651634076294e-14,-9.50350909079104e-14,0.773758553262569,-6.40941638094687e-13,-9.77298959948373,-2.05850974727246e-14,-0.0429869122185295,1.24938539551573e-13,0,0,0,0,1,0.673086199299627,0.673086199299627,80.0000000000025,2.41278065610486e-12,7.60280727263307e-12
5.51,-1.51901982694682e-14,0.0790083585617986,-4.65045872647803e-14,-3.91574033683055e-15,-1.29777816452701e-14,-1.03716280728676e-14,80.0000000000025,0.237788873409617,0.0790083585618938,7.53667946667876e-14,-9.51461132103729e-14,0.773758553262568,-6.40956271080566e-13,-9.77298959948373,-2.05850974727246e-14,-0.0429869122185295,1.24938539551573e-13,0,0,0,0,1,0.673086199299627,0.673086199299627,80.0000000000025,2.40488894401806e-12,7.61168905683007e-12
5.52,-1.52375873556095e-14,0.0790083585617985,-4.66086542496045e-14,-3.91935257136279e-15,-1.29337839148028e-14,-1.03768418641467e-14,80.0000000000026,0.237788873409617,0.0790083585618938,7.53684153196976e-14,-9.52793399733279e-14,0.773758553262568,-6.40970822673107e-13,-9.77298959948373,-2.05850974727246e-14,-0.0429869122185295,1.24938539551573e-13,0,0,0,0,1,0.673086199299627,0.673086199299627,80.0000000000026,2.39699245664715e-12,7.62234719786647e-12
5.53,-1.52850166257585e-14,0.0790083585617984,-4.67127735696496e-14,-3.92295102344186e-15,-1.28895353088786e-14,-1.03820624613216e-14,80.0000000000026,0.237788873409617,0.0790083585618938,7.53700254061905e-14,-9.54014645060366e-14,0.773758553262568,-6.40985293187331e-13,-9.77298959948374,-2.05850974727246e-14,-0.0429869122185295,1.24938539551573e-13,0,0,0,0,1,0.673086199299627,0.673086199299627,80.0000000000026,2.38909119087084e-12,7.63211716048318e-12
5.54,-1.5332485947739e-14,0.0790083585617982,-4.68169452930853e-14,-3.92653574662616e-15,-1.28456306458753e-14,-1.03872898439939e-14,80.0000000000026,0.237788873409617,0.0790083585618938,7.53716249659745e-14,-9.55235890387454e-14,0.773758553262568,-6.40999682937139e-13,-9.77298959948374,-2.05850974727246e-14,-0.0429869122185295,1.24938539551573e-13,0,0,0,0,1,0.673086199299627,0.673086199299627,80.0000000000026,2.38118514357763e-12,7.64188712309988e-12
5.55,-1.53799951898932e-14,0.0790083585617981,-4.69211694878767e-14,-3.93010679428852e-15,-1.2802142119169e-14,-1.03925239917879e-14,80.0000000000026,0.237788873409617,0.0790083585618938,7.5373214038634e-14,-9.56457135714541e-14,0.773758553262568,-6.41013992235307e-13,-9.77298959948375,-2.05850974727246e-14,-0.0429869122185295,1.24938539551573e-13,0,0,0,0,1,0.673086199299627,0.673086199299627,80.0000000000026,2.37327431166578e-12,7.65165708571658e-12
5.56,-1.54275442210801e-14,0.079008358561798,-4.70254462217845e-14,-3.93366421961643e-15,-1.27596055206433e-14,-1.03977648843521e-14,80.0000000000026,0.237788873409617,0.0790083585618937,7.53747926636299e-14,-9.57567358739166e-14,0.773758553262567,-6.4102822139349e-13,-9.77298959948375,-2.05850974727246e-14,-0.0429869122185295,1.24938539551573e-13,0,0,0,0,1,0.673086199299627,0.673086199299627,80.0000000000026,2.36535869204325e-12,7.66053886991358e-12
5.57,-1.54751329106736e-14,0.0790083585617979,-4.71297755623655e-14,-3.93720807561228e-15,-1.27163310026803e-14,-1.04030125013593e-14,80.0000000000026,0.237788873409617,0.0790083585618937,7.53763608802998e-14,-9.58677581763791e-14,0.773758553262567,-6.41042370722226e-13,-9.77298959948375,-2.05850974727246e-14,-0.0429869122185295,1.24938539551573e-13,0,0,0,0,1,0.673086199299627,0.673086199299627,80.0000000000026,2.35743828162771e-12,7.66942065411058e-12
5.58,-1.55227611285605e-14,0.0790083585617977,-4.72341575769728e-14,-3.94073841509369e-15,-1.26725152957045e-14,-1.04082668225083e-14,80.0000000000026,0.237788873409617,0.0790083585618937,7.5377918727857e-14,-9.60009849393341e-14,0.773758553262567,-6.41056440530939e-13,-9.77298959948375,-2.05850974727246e-14,-0.0429869122185295,1.24938539551573e-13,0,0,0,0,1,0.673086199299627,0.673086199299627,80.0000000000026,2.34951307734644e-12,7.68007879514698e-12
5.59,-1.55704287451388e-14,0.0790083585617976,-4.73385923327559e-14,-3.9442552906937e-15,-1.26288579652063e-14,-1.04135278275241e-14,80.0000000000027,0.237788873409617,0.0790083585618937,7.53794662453912e-14,-9.61342117022891e-14,0.773758553262567,-6.41070431127935e-13,-9.77298959948376,-2.05850974727246e-14,-0.0429869122185295,1.24938539551573e-13,0,0,0,0,1,0.673086199299627,0.673086199299627,80.0000000000027,2.34158307613636e-12,7.69073693618338e-12
5.6,-1.56181356313159e-14,0.0790083585617975,-4.7443079896661e-14,-3.94775875486112e-15,-1.25855404133749e-14,-1.04187954961591e-14,80.0000000000027,0.237788873409617,0.0790083585618937,7.53810034718684e-14,-9.62563362349979e-14,0.773758553262566,-6.41084342820412e-13,-9.77298959948376,-2.05850974727246e-14,-0.0429869122185295,1.24938539551573e-13,0,0,0,0,1,0.673086199299627,0.673086199299627,80.0000000000027,2.33364827494391e-12,7.70050689880009e-12
5.61,-1.56658816585067e-14,0.0790083585617974,-4.75476203354314e-14,-3.95124885986077e-15,-1.25421136860889e-14,-1.04240698081938e-14,80.0000000000027,0.237788873409617,0.0790083585618937,7.53825304461304e-14,-9.63784607677066e-14,0.773758553262566,-6.41098175914459e-13,-9.77298959948377,-2.05850974727246e-14,-0.0429869122185295,1.24938539551573e-13,0,0,0,0,1,0.673086199299627,0.673086199299627,80.0000000000027,2.3257086707251e-12,7.71027686141679e-12
5.62,-1.5713666698632e-14,0.0790083585617972,-4.76522137156077e-14,-3.9547256577738e-15,-1.24996472252212e-14,-1.04293507434377e-14,80.0000000000027,0.237788873409617,0.0790083585618937,7.53840472068949e-14,-9.65116875306616e-14,0.773758553262566,-6.41111930715057e-13,-9.77298959948377,-2.05850974727246e-14,-0.0429869122185295,1.24938539551573e-13,0,0,0,0,1,0.673086199299627,0.673086199299627,80.0000000000027,2.31776426044538e-12,7.72093500245319e-12
5.63,-1.57614906241163e-14,0.0790083585617971,-4.7756860103528e-14,-3.958189200498e-15,-1.24571515520281e-14,-1.04346382817298e-14,80.0000000000027,0.237788873409617,0.0790083585618937,7.53855537927558e-14,-9.66338120633703e-14,0.773758553262566,-6.41125607526085e-13,-9.77298959948377,-2.05850974727246e-14,-0.0429869122185295,1.24938539551573e-13,0,0,0,0,1,0.673086199299627,0.673086199299627,80.0000000000027,2.3098150410797e-12,7.73070496506989e-12
5.64,-1.58093533078864e-14,0.079008358561797,-4.78615595653286e-14,-3.96163953974807e-15,-1.24151721351409e-14,-1.04399324029397e-14,80.0000000000027,0.237788873409617,0.0790083585618937,7.53870502421828e-14,-9.67559365960791e-14,0.773758553262566,-6.41139206650318e-13,-9.77298959948378,-2.05850974727246e-14,-0.0429869122185295,1.24938539551573e-13,0,0,0,0,1,0.673086199299627,0.673086199299627,80.0000000000027,2.30186100961237e-12,7.74047492768659e-12
5.65,-1.58572546233692e-14,0.0790083585617969,-4.79663121669437e-14,-3.96507672705596e-15,-1.2373101706508e-14,-1.04452330869682e-14,80.0000000000027,0.237788873409617,0.0790083585618937,7.53885365935214e-14,-9.68669588985416e-14,0.773758553262565,-6.41152728389432e-13,-9.77298959948378,-2.05850974727246e-14,-0.0429869122185295,1.24938539551573e-13,0,0,0,0,1,0.673086199299627,0.673086199299627,80.0000000000027,2.2939021630371e-12,7.74935671188359e-12
5.66,-1.59051944444903e-14,0.0790083585617967,-4.80711179741063e-14,-3.96850081377118e-15,-1.2331282153332e-14,-1.04505403137479e-14,80.0000000000028,0.237788873409617,0.0790083585618937,7.5390012884993e-14,-9.69890834312503e-14,0.773758553262565,-6.41166173044009e-13,-9.77298959948378,-2.05850974727246e-14,-0.0429869122185295,1.24938539551573e-13,0,0,0,0,1,0.673086199299627,0.673086199299627,80.0000000000027,2.28593849835693e-12,7.75912667450029e-12
5.67,-1.59531726456719e-14,0.0790083585617966,-4.8175977052348e-14,-3.97191185106113e-15,-1.22893937481907e-14,-1.04558540632442e-14,80.0000000000028,0.237788873409617,0.0790083585618937,7.5391479154695e-14,-9.71112079639591e-14,0.773758553262565,-6.41179540913534e-13,-9.77298959948379,-2.05850974727246e-14,-0.0429869122185295,1.24938539551573e-13,0,0,0,0,1,0.673086199299627,0.673086199299627,80.0000000000028,2.2779700125842e-12,7.768896637117e-12
5.68,-1.60011891018311e-14,0.0790083585617965,-4.82808894669998e-14,-3.97530988991142e-15,-1.22480632947135e-14,-1.04611743154557e-14,80.0000000000028,0.237788873409617,0.0790083585618937,7.53929354406005e-14,-9.72333324966678e-14,0.773758553262565,-6.411928322964e-13,-9.77298959948379,-2.05850974727246e-14,-0.0429869122185295,1.24938539551573e-13,0,0,0,0,1,0.673086199299627,0.673086199299627,80.0000000000028,2.2699967027405e-12,7.7786665997337e-12
5.69,-1.60492436883783e-14,0.0790083585617964,-4.83858552831922e-14,-3.97869498112621e-15,-1.22069669540417e-14,-1.04665010504149e-14,80.0000000000028,0.237788873409617,0.0790083585618937,7.53943817805587e-14,-9.73665592596228e-14,0.773758553262565,-6.41206047489912e-13,-9.77298959948379,-2.05850974727246e-14,-0.0429869122185295,1.24938539551573e-13,0,0,0,0,1,0.673086199299627,0.673086199299627,80.0000000000028,2.26201856585665e-12,7.7893247407701e-12
5.7,-1.6097336281215e-14,0.0790083585617962,-4.84908745658555e-14,-3.98206717532855e-15,-1.21662217825781e-14,-1.04718342481891e-14,80.0000000000028,0.237788873409617,0.0790083585618937,7.53958182122944e-14,-9.74886837923316e-14,0.773758553262565,-6.41219186790288e-13,-9.77298959948379,-2.05850974727246e-14,-0.0429869122185295,1.24938539551573e-13,0,0,0,0,1,0.673086199299627,0.673086199299627,80.0000000000028,2.25403559897264e-12,7.7990947033868e-12
5.71,-1.61454667567325e-14,0.0790083585617961,-4.85959473797203e-14,-3.98542652296073e-15,-1.21261155224933e-14,-1.04771738888809e-14,80.0000000000028,0.237788873409617,0.0790083585618937,7.53972447734085e-14,-9.76108083250403e-14,0.773758553262565,-6.41232250492663e-13,-9.7729895994838,-2.05850974727246e-14,-0.0429869122185295,1.24938539551573e-13,0,0,0,0,1,0.673086199299627,0.673086199299627,80.0000000000028,2.24604779913763e-12,7.8088646660035e-12
5.72,-1.61936349918096e-14,0.079008358561796,-4.87010737893176e-14,-3.98877307428463e-15,-1.20861162667801e-14,-1.04825199526287e-14,80.0000000000028,0.237788873409617,0.0790083585618937,7.5398661501378e-14,-9.77329328577491e-14,0.773758553262564,-6.41245238891088e-13,-9.7729895994838,-2.05850974727246e-14,-0.0429869122185295,1.24938539551573e-13,0,0,0,0,1,0.673086199299627,0.673086199299627,80.0000000000028,2.23805516340987e-12,7.8186346286202e-12
5.73,-1.62418408638114e-14,0.0790083585617959,-4.88062538589797e-14,-3.99210687938205e-15,-1.20464748908954e-14,-1.04878724196074e-14,80.0000000000029,0.237788873409618,0.0790083585618937,7.54000684335556e-14,-9.78439551602116e-14,0.773758553262564,-6.41258152278536e-13,-9.77298959948381,-2.05850974727246e-14,-0.0429869122185295,1.24938539551573e-13,0,0,0,0,1,0.673086199299627,0.673086199299627,80.0000000000029,2.2300576888567e-12,7.8275164128172e-12
5.74,-1.6290084250587e-14,0.0790083585617957,-4.89114876528399e-14,-3.99542798815513e-15,-1.20060045838275e-14,-1.04932312700292e-14,80.0000000000029,0.237788873409618,0.0790083585618937,7.54014656071703e-14,-9.79771819231665e-14,0.773758553262564,-6.41270990946905e-13,-9.77298959948381,-2.05850974727246e-14,-0.0429869122185295,1.24938539551573e-13,0,0,0,0,1,0.673086199299627,0.673086199299627,80.0000000000029,2.22205537255449e-12,7.83817455385361e-12
5.75,-1.63383650304681e-14,0.0790083585617956,-4.90167752348332e-14,-3.99873645032665e-15,-1.19655504959453e-14,-1.04985964841438e-14,80.0000000000029,0.237788873409618,0.0790083585618937,7.54028530593271e-14,-9.8088204225629e-14,0.773758553262564,-6.41283755187018e-13,-9.77298959948381,-2.05850974727246e-14,-0.0429869122185295,1.24938539551573e-13,0,0,0,0,1,0.673086199299627,0.673086199299627,80.0000000000029,2.2140482115886e-12,7.84705633805061e-12
5.76,-1.63866830822671e-14,0.0790083585617955,-4.9122116668697e-14,-4.00203231544042e-15,-1.19249571918799e-14,-1.05039680422392e-14,80.0000000000029,0.237788873409618,0.0790083585618937,7.54042308270072e-14,-9.81992265280915e-14,0.773758553262563,-6.41296445288628e-13,-9.77298959948382,-2.05850974727246e-14,-0.0429869122185295,1.24938539551573e-13,0,0,0,0,1,0.673086199299627,0.673086199299627,80.0000000000029,2.20603620305338e-12,7.85593812224761e-12
5.77,-1.64350382852754e-14,0.0790083585617954,-4.92275120179707e-14,-4.0053156328617e-15,-1.18836246826845e-14,-1.05093459246424e-14,80.0000000000029,0.237788873409618,0.0790083585618937,7.54055989470682e-14,-9.83213510608003e-14,0.773758553262563,-6.41309061540419e-13,-9.77298959948382,-2.05850974727246e-14,-0.0429869122185295,1.24938539551573e-13,0,0,0,0,1,0.673086199299627,0.673086199299627,80.0000000000029,2.19801934405207e-12,7.86570808486431e-12
5.78,-1.64834305192614e-14,0.0790083585617952,-4.93329613459969e-14,-4.00858645177751e-15,-1.18429243742475e-14,-1.05147301117193e-14,80.0000000000029,0.237788873409618,0.0790083585618937,7.54069574562438e-14,-9.8443475593509e-14,0.773758553262563,-6.4132160423001e-13,-9.77298959948382,-2.05850974727246e-14,-0.0429869122185295,1.24938539551573e-13,0,0,0,0,1,0.673086199299627,0.673086199299627,80.0000000000029,2.18999763169685e-12,7.87547804748101e-12
5.79,-1.65318596644691e-14,0.0790083585617951,-4.94384647159213e-14,-4.01184482119705e-15,-1.18026951171652e-14,-1.05201205838762e-14,80.0000000000029,0.237788873409618,0.0790083585618937,7.54083063911443e-14,-9.85656001262178e-14,0.773758553262562,-6.41334073643958e-13,-9.77298959948383,-2.05850974727246e-14,-0.0429869122185295,1.24938539551573e-13,0,0,0,0,1,0.673086199299627,0.673086199299627,80.0000000000029,2.18197106310871e-12,7.88524801009771e-12
5.8,-1.65803256016164e-14,0.079008358561795,-4.95440221906932e-14,-4.01509078995208e-15,-1.17637937164362e-14,-1.05255173215594e-14,80.000000000003,0.237788873409618,0.0790083585618937,7.54096457882564e-14,-9.86877246589265e-14,0.773758553262562,-6.41346470067756e-13,-9.77298959948383,-2.05850974727246e-14,-0.0429869122185295,1.24938539551573e-13,0,0,0,0,1,0.673086199299627,0.673086199299627,80.000000000003,2.17393963541749e-12,7.89501797271441e-12
5.81,-1.66288282118927e-14,0.0790083585617949,-4.96496338330661e-14,-4.01832440669731e-15,-1.17246185104443e-14,-1.05309203052561e-14,80.000000000003,0.237788873409618,0.0790083585618937,7.54109756839435e-14,-9.8798746961389e-14,0.773758553262562,-6.41358793785844e-13,-9.77298959948383,-2.05850974727246e-14,-0.0429869122185295,1.24938539551573e-13,0,0,0,0,1,0.673086199299627,0.673086199299627,80.000000000003,2.16590334576181e-12,7.90389975691141e-12
5.82,-1.66773673769581e-14,0.0790083585617948,-4.9755299705598e-14,-4.02154571991081e-15,-1.16857574860222e-14,-1.05363295154951e-14,80.000000000003,0.237788873409618,0.0790083585618937,7.54122961144456e-14,-9.88986670336053e-14,0.773758553262562,-6.41371045081607e-13,-9.77298959948384,-2.05850974727246e-14,-0.0429869122185295,1.24938539551573e-13,0,0,0,0,1,0.673086199299627,0.673086199299627,80.000000000003,2.15786219128902e-12,7.91189336268872e-12
5.83,-1.67259429789409e-14,0.0790083585617947,-4.98610198706514e-14,-4.02475477789436e-15,-1.16462727116643e-14,-1.05417449328468e-14,80.000000000003,0.237788873409618,0.0790083585618937,7.54136071158798e-14,-9.89985871058215e-14,0.773758553262561,-6.41383224237375e-13,-9.77298959948384,-2.05850974727246e-14,-0.0429869122185295,1.24938539551573e-13,0,0,0,0,1,0.673086199299627,0.673086199299627,80.000000000003,2.14981616915522e-12,7.91988696846602e-12
5.84,-1.67745549004363e-14,0.0790083585617946,-4.99667943903946e-14,-4.02795162877392e-15,-1.16054063723616e-14,-1.05471665379239e-14,80.000000000003,0.237788873409618,0.0790083585618937,7.54149087242398e-14,-9.90985071780377e-14,0.773758553262561,-6.41395331534432e-13,-9.77298959948384,-2.05850974727246e-14,-0.0429869122185295,1.24938539551573e-13,0,0,0,0,1,0.673086199299627,0.673086199299627,80.000000000003,2.14176527652514e-12,7.92788057424332e-12
5.85,-1.68232030245045e-14,0.0790083585617944,-5.00726233268014e-14,-4.03113632049998e-15,-1.15644631847806e-14,-1.05525943113817e-14,80.000000000003,0.237788873409618,0.0790083585618937,7.54162009753966e-14,-9.92095294805002e-14,0.773758553262561,-6.41407367253015e-13,-9.77298959948384,-2.05850974727246e-14,-0.0429869122185295,1.24938539551573e-13,0,0,0,0,1,0.673086199299627,0.673086199299627,80.000000000003,2.13370951057221e-12,7.93676235844032e-12
5.86,-1.6871887234669e-14,0.0790083585617943,-5.01785067416518e-14,-4.03430890084801e-15,-1.15241589085784e-14,-1.0558028233919e-14,80.000000000003,0.237788873409618,0.0790083585618937,7.54174839050985e-14,-9.9331654013209e-14,0.773758553262561,-6.41419331672317e-13,-9.77298959948385,-2.05850974727246e-14,-0.0429869122185295,1.24938539551573e-13,0,0,0,0,1,0.673086199299627,0.673086199299627,80.000000000003,2.12564886847841e-12,7.94653232105702e-12
5.87,-1.6920607414915e-14,0.0790083585617942,-5.02844446965323e-14,-4.03746941741882e-15,-1.14843195165763e-14,-1.05634682862779e-14,80.0000000000031,0.237788873409618,0.0790083585618936,7.54187575489707e-14,-9.9420471855179e-14,0.77375855326256,-6.41431225070492e-13,-9.77298959948385,-2.05850974727246e-14,-0.0429869122185295,1.24938539551573e-13,0,0,0,0,1,0.673086199299627,0.673086199299627,80.0000000000031,2.11758334743435e-12,7.95363774841462e-12
5.88,-1.69693634496876e-14,0.0790083585617941,-5.03904372528366e-14,-4.04061791763905e-15,-1.14434531772736e-14,-1.05689144492445e-14,80.0000000000031,0.237788873409618,0.0790083585618936,7.54200219425165e-14,-9.95314941576415e-14,0.77375855326256,-6.41443047724654e-13,-9.77298959948385,-2.05850974727246e-14,-0.0429869122185295,1.24938539551573e-13,0,0,0,0,1,0.673086199299627,0.673086199299627,80.0000000000031,2.10951294463914e-12,7.96251953261162e-12
5.89,-1.70181552238901e-14,0.079008358561794,-5.04964844717658e-14,-4.04375444876151e-15,-1.14023568366019e-14,-1.05743667036492e-14,80.0000000000031,0.237788873409618,0.0790083585618936,7.54212771211162e-14,-9.9642516460104e-14,0.77375855326256,-6.41454799910883e-13,-9.77298959948386,-2.05850974727246e-14,-0.0429869122185295,1.24938539551573e-13,0,0,0,0,1,0.673086199299627,0.673086199299627,80.0000000000031,2.10143765730041e-12,7.97140131680862e-12
5.9,-1.70669826228821e-14,0.0790083585617939,-5.0602586414329e-14,-4.04687905786566e-15,-1.13619074036218e-14,-1.05798250303673e-14,80.0000000000031,0.237788873409618,0.0790083585618936,7.54225231200284e-14,-9.97646409928127e-14,0.77375855326256,-6.41466481904229e-13,-9.77298959948386,-2.05850974727246e-14,-0.0429869122185295,1.24938539551573e-13,0,0,0,0,1,0.673086199299627,0.673086199299627,80.0000000000031,2.09335748263425e-12,7.98117127942533e-12
5.91,-1.71158455324784e-14,0.0790083585617938,-5.07087431413435e-14,-4.04999179185801e-15,-1.13213300921822e-14,-1.05852894103193e-14,80.0000000000031,0.237788873409618,0.0790083585618936,7.54237599743893e-14,-9.98534588347827e-14,0.77375855326256,-6.41478093978709e-13,-9.77298959948386,-2.05850974727246e-14,-0.0429869122185295,1.24938539551573e-13,0,0,0,0,1,0.673086199299627,0.673086199299627,80.0000000000031,2.08527241786521e-12,7.98827670678293e-12
5.92,-1.71647438389466e-14,0.0790083585617937,-5.08149547134356e-14,-4.05309269747256e-15,-1.12807146283364e-14,-1.05907598244709e-14,80.0000000000031,0.237788873409618,0.0790083585618936,7.54249877192134e-14,-9.99533789069989e-14,0.773758553262559,-6.41489636407318e-13,-9.77298959948387,-2.05850974727246e-14,-0.0429869122185295,1.24938539551573e-13,0,0,0,0,1,0.673086199299627,0.673086199299627,80.0000000000031,2.07718246022621e-12,7.99627031256023e-12
5.93,-1.72136774290058e-14,0.0790083585617936,-5.09212211910409e-14,-4.05618182127119e-15,-1.12392222554299e-14,-1.05962362538339e-14,80.0000000000031,0.237788873409618,0.0790083585618936,7.54262063893933e-14,-1.00064401209461e-13,0.773758553262559,-6.41501109462025e-13,-9.77298959948387,-2.05850974727246e-14,-0.0429869122185295,1.24938539551573e-13,0,0,0,0,1,0.673086199299627,0.673086199299627,80.0000000000031,2.06908760695857e-12,8.00515209675723e-12
5.94,-1.72626461898249e-14,0.0790083585617934,-5.10275426344046e-14,-4.05925920964416e-15,-1.11981037549777e-14,-1.06017186794661e-14,80.0000000000032,0.237788873409618,0.0790083585618936,7.54274160197002e-14,-1.00175423511924e-13,0.773758553262559,-6.41512513413779e-13,-9.77298959948387,-2.05850974727246e-14,-0.0429869122185295,1.24938539551573e-13,0,0,0,0,1,0.673086199299627,0.673086199299627,80.0000000000032,2.06098785531192e-12,8.01403388095423e-12
5.95,-1.73116500090208e-14,0.0790083585617933,-5.11339191035824e-14,-4.06232490881051e-15,-1.11578193548879e-14,-1.06072070824721e-14,80.0000000000032,0.237788873409618,0.0790083585618936,7.54286166447837e-14,-1.00286445814386e-13,0.773758553262559,-6.4152384853251e-13,-9.77298959948388,-2.05850974727246e-14,-0.0429869122185295,1.24938539551573e-13,0,0,0,0,1,0.673086199299627,0.673086199299627,80.0000000000032,2.0528832025442e-12,8.02291566515123e-12
5.96,-1.73606887746569e-14,0.0790083585617932,-5.12403506584403e-14,-4.06537896481847e-15,-1.11178986278879e-14,-1.06127014440029e-14,80.0000000000032,0.237788873409619,0.0790083585618936,7.54298082991725e-14,-1.00408570347095e-13,0.773758553262559,-6.41535115087138e-13,-9.77298959948388,-2.05850974727246e-14,-0.0429869122185295,1.24938539551573e-13,0,0,0,0,1,0.673086199299627,0.673086199299627,80.0000000000032,2.04477364592162e-12,8.03268562776793e-12
5.97,-1.74097623752412e-14,0.0790083585617931,-5.13468373586558e-14,-4.06842142354595e-15,-1.10776155148806e-14,-1.0618201745257e-14,80.0000000000032,0.237788873409619,0.0790083585618936,7.5430991017274e-14,-1.00519592649558e-13,0.773758553262558,-6.41546313345566e-13,-9.77298959948388,-2.05850974727246e-14,-0.0429869122185295,1.24938539551573e-13,0,0,0,0,1,0.673086199299627,0.673086199299627,80.0000000000032,2.03665918271862e-12,8.04156741196493e-12
5.98,-1.74588706997248e-14,0.079008358561793,-5.14533792637178e-14,-4.07145233070098e-15,-1.10374022504242e-14,-1.06237079674803e-14,80.0000000000032,0.237788873409619,0.0790083585618936,7.54321648333749e-14,-1.00619512721774e-13,0.773758553262558,-6.41557443574692e-13,-9.77298959948389,-2.05850974727246e-14,-0.0429869122185295,1.24938539551573e-13,0,0,0,0,1,0.673086199299627,0.673086199299627,80.0000000000032,2.02853981021783e-12,8.04956101774223e-12
5.99,-1.75080136375003e-14,0.0790083585617929,-5.15599764329276e-14,-4.0744717318221e-15,-1.09974898950204e-14,-1.06292200919662e-14,80.0000000000032,0.237788873409619,0.0790083585618936,7.54333297816412e-14,-1.00730535024236e-13,0.773758553262558,-6.41568506040406e-13,-9.77298959948389,-2.05850974727246e-14,-0.0429869122185295,1.24938539551573e-13,0,0,0,0,1,0.673086199299627,0.673086199299627,80.0000000000032,2.02041552571007e-12,8.05844280193924e-12
6,-1.75571910783998e-14,0.0790083585617928,-5.16666289253987e-14,-4.07747967227888e-15,-1.09579776832878e-14,-1.06347381000565e-14,80.0000000000032,0.237788873409619,0.0790083585618936,7.54344858961186e-14,-1.00830455096453e-13,0.773758553262557,-6.41579501007597e-13,-9.77298959948389,-2.05850974727246e-14,-0.0429869122185295,1.24938539551573e-13,0,0,0,0,1,0.673086199299627,0.673086199299627,80.0000000000032,2.01228632649428e-12,8.06643640771654e-12
6.01,-1.76064029126939e-14,0.0790083585617927,-5.17733368000579e-14,-4.08047619727232e-15,-1.09175664027139e-14,-1.06402619731409e-14,80.0000000000033,0.237788873409619,0.0790083585618936,7.54356332107324e-14,-1.00941477398915e-13,0.773758553262557,-6.41590428740151e-13,-9.7729895994839,-2.05850974727246e-14,-0.0429869122185295,1.24938539551573e-13,0,0,0,0,1,0.673086199299627,0.673086199299627,80.0000000000033,2.00415220987751e-12,8.07531819191354e-12
6.02,-1.76556490310892e-14,0.0790083585617926,-5.18801001156456e-14,-4.08346135183532e-15,-1.08775222839741e-14,-1.0645791692658e-14,80.0000000000033,0.237788873409619,0.0790083585618936,7.54367717592879e-14,-1.01052499701378e-13,0.773758553262557,-6.41601289500961e-13,-9.7729895994839,-2.05850974727246e-14,-0.0429869122185295,1.24938539551573e-13,0,0,0,0,1,0.673086199299627,0.673086199299627,80.0000000000033,1.99601317317486e-12,8.08419997611054e-12
6.03,-1.77049293247275e-14,0.0790083585617924,-5.19869189307163e-14,-4.08643518083314e-15,-1.08380100722415e-14,-1.0651327240095e-14,80.0000000000033,0.237788873409619,0.0790083585618936,7.54379015754706e-14,-1.01141317543348e-13,0.773758553262557,-6.41612083551923e-13,-9.7729895994839,-2.05850974727246e-14,-0.0429869122185295,1.24938539551573e-13,0,0,0,0,1,0.673086199299627,0.673086199299627,80.0000000000033,1.98786921370948e-12,8.09130540346814e-12
6.04,-1.77542436851835e-14,0.0790083585617923,-5.20937933036387e-14,-4.08939772896385e-15,-1.07972896597423e-14,-1.06568685969882e-14,80.0000000000033,0.237788873409619,0.0790083585618936,7.54390226928465e-14,-1.01241237615564e-13,0.773758553262556,-6.41622811153944e-13,-9.77298959948391,-2.05850974727246e-14,-0.0429869122185295,1.24938539551573e-13,0,0,0,0,1,0.673086199299627,0.673086199299627,80.0000000000033,1.97972032881253e-12,8.09929900924544e-12
6.05,-1.78035920044637e-14,0.0790083585617922,-5.22007232925968e-14,-4.09234904075876e-15,-1.07569853835401e-14,-1.06624157449232e-14,80.0000000000033,0.237788873409619,0.0790083585618936,7.54401351448621e-14,-1.01352259918026e-13,0.773758553262556,-6.41633472566941e-13,-9.77298959948391,-2.05850974727246e-14,-0.0429869122185295,1.24938539551573e-13,0,0,0,0,1,0.673086199299627,0.673086199299627,80.0000000000033,1.97156651582313e-12,8.10818079344244e-12
6.06,-1.78529741750042e-14,0.0790083585617921,-5.23077089555902e-14,-4.09528916058293e-15,-1.07168791234553e-14,-1.06679686655352e-14,80.0000000000033,0.237788873409619,0.0790083585618936,7.54412389648447e-14,-1.01474384450735e-13,0.773758553262556,-6.41644068049849e-13,-9.77298959948391,-2.05850974727246e-14,-0.0429869122185295,1.24938539551573e-13,0,0,0,0,1,0.673086199299627,0.673086199299627,80.0000000000033,1.96340777208834e-12,8.11795075605914e-12
6.07,-1.79023900896697e-14,0.079008358561792,-5.24147503504344e-14,-4.09821813263561e-15,-1.06770330208329e-14,-1.0673527340509e-14,80.0000000000033,0.237788873409619,0.0790083585618936,7.54423341860028e-14,-1.01585406753198e-13,0.773758553262556,-6.41654597860617e-13,-9.77298959948392,-2.05850974727246e-14,-0.0429869122185295,1.24938539551573e-13,0,0,0,0,1,0.673086199299627,0.673086199299627,80.0000000000034,1.95524409496312e-12,8.12683254025615e-12
6.08,-1.79518396417515e-14,0.0790083585617919,-5.25218475347613e-14,-4.10113600095068e-15,-1.06376278134718e-14,-1.06790917515796e-14,80.0000000000034,0.237788873409619,0.0790083585618936,7.5443420841426e-14,-1.01685326825414e-13,0.773758553262556,-6.41665062256218e-13,-9.77298959948392,-2.05850974727246e-14,-0.0429869122185295,1.24938539551573e-13,0,0,0,0,1,0.673086199299627,0.673086199299627,80.0000000000034,1.94707548181033e-12,8.13482614603345e-12
6.09,-1.80013227249659e-14,0.0790083585617918,-5.26290005660201e-14,-4.10404280939714e-15,-1.05972284140875e-14,-1.06846618805319e-14,80.0000000000034,0.237788873409619,0.0790083585618936,7.54444989640855e-14,-1.01796349127876e-13,0.773758553262555,-6.41675461492648e-13,-9.77298959948392,-2.05850974727246e-14,-0.0429869122185295,1.24938539551573e-13,0,0,0,0,1,0.673086199299627,0.673086199299627,80.0000000000034,1.93890193000066e-12,8.14370793023045e-12
6.1,-1.80508392334526e-14,0.0790083585617917,-5.27362095014773e-14,-4.10693860167957e-15,-1.05569148558798e-14,-1.06902377092013e-14,80.0000000000034,0.237788873409619,0.0790083585618936,7.54455685868344e-14,-1.01907371430339e-13,0.773758553262555,-6.41685795824929e-13,-9.77298959948392,-2.05850974727246e-14,-0.0429869122185295,1.24938539551573e-13,0,0,0,0,1,0.673086199299627,0.673086199299627,80.0000000000034,1.93072343691259e-12,8.15258971442745e-12
6.11,-1.81003890617735e-14,0.0790083585617916,-5.28434743982176e-14,-4.10982342133861e-15,-1.05164125635602e-14,-1.06958192194739e-14,80.0000000000034,0.237788873409619,0.0790083585618936,7.54466297424075e-14,-1.02018393732801e-13,0.773758553262555,-6.41696065507115e-13,-9.77298959948393,-2.05850974727246e-14,-0.0429869122185295,1.24938539551573e-13,0,0,0,0,1,0.673086199299627,0.673086199299627,80.0000000000034,1.9225399999324e-12,8.16147149862445e-12
6.12,-1.81499721049103e-14,0.0790083585617914,-5.29507953131442e-14,-4.11269731175138e-15,-1.0476170428703e-14,-1.07014063932862e-14,80.0000000000034,0.237788873409619,0.0790083585618936,7.54476824634221e-14,-1.02129416035264e-13,0.773758553262555,-6.41706270792292e-13,-9.77298959948393,-2.05850974727246e-14,-0.0429869122185295,1.24938539551573e-13,0,0,0,0,1,0.673086199299627,0.673086199299627,80.0000000000034,1.91435161645413e-12,8.17035328282145e-12
6.13,-1.81995882582638e-14,0.0790083585617913,-5.30581723029792e-14,-4.11556031613202e-15,-1.04365512125987e-14,-1.07069992126258e-14,80.0000000000034,0.237788873409619,0.0790083585618936,7.54487267823778e-14,-1.02240438337726e-13,0.773758553262555,-6.41716411932581e-13,-9.77298959948394,-2.05850974727246e-14,-0.0429869122185295,1.24938539551573e-13,0,0,0,0,1,0.673086199299627,0.673086199299627,80.0000000000034,1.90615828387951e-12,8.17923506701845e-12
6.14,-1.82492374176516e-14,0.0790083585617912,-5.31656054242646e-14,-4.11841247753211e-15,-1.03973239172929e-14,-1.07125976595315e-14,80.0000000000034,0.237788873409619,0.0790083585618936,7.54497627316569e-14,-1.02351460640189e-13,0.773758553262555,-6.41726489179143e-13,-9.77298959948394,-2.05850974727246e-14,-0.0429869122185295,1.24938539551573e-13,0,0,0,0,1,0.673086199299627,0.673086199299627,80.0000000000034,1.89795999961797e-12,8.18811685121545e-12
6.15,-1.82989194793069e-14,0.0790083585617911,-5.32730947333622e-14,-4.12125383884116e-15,-1.03582237304208e-14,-1.07182017160932e-14,80.0000000000035,0.237788873409619,0.0790083585618936,7.54507903435249e-14,-1.02440278482159e-13,0.773758553262554,-6.41736502782181e-13,-9.77298959948394,-2.05850974727246e-14,-0.0429869122185295,1.24938539551573e-13,0,0,0,0,1,0.673086199299627,0.673086199299627,80.0000000000035,1.8897567610866e-12,8.19522227857306e-12
6.16,-1.83486343398769e-14,0.079008358561791,-5.33806402864545e-14,-4.12408444278708e-15,-1.03182835012018e-14,-1.07238113644522e-14,80.0000000000035,0.237788873409619,0.0790083585618936,7.54518096501303e-14,-1.02529096324129e-13,0.773758553262554,-6.41746452990942e-13,-9.77298959948394,-2.05850974727246e-14,-0.0429869122185295,1.24938539551573e-13,0,0,0,0,1,0.673086199299627,0.673086199299627,80.0000000000035,1.8815485657101e-12,8.20232770593066e-12
6.17,-1.8398381896421e-14,0.0790083585617909,-5.34882421395451e-14,-4.12690433193667e-15,-1.0279668529152e-14,-1.07294265868013e-14,80.0000000000035,0.237788873409619,0.0790083585618936,7.54528206835051e-14,-1.02629016396345e-13,0.773758553262554,-6.41756340053723e-13,-9.77298959948395,-2.05850974727246e-14,-0.0429869122185295,1.24938539551573e-13,0,0,0,0,1,0.673086199299627,0.673086199299627,80.0000000000035,1.87333541092077e-12,8.21032131170796e-12
6.18,-1.84481620464096e-14,0.0790083585617908,-5.35959003484592e-14,-4.12971354869605e-15,-1.02423344947107e-14,-1.07350473653851e-14,80.0000000000035,0.237788873409619,0.0790083585618935,7.54538234755651e-14,-1.02706732008069e-13,0.773758553262554,-6.41766164217871e-13,-9.77298959948395,-2.05850974727246e-14,-0.0429869122185295,1.24938539551573e-13,0,0,0,0,1,0.673086199299627,0.673086199299627,80.0000000000035,1.86511729415848e-12,8.21653856064586e-12
6.19,-1.8497974687722e-14,0.0790083585617907,-5.37036149688442e-14,-4.13251213531121e-15,-1.02042083957998e-14,-1.07406736825001e-14,80.0000000000035,0.237788873409619,0.0790083585618935,7.54548180581102e-14,-1.02806652080285e-13,0.773758553262554,-6.41775925729786e-13,-9.77298959948396,-2.05850974727246e-14,-0.0429869122185295,1.24938539551573e-13,0,0,0,0,1,0.673086199299627,0.673086199299627,80.0000000000035,1.85689421287062e-12,8.22453216642316e-12
6.2,-1.85478197186456e-14,0.0790083585617906,-5.38113860561701e-14,-4.13530013386842e-15,-1.01665100864255e-14,-1.07463055204944e-14,80.0000000000035,0.23778887340962,0.0790083585618935,7.54558044628242e-14,-1.02884367692009e-13,0.773758553262553,-6.41785624834926e-13,-9.77298959948396,-2.05850974727246e-14,-0.0429869122185295,1.24938539551573e-13,0,0,0,0,1,0.673086199299627,0.673086199299627,80.0000000000035,1.84866616451207e-12,8.23074941536106e-12
6.21,-1.85976970378735e-14,0.0790083585617905,-5.39192136657303e-14,-4.13807758629474e-15,-1.01286299815095e-14,-1.07519428617685e-14,80.0000000000035,0.23778887340962,0.0790083585618935,7.54567827212759e-14,-1.02973185533979e-13,0.773758553262553,-6.41795261777811e-13,-9.77298959948396,-2.05850974727246e-14,-0.0429869122185295,1.24938539551573e-13,0,0,0,0,1,0.673086199299627,0.673086199299627,80.0000000000035,1.84043314654521e-12,8.23785484271866e-12
6.22,-1.86476065445036e-14,0.0790083585617904,-5.40270978526415e-14,-4.14084453435849e-15,-1.00894387828917e-14,-1.0757585688775e-14,80.0000000000036,0.23778887340962,0.0790083585618935,7.54577528649184e-14,-1.03073105606195e-13,0.773758553262552,-6.41804836802021e-13,-9.77298959948396,-2.05850974727246e-14,-0.0429869122185295,1.24938539551573e-13,0,0,0,0,1,0.673086199299627,0.673086199299627,80.0000000000036,1.83219515643984e-12,8.24584844849596e-12
6.23,-1.86975481380368e-14,0.0790083585617904,-5.41350386718452e-14,-4.14360101966976e-15,-1.00502777403673e-14,-1.07632339840188e-14,80.0000000000036,0.23778887340962,0.0790083585618935,7.54587149250903e-14,-1.03161923448165e-13,0.773758553262552,-6.41814350150204e-13,-9.77298959948397,-2.05850974727246e-14,-0.0429869122185295,1.24938539551573e-13,0,0,0,0,1,0.673086199299627,0.673086199299627,80.0000000000036,1.82395219167318e-12,8.25295387585356e-12
6.24,-1.87475217183753e-14,0.0790083585617903,-5.42430361781071e-14,-4.14634708368084e-15,-1.00117556092216e-14,-1.07688877300571e-14,80.0000000000036,0.23778887340962,0.0790083585618935,7.54596689330152e-14,-1.03261843520381e-13,0.773758553262552,-6.41823802064076e-13,-9.77298959948397,-2.05850974727246e-14,-0.0429869122185295,1.24938539551573e-13,0,0,0,0,1,0.673086199299627,0.673086199299627,80.0000000000036,1.81570424972982e-12,8.26094748163086e-12
6.25,-1.87975271858215e-14,0.0790083585617902,-5.43510904260186e-14,-4.14908276768672e-15,-9.97343149419331e-15,-1.07745469094997e-14,80.0000000000036,0.23778887340962,0.0790083585618935,7.54606149198026e-14,-1.03350661362351e-13,0.773758553262552,-6.41833192784428e-13,-9.77298959948397,-2.05850974727246e-14,-0.0429869122185295,1.24938539551573e-13,0,0,0,0,1,0.673086199299627,0.673086199299627,80.0000000000036,1.80745132810171e-12,8.26805290898847e-12
6.26,-1.88475644410761e-14,0.0790083585617901,-5.44592014699967e-14,-4.1518081128256e-15,-9.9350945013901e-15,-1.0780211505009e-14,80.0000000000036,0.23778887340962,0.0790083585618935,7.54615529164476e-14,-1.03450581434567e-13,0.773758553262552,-6.41842522551123e-13,-9.77298959948398,-2.05850974727246e-14,-0.0429869122185295,1.24938539551573e-13,0,0,0,0,1,0.673086199299627,0.673086199299627,80.0000000000036,1.79919342428811e-12,8.27604651476577e-12
6.27,-1.88976333852366e-14,0.07900835856179,-5.45673693642849e-14,-4.15452316007935e-15,-9.89580951810035e-15,-1.07858814993001e-14,80.0000000000036,0.23778887340962,0.0790083585618935,7.54624829538315e-14,-1.03528297046291e-13,0.773758553262552,-6.41851791603103e-13,-9.77298959948398,-2.05850974727246e-14,-0.0429869122185295,1.24938539551573e-13,0,0,0,0,1,0.673086199299627,0.673086199299627,80.0000000000036,1.79093053579558e-12,8.28226376370367e-12
6.28,-1.89477339197961e-14,0.0790083585617899,-5.46755941629534e-14,-4.15722795027398e-15,-9.85621674139543e-15,-1.07915568751407e-14,80.0000000000036,0.23778887340962,0.0790083585618935,7.54634050627223e-14,-1.03617114888261e-13,0.773758553262552,-6.41861000178394e-13,-9.77298959948399,-2.05850974727246e-14,-0.0429869122185295,1.24938539551573e-13,0,0,0,0,1,0.673086199299627,0.673086199299627,80.0000000000036,1.78266266013795e-12,8.28936919106127e-12
6.29,-1.89978659466413e-14,0.0790083585617898,-5.47838759198998e-14,-4.15992252408015e-15,-9.81652073122049e-15,-1.07972376153514e-14,80.0000000000037,0.23778887340962,0.0790083585618935,7.54643192737744e-14,-1.03694830499985e-13,0.773758553262551,-6.41870148514102e-13,-9.77298959948399,-2.05850974727246e-14,-0.0429869122185295,1.24938539551573e-13,0,0,0,0,1,0.673086199299627,0.673086199299627,80.0000000000037,1.77438979483626e-12,8.29558643999917e-12
6.3,-1.90480293680515e-14,0.0790083585617897,-5.489221468885e-14,-4.16260692201363e-15,-9.77585240803517e-15,-1.0802923702806e-14,80.0000000000037,0.23778887340962,0.0790083585618934,7.54652256175293e-14,-1.03783648341955e-13,0.773758553262551,-6.41879236846424e-13,-9.772989599484,-2.05850974727246e-14,-0.0429869122185295,1.24938539551573e-13,0,0,0,0,1,0.673086199299627,0.673086199299627,80.0000000000037,1.76611193741877e-12,8.30269186735677e-12
6.31,-1.90982240866966e-14,0.0790083585617896,-5.50006105233578e-14,-4.16528118443582e-15,-9.73443151268671e-15,-1.08086151204308e-14,80.0000000000037,0.23778887340962,0.0790083585618934,7.5466124124416e-14,-1.03861363953679e-13,0.77375855326255,-6.41888265410645e-13,-9.77298959948399,-2.05850974727246e-14,-0.0429869122185295,1.24938539551573e-13,0,0,0,0,1,0.673086199299627,0.673086199299627,80.0000000000037,1.75782908542091e-12,8.30890911629467e-12
6.32,-1.91484500056361e-14,0.0790083585617895,-5.51090634768065e-14,-4.16794535155419e-15,-9.69205606356481e-15,-1.08143118512054e-14,80.0000000000037,0.23778887340962,0.0790083585618934,7.54670148247508e-14,-1.03950181795649e-13,0.77375855326255,-6.41897234441146e-13,-9.772989599484,-2.05850974727246e-14,-0.0429869122185295,1.24938539551573e-13,0,0,0,0,1,0.673086199299627,0.673086199299627,80.0000000000037,1.74954123638525e-12,8.31601454365227e-12
6.33,-1.91987070283171e-14,0.0790083585617894,-5.52175736024086e-14,-4.1705994634228e-15,-9.64872023543959e-15,-1.08200138781625e-14,80.0000000000037,0.23778887340962,0.0790083585618934,7.5467897748738e-14,-1.04027897407372e-13,0.77375855326255,-6.41906144171402e-13,-9.772989599484,-2.05850974727246e-14,-0.0429869122185295,1.24938539551573e-13,0,0,0,0,1,0.673086199299627,0.673086199299627,80.0000000000037,1.74124838786147e-12,8.32223179259017e-12
6.34,-1.92489950585734e-14,0.0790083585617893,-5.53261409532068e-14,-4.17324355994278e-15,-9.60454664863533e-15,-1.08257211843878e-14,80.0000000000037,0.23778887340962,0.0790083585618934,7.546877292647e-14,-1.04127817479589e-13,0.77375855326255,-6.41914994833988e-13,-9.772989599484,-2.05850974727246e-14,-0.0429869122185295,1.24938539551573e-13,0,0,0,0,1,0.673086199299627,0.673086199299627,80.0000000000037,1.73295053740636e-12,8.33022539836747e-12
6.35,-1.92993140006232e-14,0.0790083585617892,-5.54347655820744e-14,-4.17587768086277e-15,-9.56000881330694e-15,-1.08314337530205e-14,80.0000000000037,0.23778887340962,0.0790083585618934,7.54696403879276e-14,-1.04227737551805e-13,0.773758553262549,-6.41923786660582e-13,-9.772989599484,-2.05850974727246e-14,-0.0429869122185295,1.24938539551573e-13,0,0,0,0,1,0.673086199299627,0.673086199299627,80.0000000000037,1.72464768258375e-12,8.33821900414478e-12
6.36,-1.93496637590686e-14,0.0790083585617891,-5.55434475417157e-14,-4.1785018657795e-15,-9.51686834095792e-15,-1.08371515672526e-14,80.0000000000038,0.23778887340962,0.0790083585618934,7.54705001629806e-14,-1.04316555393775e-13,0.773758553262549,-6.41932519881967e-13,-9.77298959948401,-2.05850974727246e-14,-0.0429869122185295,1.24938539551573e-13,0,0,0,0,1,0.673086199299627,0.673086199299627,80.0000000000038,1.7163398209645e-12,8.34532443150238e-12
6.37,-1.94000442388933e-14,0.079008358561789,-5.56521868846669e-14,-4.18111615413818e-15,-9.47561345006636e-15,-1.08428746103296e-14,80.0000000000038,0.23778887340962,0.0790083585618934,7.54713522813874e-14,-1.04427577696237e-13,0.773758553262549,-6.41941194728036e-13,-9.77298959948401,-2.05850974727246e-14,-0.0429869122185295,1.24938539551573e-13,0,0,0,0,1,0.673086199299627,0.673086199299627,80.0000000000038,1.70802695012648e-12,8.35420621569938e-12
6.38,-1.94504553454615e-14,0.0790083585617889,-5.57609836632963e-14,-4.18372058523305e-15,-9.43517018424088e-15,-1.08486028655503e-14,80.0000000000038,0.23778887340962,0.0790083585618934,7.54721967727961e-14,-1.04505293307961e-13,0.773758553262549,-6.4194981142779e-13,-9.77298959948402,-2.05850974727246e-14,-0.0429869122185295,1.24938539551573e-13,0,0,0,0,1,0.673086199299627,0.673086199299627,80.0000000000038,1.69970906765452e-12,8.36042346463728e-12
6.39,-1.95008969845165e-14,0.0790083585617888,-5.58698379298047e-14,-4.18631519820782e-15,-9.39341899377208e-15,-1.08543363162669e-14,80.0000000000038,0.23778887340962,0.0790083585618934,7.54730336667444e-14,-1.04594111149931e-13,0.773758553262548,-6.41958370209349e-13,-9.77298959948402,-2.05850974727246e-14,-0.0429869122185295,1.24938539551573e-13,0,0,0,0,1,0.673086199299627,0.673086199299627,80.0000000000038,1.69138617114041e-12,8.36752889199488e-12
6.4,-1.9551369062179e-14,0.0790083585617887,-5.59787497362265e-14,-4.18890003205622e-15,-9.35113455639595e-15,-1.08600749458848e-14,80.0000000000038,0.23778887340962,0.0790083585618934,7.54738629926596e-14,-1.04682928991901e-13,0.773758553262548,-6.41966871299947e-13,-9.77298959948402,-2.05850974727246e-14,-0.0429869122185295,1.24938539551573e-13,0,0,0,0,1,0.673086199299627,0.673086199299627,80.0000000000038,1.68305825818284e-12,8.37463431935248e-12
6.41,-1.96018714849458e-14,0.0790083585617886,-5.60877191344298e-14,-4.19147512562241e-15,-9.30931500321996e-15,-1.08658187378628e-14,80.0000000000038,0.23778887340962,0.0790083585618934,7.54746847798597e-14,-1.04782849064117e-13,0.773758553262548,-6.41975314925939e-13,-9.77298959948403,-2.05850974727246e-14,-0.0429869122185295,1.24938539551573e-13,0,0,0,0,1,0.673086199299627,0.673086199299627,80.0000000000038,1.67472532638741e-12,8.38262792512978e-12
6.42,-1.96524041596885e-14,0.0790083585617885,-5.61967461761169e-14,-4.19404051760151e-15,-9.26774761119346e-15,-1.08715676757132e-14,80.0000000000038,0.23778887340962,0.0790083585618934,7.54754990575528e-14,-1.04871666906087e-13,0.773758553262548,-6.41983701312806e-13,-9.77298959948403,-2.05850974727246e-14,-0.0429869122185295,1.24938539551573e-13,0,0,0,0,1,0.673086199299627,0.673086199299627,80.0000000000038,1.66638737336656e-12,8.38973335248738e-12
6.43,-1.97029669936516e-14,0.0790083585617884,-5.63058309128251e-14,-4.1965962465401e-15,-9.22605722216951e-15,-1.08773217430016e-14,80.0000000000039,0.23778887340962,0.0790083585618934,7.5476305854838e-14,-1.0498268920855e-13,0.773758553262547,-6.41992030685154e-13,-9.77298959948403,-2.05850974727246e-14,-0.0429869122185295,1.24938539551573e-13,0,0,0,0,1,0.673086199299627,0.673086199299627,80.0000000000039,1.65804439673957e-12,8.39861513668438e-12
6.44,-1.97535598944516e-14,0.0790083585617883,-5.64149733959271e-14,-4.19914235083667e-15,-9.18510475258303e-15,-1.0883080923347e-14,80.0000000000039,0.237788873409621,0.0790083585618934,7.54771052007057e-14,-1.0507150705052e-13,0.773758553262547,-6.42000303266716e-13,-9.77298959948403,-2.05850974727246e-14,-0.0429869122185295,1.24938539551573e-13,0,0,0,0,1,0.673086199299627,0.673086199299627,80.0000000000039,1.64969639413252e-12,8.40572056404199e-12
6.45,-1.98041827700749e-14,0.0790083585617882,-5.65241736766316e-14,-4.20167886874212e-15,-9.14394938541715e-15,-1.0888845200422e-14,80.0000000000039,0.237788873409621,0.0790083585618934,7.54778971240376e-14,-1.05171427122736e-13,0.773758553262547,-6.42008519280361e-13,-9.77298959948404,-2.05850974727246e-14,-0.0429869122185295,1.24938539551573e-13,0,0,0,0,1,0.673086199299627,0.673086199299627,80.0000000000039,1.64134336317829e-12,8.41371416981929e-12
6.46,-1.98548355288773e-14,0.0790083585617881,-5.66334318059836e-14,-4.20420583836026e-15,-9.10261016560139e-15,-1.08946145579523e-14,80.0000000000039,0.237788873409621,0.0790083585618934,7.54786816536069e-14,-1.05271347194952e-13,0.773758553262547,-6.42016678948092e-13,-9.77298959948404,-2.05850974727246e-14,-0.0429869122185295,1.24938539551573e-13,0,0,0,0,1,0.673086199299627,0.673086199299627,80.0000000000039,1.63298530151648e-12,8.42170777559659e-12
6.47,-1.99055180795816e-14,0.079008358561788,-5.67427478348654e-14,-4.20672329764828e-15,-9.0619098571644e-15,-1.09003889797172e-14,80.0000000000039,0.237788873409621,0.0790083585618934,7.54794588180793e-14,-1.05349062806676e-13,0.773758553262547,-6.42024782491051e-13,-9.77298959948405,-2.05850974727246e-14,-0.0429869122185295,1.24938539551573e-13,0,0,0,0,1,0.673086199299627,0.673086199299627,80.0000000000039,1.62462220679342e-12,8.42792502453449e-12
6.48,-1.99562303312768e-14,0.0790083585617879,-5.68521218139965e-14,-4.20923128441725e-15,-9.02158342118176e-15,-1.09061684495496e-14,80.0000000000039,0.237788873409621,0.0790083585618934,7.54802286460126e-14,-1.05448982878892e-13,0.773758553262547,-6.42032830129522e-13,-9.77298959948405,-2.05850974727246e-14,-0.0429869122185295,1.24938539551573e-13,0,0,0,0,1,0.673086199299627,0.673086199299627,80.0000000000039,1.61625407666216e-12,8.43591863031179e-12
6.49,-2.00069721934166e-14,0.0790083585617878,-5.69615537939348e-14,-4.21172983633257e-15,-8.98149315372279e-15,-1.09119529513354e-14,80.0000000000039,0.237788873409621,0.0790083585618934,7.54809911658572e-14,-1.05537800720862e-13,0.773758553262547,-6.42040822082931e-13,-9.77298959948405,-2.05850974727246e-14,-0.0429869122185295,1.24938539551573e-13,0,0,0,0,1,0.673086199299627,0.673086199299627,80.0000000000039,1.60788090878239e-12,8.44302405766939e-12
6.5,-2.00577435758177e-14,0.0790083585617878,-5.70710438250767e-14,-4.21421899091451e-15,-8.94093183490908e-15,-1.09177424690141e-14,80.000000000004,0.237788873409621,0.0790083585618934,7.54817464059567e-14,-1.05626618562832e-13,0.773758553262546,-6.42048758569853e-13,-9.77298959948406,-2.05850974727246e-14,-0.0429869122185295,1.24938539551573e-13,0,0,0,0,1,0.673086199299627,0.673086199299627,80.000000000004,1.59950270082045e-12,8.45012948502699e-12
6.51,-2.01085443886586e-14,0.0790083585617877,-5.71805919576577e-14,-4.21669878553865e-15,-8.90057341367477e-15,-1.09235369865786e-14,80.000000000004,0.237788873409621,0.0790083585618934,7.54824943945479e-14,-1.05704334174556e-13,0.773758553262546,-6.42056639808013e-13,-9.77298959948406,-2.05850974727246e-14,-0.0429869122185295,1.24938539551573e-13,0,0,0,0,1,0.673086199299627,0.673086199299627,80.000000000004,1.5911194504493e-12,8.45634673396489e-12
6.52,-2.01593745424784e-14,0.0790083585617876,-5.72901982417531e-14,-4.2191692574364e-15,-8.86055816533574e-15,-1.09293364880751e-14,80.000000000004,0.237788873409621,0.0790083585618934,7.5483235159761e-14,-1.05793152016526e-13,0.773758553262546,-6.42064466014291e-13,-9.77298959948406,-2.05850974727246e-14,-0.0429869122185295,1.24938539551573e-13,0,0,0,0,1,0.673086199299627,0.673086199299627,80.000000000004,1.58273115534848e-12,8.46345216132249e-12
6.53,-2.02102339481749e-14,0.0790083585617875,-5.73998627272784e-14,-4.22163044369544e-15,-8.82073959460387e-15,-1.09351409576031e-14,80.000000000004,0.237788873409621,0.0790083585618934,7.54839687296204e-14,-1.0587086762825e-13,0.773758553262546,-6.4207223740472e-13,-9.77298959948406,-2.05850974727246e-14,-0.0429869122185295,1.24938539551573e-13,0,0,0,0,1,0.673086199299627,0.673086199299627,80.000000000004,1.57433781320409e-12,8.46966941026039e-12
6.54,-2.02611225170038e-14,0.0790083585617874,-5.75095854639897e-14,-4.22408238126026e-15,-8.78102936675385e-15,-1.09409503793154e-14,80.000000000004,0.237788873409621,0.0790083585618934,7.54846951320445e-14,-1.0595968547022e-13,0.773758553262545,-6.42079954194495e-13,-9.77298959948407,-2.05850974727246e-14,-0.0429869122185295,1.24938539551573e-13,0,0,0,0,1,0.673086199299627,0.673086199299627,80.000000000004,1.56593942170878e-12,8.476774837618e-12
6.55,-2.03120401605766e-14,0.0790083585617873,-5.76193665014848e-14,-4.22652510693258e-15,-8.74142614327543e-15,-1.0946764737418e-14,80.000000000004,0.237788873409621,0.0790083585618934,7.54854143948464e-14,-1.06037401081943e-13,0.773758553262545,-6.42087616597972e-13,-9.77298959948407,-2.05850974727246e-14,-0.0429869122185295,1.24938539551573e-13,0,0,0,0,1,0.673086199299627,0.673086199299627,80.000000000004,1.55753597856168e-12,8.4829920865559e-12
6.56,-2.036298679086e-14,0.0790083585617873,-5.77292058892029e-14,-4.22895865737191e-15,-8.70245383486287e-15,-1.09525840161704e-14,80.000000000004,0.237788873409621,0.0790083585618934,7.5486126545734e-14,-1.06104014463421e-13,0.773758553262545,-6.42095224828672e-13,-9.77298959948408,-2.05850974727246e-14,-0.0429869122185295,1.24938539551573e-13,0,0,0,0,1,0.673086199299627,0.673086199299627,80.000000000004,1.54912748146843e-12,8.4883211570741e-12
6.57,-2.04139623201739e-14,0.0790083585617872,-5.78391036764258e-14,-4.23138306909594e-15,-8.66281862613279e-15,-1.0958408199885e-14,80.0000000000041,0.237788873409621,0.0790083585618934,7.54868316123102e-14,-1.06192832305391e-13,0.773758553262545,-6.42102779099284e-13,-9.77298959948408,-2.05850974727246e-14,-0.0429869122185295,1.24938539551573e-13,0,0,0,0,1,0.673086199299627,0.673086199299627,80.0000000000041,1.54071392814111e-12,8.4954265844317e-12
6.58,-2.04649666611905e-14,0.0790083585617871,-5.79490599122782e-14,-4.23379837848113e-15,-8.62396931471768e-15,-1.09642372729275e-14,80.0000000000041,0.237788873409621,0.0790083585618934,7.54875296220737e-14,-1.06259445686868e-13,0.773758553262545,-6.42110279621669e-13,-9.77298959948408,-2.05850974727246e-14,-0.0429869122185295,1.24938539551573e-13,0,0,0,0,1,0.673086199299627,0.673086199299627,80.0000000000041,1.53229531629823e-12,8.5007556549499e-12
6.59,-2.05159997269325e-14,0.079008358561787,-5.80590746457281e-14,-4.23620462176307e-15,-8.58524067632379e-15,-1.09700712197166e-14,80.0000000000041,0.237788873409621,0.0790083585618933,7.54882206024187e-14,-1.06326059068346e-13,0.773758553262544,-6.42117726606861e-13,-9.77298959948408,-2.05850974727246e-14,-0.0429869122185295,1.24938539551573e-13,0,0,0,0,1,0.673086199299627,0.673086199299627,80.0000000000041,1.52387164366471e-12,8.5060847254681e-12
6.6,-2.0567061430772e-14,0.0790083585617869,-5.81691479255876e-14,-4.23860183503709e-15,-8.54489336625331e-15,-1.09759100247244e-14,80.0000000000041,0.237788873409621,0.0790083585618933,7.54889045806356e-14,-1.0640377468007e-13,0.773758553262544,-6.42125120265071e-13,-9.77298959948409,-2.05850974727246e-14,-0.0429869122185295,1.24938539551573e-13,0,0,0,0,1,0.673086199299627,0.673086199299627,80.0000000000041,1.51544290797183e-12,8.512301974406e-12
6.61,-2.06181516864291e-14,0.0790083585617868,-5.82792798005133e-14,-4.24099005425863e-15,-8.50414819478972e-15,-1.09817536724756e-14,80.0000000000041,0.237788873409621,0.0790083585618933,7.54895815839112e-14,-1.0649259252204e-13,0.773758553262544,-6.4213246080569e-13,-9.77298959948409,-2.05850974727246e-14,-0.0429869122185295,1.24938539551573e-13,0,0,0,0,1,0.673086199299627,0.673086199299627,80.0000000000041,1.50700910695724e-12,8.5194074017636e-12
6.62,-2.06692704079705e-14,0.0790083585617868,-5.83894703190067e-14,-4.24336931524379e-15,-8.46422395819647e-15,-1.09876021475481e-14,80.0000000000041,0.237788873409621,0.0790083585618933,7.54902516393291e-14,-1.0658141036401e-13,0.773758553262544,-6.4213974843729e-13,-9.7729895994841,-2.05850974727246e-14,-0.0429869122185295,1.24938539551573e-13,0,0,0,0,1,0.673086199299627,0.673086199299627,80.0000000000041,1.49857023836492e-12,8.5265128291212e-12
6.63,-2.07204175098083e-14,0.0790083585617867,-5.84997195294149e-14,-4.24573965366978e-15,-8.42497861454658e-15,-1.09934554345729e-14,80.0000000000041,0.237788873409621,0.0790083585618933,7.54909147738699e-14,-1.06648023745487e-13,0.773758553262543,-6.42146983367632e-13,-9.7729895994841,-2.05850974727246e-14,-0.0429869122185295,1.24938539551573e-13,0,0,0,0,1,0.673086199299627,0.673086199299627,80.0000000000041,1.49012629994511e-12,8.5318418996394e-12
6.64,-2.07715929066982e-14,0.0790083585617866,-5.86100274799313e-14,-4.24810110507541e-15,-8.38459803353184e-15,-1.09993135182335e-14,80.0000000000041,0.237788873409621,0.0790083585618933,7.54915710144117e-14,-1.06714637126965e-13,0.773758553262543,-6.42154165803662e-13,-9.7729895994841,-2.05850974727246e-14,-0.0429869122185295,1.24938539551573e-13,0,0,0,0,1,0.673086199299627,0.673086199299627,80.0000000000041,1.48167728945438e-12,8.5371709701576e-12
6.65,-2.0822796513739e-14,0.0790083585617865,-5.87203942185957e-14,-4.25045370486156e-15,-8.34369970897746e-15,-1.10051763832664e-14,80.0000000000042,0.237788873409621,0.0790083585618933,7.54922203877302e-14,-1.06781250508442e-13,0.773758553262543,-6.42161295951519e-13,-9.7729895994841,-2.05850974727246e-14,-0.0429869122185295,1.24938539551573e-13,0,0,0,0,1,0.673086199299627,0.673086199299627,80.0000000000041,1.4732232046555e-12,8.5425000406758e-12
6.66,-2.08740282463702e-14,0.0790083585617864,-5.8830819793295e-14,-4.25279748829167e-15,-8.30207146129853e-15,-1.1011044014461e-14,80.0000000000042,0.237788873409621,0.0790083585618933,7.5492862920499e-14,-1.06881170580658e-13,0.773758553262542,-6.42168374016537e-13,-9.77298959948411,-2.05850974727246e-14,-0.0429869122185295,1.24938539551573e-13,0,0,0,0,1,0.673086199299627,0.673086199299627,80.0000000000042,1.4647640433175e-12,8.55049364645311e-12
6.67,-2.09252880203717e-14,0.0790083585617863,-5.89413042517641e-14,-4.25513249049221e-15,-8.2607930971352e-15,-1.10169163966591e-14,80.0000000000042,0.237788873409621,0.0790083585618933,7.54934986392901e-14,-1.06969988422628e-13,0.773758553262542,-6.42175400203246e-13,-9.77298959948411,-2.05850974727246e-14,-0.0429869122185295,1.24938539551573e-13,0,0,0,0,1,0.673086199299627,0.673086199299627,80.0000000000042,1.45629980321558e-12,8.55759907381071e-12
6.68,-2.09765757518618e-14,0.0790083585617863,-5.90518476415857e-14,-4.25745874645314e-15,-8.21967459668299e-15,-1.10227935147555e-14,80.0000000000042,0.237788873409622,0.0790083585618933,7.54941275705743e-14,-1.07047704034352e-13,0.773758553262542,-6.42182374715376e-13,-9.77298959948412,-2.05850974727246e-14,-0.0429869122185295,1.24938539551573e-13,0,0,0,0,1,0.673086199299627,0.673086199299627,80.0000000000042,1.44783048213114e-12,8.56381632274861e-12
6.69,-2.10278913572959e-14,0.0790083585617862,-5.91624500101915e-14,-4.25977629102844e-15,-8.17933833522912e-15,-1.10286753536972e-14,80.0000000000042,0.237788873409622,0.0790083585618933,7.54947497407212e-14,-1.07125419646076e-13,0.773758553262542,-6.42189297755859e-13,-9.77298959948412,-2.05850974727246e-14,-0.0429869122185295,1.24938539551573e-13,0,0,0,0,1,0.673086199299627,0.673086199299627,80.0000000000042,1.43935607785169e-12,8.57003357168651e-12
6.7,-2.10792347534657e-14,0.0790083585617861,-5.92731114048624e-14,-4.2620851589365e-15,-8.13962810737909e-15,-1.10345618984838e-14,80.0000000000042,0.237788873409622,0.0790083585618933,7.54953651759997e-14,-1.07203135257799e-13,0.773758553262541,-6.42196169526836e-13,-9.77298959948412,-2.05850974727246e-14,-0.0429869122185295,1.24938539551573e-13,0,0,0,0,1,0.673086199299627,0.673086199299627,80.0000000000042,1.43087658817091e-12,8.57625082062441e-12
6.71,-2.11306058574975e-14,0.079008358561786,-5.93838318727292e-14,-4.26438538476068e-15,-8.10065579896654e-15,-1.10404531341675e-14,80.0000000000042,0.237788873409622,0.0790083585618933,7.54959739025783e-14,-1.07303055330016e-13,0.773758553262541,-6.42202990229653e-13,-9.77298959948413,-2.05850974727246e-14,-0.0429869122185295,1.24938539551573e-13,0,0,0,0,1,0.673086199299627,0.673086199299627,80.0000000000042,1.42239201088854e-12,8.58424442640171e-12
6.72,-2.11820045868506e-14,0.0790083585617859,-5.94946114607728e-14,-4.26667700294973e-15,-8.06193565170347e-15,-1.10463490458528e-14,80.0000000000043,0.237788873409622,0.0790083585618933,7.54965759465256e-14,-1.07380770941739e-13,0.773758553262541,-6.42209760064871e-13,-9.77298959948413,-2.05850974727246e-14,-0.0429869122185295,1.24938539551573e-13,0,0,0,0,1,0.673086199299627,0.673086199299627,80.0000000000043,1.41390234381041e-12,8.59046167533961e-12
6.73,-2.12334308593167e-14,0.0790083585617858,-5.9605450215825e-14,-4.2689600478183e-15,-8.02350042086717e-15,-1.10522496186962e-14,80.0000000000043,0.237788873409622,0.0790083585618933,7.54971713338102e-14,-1.07458486553463e-13,0.773758553262541,-6.42216479232261e-13,-9.77298959948413,-2.05850974727246e-14,-0.0429869122185295,1.24938539551573e-13,0,0,0,0,1,0.673086199299627,0.673086199299627,80.0000000000043,1.4054075847484e-12,8.59667892427751e-12
6.74,-2.12848845930182e-14,0.0790083585617858,-5.97163481845692e-14,-4.27123455354735e-15,-7.98519229846472e-15,-1.10581548379069e-14,80.0000000000043,0.237788873409622,0.0790083585618933,7.54977600903013e-14,-1.07536202165187e-13,0.773758553262541,-6.42223147930815e-13,-9.77298959948414,-2.05850974727246e-14,-0.0429869122185295,1.24938539551573e-13,0,0,0,0,1,0.673086199299627,0.673086199299627,80.0000000000043,1.39690773152041e-12,8.60289617321541e-12
6.75,-2.13363657064069e-14,0.0790083585617857,-5.98273054135403e-14,-4.27350055418471e-15,-7.94686818343644e-15,-1.10640646887457e-14,80.0000000000043,0.237788873409622,0.0790083585618933,7.54983422417692e-14,-1.07625020007157e-13,0.773758553262541,-6.42229766358744e-13,-9.77298959948414,-2.05850974727246e-14,-0.0429869122185295,1.24938539551573e-13,0,0,0,0,1,0.673086199299627,0.673086199299627,80.0000000000043,1.38840278195034e-12,8.61000160057301e-12
6.76,-2.13878741182627e-14,0.0790083585617856,-5.99383219491259e-14,-4.27575808364548e-15,-7.90891999658071e-15,-1.10699791565257e-14,80.0000000000043,0.237788873409622,0.0790083585618933,7.54989178138852e-14,-1.07713837849127e-13,0.77375855326254,-6.42236334713481e-13,-9.77298959948414,-2.05850974727246e-14,-0.0429869122185295,1.24938539551573e-13,0,0,0,0,1,0.673086199299627,0.673086199299627,80.0000000000043,1.37989273386806e-12,8.61710702793062e-12
6.77,-2.14394097476924e-14,0.0790083585617855,-6.00493978375664e-14,-4.27800717571253e-15,-7.871387946022e-15,-1.10758982266122e-14,80.0000000000043,0.237788873409622,0.0790083585618933,7.54994868322221e-14,-1.07791553460851e-13,0.77375855326254,-6.42242853191685e-13,-9.77298959948415,-2.05850974727246e-14,-0.0429869122185295,1.24938539551573e-13,0,0,0,0,1,0.673086199299627,0.673086199299627,80.0000000000043,1.37137758510941e-12,8.62332427686852e-12
6.78,-2.14909725141285e-14,0.0790083585617854,-6.01605331249558e-14,-4.28024786403696e-15,-7.83405391158067e-15,-1.10818218844218e-14,80.0000000000043,0.237788873409622,0.0790083585618933,7.55000493222547e-14,-1.07858166842328e-13,0.77375855326254,-6.42249321989244e-13,-9.77298959948415,-2.05850974727246e-14,-0.0429869122185295,1.24938539551573e-13,0,0,0,0,1,0.673086199299627,0.673086199299627,80.0000000000043,1.36285733351613e-12,8.62865334738672e-12
6.79,-2.15425623373278e-14,0.0790083585617853,-6.02717278572419e-14,-4.28248018213856e-15,-7.79652614064085e-15,-1.10877501154235e-14,80.0000000000044,0.237788873409622,0.0790083585618933,7.55006053093598e-14,-1.07924780223806e-13,0.77375855326254,-6.42255741301276e-13,-9.77298959948415,-2.05850974727246e-14,-0.0429869122185295,1.24938539551573e-13,0,0,0,0,1,0.673086199299627,0.673086199299627,80.0000000000044,1.35433197693589e-12,8.63398241790492e-12
6.8,-2.159417913737e-14,0.0790083585617853,-6.03829820802271e-14,-4.28470416340633e-15,-7.75854391281525e-15,-1.10936829051376e-14,80.0000000000044,0.237788873409622,0.0790083585618933,7.55011548188168e-14,-1.08002495835529e-13,0.773758553262539,-6.42262111322135e-13,-9.77298959948415,-2.05850974727246e-14,-0.0429869122185295,1.24938539551573e-13,0,0,0,0,1,0.673086199299627,0.673086199299627,80.0000000000044,1.34580151322222e-12,8.64019966684282e-12
6.81,-2.16458228346569e-14,0.0790083585617852,-6.04942958395686e-14,-4.28691984109885e-15,-7.71985575080385e-15,-1.10996202391361e-14,80.0000000000044,0.237788873409622,0.0790083585618932,7.55016978758078e-14,-1.08069109217007e-13,0.773758553262539,-6.42268432245412e-13,-9.77298959948416,-2.05850974727246e-14,-0.0429869122185295,1.24938539551573e-13,0,0,0,0,1,0.673086199299627,0.673086199299627,80.0000000000044,1.33726594023451e-12,8.64552873736102e-12
6.82,-2.16974933499106e-14,0.0790083585617851,-6.06056691807796e-14,-4.28912724834484e-15,-7.68004762684547e-15,-1.11055621030426e-14,80.0000000000044,0.237788873409622,0.0790083585618932,7.55022345054182e-14,-1.08135722598484e-13,0.773758553262539,-6.42274704263934e-13,-9.77298959948416,-2.05850974727246e-14,-0.0429869122185295,1.24938539551573e-13,0,0,0,0,1,0.673086199299627,0.673086199299627,80.0000000000044,1.32872525583798e-12,8.65085780787922e-12
6.83,-2.17491906041725e-14,0.079008358561785,-6.07171021492288e-14,-4.29132641814357e-15,-7.63979132852077e-15,-1.11115084825322e-14,80.0000000000044,0.237788873409622,0.0790083585618932,7.55027647326366e-14,-1.08213438210208e-13,0.773758553262539,-6.42280927569776e-13,-9.77298959948416,-2.05850974727246e-14,-0.0429869122185295,1.24938539551573e-13,0,0,0,0,1,0.673086199299627,0.673086199299627,80.0000000000044,1.32017945790367e-12,8.65707505681712e-12
6.84,-2.1800914518802e-14,0.0790083585617849,-6.08285947901417e-14,-4.29351738336534e-15,-7.599000008338e-15,-1.1117459363331e-14,80.0000000000044,0.237788873409622,0.0790083585618932,7.55032885823555e-14,-1.08291153821932e-13,0.773758553262538,-6.42287102354255e-13,-9.77298959948417,-2.05850974727246e-14,-0.0429869122185295,1.24938539551573e-13,0,0,0,0,1,0.673086199299627,0.673086199299627,80.0000000000044,1.31162854430838e-12,8.66329230575502e-12
6.85,-2.18526650154755e-14,0.0790083585617849,-6.09401471486011e-14,-4.29570017675195e-15,-7.5585817697349e-15,-1.11234147312168e-14,80.0000000000044,0.237788873409622,0.0790083585618932,7.55038060793715e-14,-1.08357767203409e-13,0.773758553262538,-6.42293228807935e-13,-9.77298959948417,-2.05850974727246e-14,-0.0429869122185295,1.24938539551573e-13,0,0,0,0,1,0.673086199299627,0.673086199299627,80.0000000000045,1.3030725129347e-12,8.66862137627322e-12
6.86,-2.19044420161847e-14,0.0790083585617848,-6.10517592695469e-14,-4.29787483091715e-15,-7.51840049053014e-15,-1.11293745720181e-14,80.0000000000045,0.237788873409622,0.0790083585618932,7.55043172483856e-14,-1.08424380584887e-13,0.773758553262538,-6.42299307120633e-13,-9.77298959948417,-2.05850974727246e-14,-0.0429869122185295,1.24938539551573e-13,0,0,0,0,1,0.673086199299627,0.673086199299627,80.0000000000045,1.29451136167093e-12,8.67395044679142e-12
6.87,-2.19562454432356e-14,0.0790083585617847,-6.11634311977776e-14,-4.3000413783471e-15,-7.47836308241068e-15,-1.11353388716149e-14,80.0000000000045,0.237788873409622,0.0790083585618932,7.55048221140034e-14,-1.08479891736118e-13,0.773758553262538,-6.4230533748142e-13,-9.77298959948418,-2.05850974727246e-14,-0.0429869122185295,1.24938539551573e-13,0,0,0,0,1,0.673086199299627,0.673086199299627,80.0000000000045,1.28594508841111e-12,8.67839133888992e-12
6.88,-2.20080752192475e-14,0.0790083585617847,-6.12751629779499e-14,-4.30219985140083e-15,-7.43798378708853e-15,-1.11413076159377e-14,80.0000000000045,0.237788873409622,0.0790083585618932,7.55053207007356e-14,-1.08557607347842e-13,0.773758553262538,-6.42311320078622e-13,-9.77298959948418,-2.05850974727246e-14,-0.0429869122185295,1.24938539551573e-13,0,0,0,0,1,0.673086199299627,0.673086199299627,80.0000000000045,1.27737369105495e-12,8.68460858782782e-12
6.89,-2.20599312671513e-14,0.0790083585617846,-6.13869546545798e-14,-4.30435028231073e-15,-7.39748149476893e-15,-1.11472807909681e-14,80.0000000000045,0.237788873409622,0.0790083585618932,7.55058130329983e-14,-1.08624220729319e-13,0.773758553262537,-6.42317255099824e-13,-9.77298959948418,-2.05850974727246e-14,-0.0429869122185295,1.24938539551573e-13,0,0,0,0,1,0.673086199299627,0.673086199299627,80.0000000000045,1.26879716750783e-12,8.68993765834603e-12
6.9,-2.21118135101886e-14,0.0790083585617845,-6.1498806272043e-14,-4.30649270318295e-15,-7.35762611014103e-15,-1.11532583827384e-14,80.0000000000045,0.237788873409622,0.0790083585618932,7.55062991351133e-14,-1.08690834110797e-13,0.773758553262537,-6.42323142731872e-13,-9.77298959948419,-2.05850974727246e-14,-0.0429869122185295,1.24938539551573e-13,0,0,0,0,1,0.673086199299627,0.673086199299627,80.0000000000045,1.26021551568078e-12,8.69526672886423e-12
6.91,-2.21637218719104e-14,0.0790083585617845,-6.16107178745753e-14,-4.3086271459979e-15,-7.317915882291e-15,-1.11592403773316e-14,80.0000000000045,0.237788873409622,0.0790083585618932,7.55067790313082e-14,-1.08757447492274e-13,0.773758553262537,-6.42328983160879e-13,-9.77298959948419,-2.05850974727246e-14,-0.0429869122185295,1.24938539551573e-13,0,0,0,0,1,0.673086199299627,0.673086199299627,80.0000000000045,1.25162873349046e-12,8.70059579938243e-12
6.92,-2.22156562761758e-14,0.0790083585617844,-6.1722689506273e-14,-4.31075364261071e-15,-7.27785143292909e-15,-1.1165226760881e-14,80.0000000000045,0.237788873409623,0.0790083585618932,7.55072527457171e-14,-1.08835163103998e-13,0.773758553262537,-6.42334776572225e-13,-9.77298959948419,-2.05850974727246e-14,-0.0429869122185295,1.24938539551573e-13,0,0,0,0,1,0.673086199299627,0.673086199299627,80.0000000000046,1.24303681885911e-12,8.70681304832033e-12
6.93,-2.2267616647151e-14,0.0790083585617843,-6.18347212110937e-14,-4.31287222475165e-15,-7.23747213760694e-15,-1.11712175195705e-14,80.0000000000046,0.237788873409623,0.0790083585618932,7.55077203023807e-14,-1.08901776485475e-13,0.773758553262537,-6.42340523150556e-13,-9.77298959948419,-2.05850974727246e-14,-0.0429869122185295,1.24938539551573e-13,0,0,0,0,1,0.673086199299627,0.673086199299627,80.0000000000046,1.23443976971456e-12,8.71214211883853e-12
6.94,-2.2319602909308e-14,0.0790083585617842,-6.19468130328567e-14,-4.31498292402661e-15,-7.19724288052468e-15,-1.11772126396344e-14,80.0000000000046,0.237788873409623,0.0790083585618932,7.55081817252466e-14,-1.08957287636707e-13,0.773758553262536,-6.42346223079796e-13,-9.7729895994842,-2.05850974727246e-14,-0.0429869122185295,1.24938539551573e-13,0,0,0,0,1,0.673086199299627,0.673086199299627,80.0000000000046,1.22583758399019e-12,8.71658301093703e-12
6.95,-2.2371614987423e-14,0.0790083585617842,-6.20589650152433e-14,-4.31708577191756e-15,-7.15690250763441e-15,-1.11832121073571e-14,80.0000000000046,0.237788873409623,0.0790083585618932,7.55086370381697e-14,-1.09023901018184e-13,0.773758553262536,-6.42351876543141e-13,-9.7729895994842,-2.05850974727246e-14,-0.0429869122185295,1.24938539551573e-13,0,0,0,0,1,0.673086199299627,0.673086199299627,80.0000000000046,1.2172302596249e-12,8.72191208145523e-12
6.96,-2.24236528065761e-14,0.0790083585617841,-6.21711772017976e-14,-4.31918079978296e-15,-7.11670523580382e-15,-1.1189215909073e-14,80.0000000000046,0.237788873409623,0.0790083585618932,7.55090862649123e-14,-1.09079412169415e-13,0.773758553262536,-6.42357483723067e-13,-9.77298959948421,-2.05850974727246e-14,-0.0429869122185295,1.24938539551573e-13,0,0,0,0,1,0.673086199299627,0.673086199299627,80.0000000000046,1.20861779456313e-12,8.72635297355373e-12
6.97,-2.24757162921491e-14,0.079008358561784,-6.22834496359268e-14,-4.32126803885826e-15,-7.07560272797745e-15,-1.11952240311666e-14,80.0000000000046,0.237788873409623,0.0790083585618932,7.5509529429145e-14,-1.09146025550893e-13,0.773758553262535,-6.42363044801328e-13,-9.77298959948421,-2.05850974727246e-14,-0.0429869122185295,1.24938539551573e-13,0,0,0,0,1,0.673086199299627,0.673086199299627,80.0000000000046,1.20000018675477e-12,8.73168204407193e-12
6.98,-2.25278053698251e-14,0.079008358561784,-6.23957823609019e-14,-4.32334752025633e-15,-7.03470440342307e-15,-1.12012364600722e-14,80.0000000000046,0.237788873409623,0.0790083585618932,7.55099665544461e-14,-1.09223741162617e-13,0.773758553262535,-6.42368559958965e-13,-9.77298959948421,-2.05850974727246e-14,-0.0429869122185295,1.24938539551573e-13,0,0,0,0,1,0.673086199299627,0.673086199299627,80.0000000000046,1.19137743415518e-12,8.73789929300983e-12
6.99,-2.25799199655868e-14,0.0790083585617839,-6.25081754198578e-14,-4.32541927496791e-15,-6.9945004487709e-15,-1.12072531822741e-14,80.0000000000046,0.237788873409623,0.0790083585618932,7.55103976643028e-14,-1.09279252313848e-13,0.773758553262535,-6.42374029376304e-13,-9.77298959948422,-2.05850974727246e-14,-0.0429869122185295,1.24938539551573e-13,0,0,0,0,1,0.673086199299627,0.673086199299627,80.0000000000046,1.18274953472519e-12,8.74234018510833e-12
7,-2.26320600057155e-14,0.0790083585617838,-6.26206288557943e-14,-4.32748333386203e-15,-6.95341832577423e-15,-1.12132741843059e-14,80.0000000000047,0.237788873409623,0.0790083585618932,7.55108227821111e-14,-1.09334763465079e-13,0.773758553262535,-6.42379453232957e-13,-9.77298959948422,-2.05850974727246e-14,-0.0429869122185295,1.24938539551573e-13,0,0,0,0,1,0.673086199299627,0.673086199299627,80.0000000000047,1.17411648643102e-12,8.74678107720683e-12
7.01,-2.26842254167902e-14,0.0790083585617838,-6.27331427115763e-14,-4.32953972768652e-15,-6.91190996024184e-15,-1.12192994527509e-14,80.0000000000047,0.237788873409623,0.0790083585618931,7.55112419311759e-14,-1.0939027461631e-13,0.773758553262535,-6.42384831707831e-13,-9.77298959948423,-2.05850974727246e-14,-0.0429869122185295,1.24938539551573e-13,0,0,0,0,1,0.673086199299627,0.673086199299627,80.0000000000047,1.16547828724429e-12,8.75122196930533e-12
7.02,-2.27364161256859e-14,0.0790083585617837,-6.28457170299344e-14,-4.3315884870684e-15,-6.87073888121758e-15,-1.12253289742419e-14,80.0000000000047,0.237788873409623,0.0790083585618931,7.55116551347119e-14,-1.09445785767542e-13,0.773758553262535,-6.42390164979126e-13,-9.77298959948423,-2.05850974727246e-14,-0.0429869122185295,1.24938539551573e-13,0,0,0,0,1,0.673086199299627,0.673086199299627,80.0000000000047,1.15683493514201e-12,8.75566286140383e-12
7.03,-2.27886320595729e-14,0.0790083585617836,-6.29583518534652e-14,-4.33362964251432e-15,-6.82919187402078e-15,-1.12313627354609e-14,80.0000000000047,0.237788873409623,0.0790083585618931,7.55120624158433e-14,-1.09512399149019e-13,0.773758553262534,-6.42395453224337e-13,-9.77298959948423,-2.05850974727246e-14,-0.0429869122185295,1.24938539551573e-13,0,0,0,0,1,0.673086199299627,0.673086199299627,80.0000000000047,1.14818642810653e-12,8.76099193192204e-12
7.04,-2.28408731459152e-14,0.0790083585617836,-6.30710472246321e-14,-4.33566322441107e-15,-6.78727591752977e-15,-1.1237400723139e-14,80.0000000000047,0.237788873409623,0.0790083585618931,7.55124637976046e-14,-1.09545705839758e-13,0.773758553262534,-6.42400696620262e-13,-9.77298959948424,-2.05850974727246e-14,-0.0429869122185295,1.24938539551573e-13,0,0,0,0,1,0.673086199299627,0.673086199299627,80.0000000000047,1.13953276412554e-12,8.76365646718114e-12
7.05,-2.28931393124697e-14,0.0790083585617835,-6.31838031857656e-14,-4.33768926302593e-15,-6.74491368810753e-15,-1.12434429240564e-14,80.0000000000047,0.237788873409623,0.0790083585618931,7.55128593029407e-14,-1.09601216990989e-13,0.773758553262534,-6.42405895342997e-13,-9.77298959948424,-2.05850974727246e-14,-0.0429869122185295,1.24938539551573e-13,0,0,0,0,1,0.673086199299627,0.673086199299627,80.0000000000047,1.13087394119204e-12,8.76809735927964e-12
7.06,-2.29454304872852e-14,0.0790083585617834,-6.32966197790639e-14,-4.33970778850721e-15,-6.7023572134695e-15,-1.12494893250424e-14,80.0000000000047,0.237788873409623,0.0790083585618931,7.55132489547071e-14,-1.0965672814222e-13,0.773758553262533,-6.42411049567946e-13,-9.77298959948424,-2.05850974727246e-14,-0.0429869122185295,1.24938539551573e-13,0,0,0,0,1,0.673086199299627,0.673086199299627,80.0000000000047,1.12220995730432e-12,8.77253825137814e-12
7.07,-2.29977465987005e-14,0.0790083585617833,-6.34094970465933e-14,-4.34171883088458e-15,-6.65874080830373e-15,-1.12555399129749e-14,80.0000000000048,0.237788873409623,0.0790083585618931,7.55136327756704e-14,-1.09712239293451e-13,0.773758553262533,-6.42416159469818e-13,-9.77298959948424,-2.05850974727246e-14,-0.0429869122185295,1.24938539551573e-13,0,0,0,0,1,0.673086199299627,0.673086199299627,80.0000000000048,1.11354081046592e-12,8.77697914347664e-12
7.08,-2.30500875753442e-14,0.0790083585617833,-6.35224350302885e-14,-4.34372242006962e-15,-6.61408921211545e-15,-1.12615946747807e-14,80.0000000000048,0.237788873409623,0.0790083585618931,7.55140107885086e-14,-1.09778852674929e-13,0.773758553262533,-6.42421225222632e-13,-9.77298959948425,-2.05850974727246e-14,-0.0429869122185295,1.24938539551573e-13,0,0,0,0,1,0.673086199299627,0.673086199299627,80.0000000000048,1.10486649868564e-12,8.78230821399484e-12
7.09,-2.31024533461326e-14,0.0790083585617832,-6.36354337719536e-14,-4.34571858585617e-15,-6.56962659744801e-15,-1.12676535974349e-14,80.0000000000048,0.237788873409623,0.0790083585618931,7.55143830158113e-14,-1.09845466056406e-13,0.773758553262532,-6.42426246999721e-13,-9.77298959948425,-2.05850974727246e-14,-0.0429869122185295,1.24938539551573e-13,0,0,0,0,1,0.673086199299627,0.673086199299627,80.0000000000048,1.09618701997752e-12,8.78763728451304e-12
7.1,-2.31548438402696e-14,0.0790083585617831,-6.37484933132621e-14,-4.34770735792081e-15,-6.52590190221804e-15,-1.12737166679614e-14,80.0000000000048,0.237788873409623,0.0790083585618931,7.551474948008e-14,-1.0992318166813e-13,0.773758553262532,-6.42431224973732e-13,-9.77298959948425,-2.05850974727246e-14,-0.0429869122185295,1.24938539551573e-13,0,0,0,0,1,0.673086199299627,0.673086199299627,80.0000000000048,1.08750237236077e-12,8.79385453345094e-12
7.11,-2.32072589872446e-14,0.0790083585617831,-6.38616136957578e-14,-4.3496887658233e-15,-6.48242936813757e-15,-1.12797838734322e-14,80.0000000000048,0.237788873409623,0.0790083585618931,7.55151102037286e-14,-1.09989795049608e-13,0.773758553262532,-6.4243615931663e-13,-9.77298959948425,-2.05850974727246e-14,-0.0429869122185295,1.24938539551573e-13,0,0,0,0,1,0.673086199299627,0.673086199299627,80.0000000000048,1.0788125538598e-12,8.79918360396914e-12
7.12,-2.3259698716832e-14,0.079008358561783,-6.39747949608547e-14,-4.35166283900698e-15,-6.43969475349456e-15,-1.12858552009675e-14,80.0000000000048,0.237788873409623,0.0790083585618931,7.55154652090835e-14,-1.10056408431085e-13,0.773758553262532,-6.42441050199699e-13,-9.77298959948426,-2.05850974727246e-14,-0.0429869122185295,1.24938539551573e-13,0,0,0,0,1,0.673086199299627,0.673086199299627,80.0000000000048,1.07011756250418e-12,8.80451267448734e-12
7.13,-2.33121629590898e-14,0.0790083585617829,-6.40880371498381e-14,-4.35362960679924e-15,-6.39712128825526e-15,-1.12919306377356e-14,80.0000000000048,0.237788873409623,0.0790083585618931,7.55158145183842e-14,-1.10123021812563e-13,0.773758553262532,-6.42445897793547e-13,-9.77298959948426,-2.05850974727246e-14,-0.0429869122185295,1.24938539551573e-13,0,0,0,0,1,0.673086199299627,0.673086199299627,80.0000000000048,1.06141739632863e-12,8.80984174500554e-12
7.14,-2.33646516443586e-14,0.0790083585617829,-6.42013403038648e-14,-4.35558909841191e-15,-6.35499671459026e-15,-1.12980101709529e-14,80.0000000000049,0.237788873409623,0.0790083585618931,7.55161581537831e-14,-1.10200737424286e-13,0.773758553262532,-6.42450702268107e-13,-9.77298959948426,-2.05850974727246e-14,-0.0429869122185295,1.24938539551573e-13,0,0,0,0,1,0.673086199299627,0.673086199299627,80.0000000000049,1.05271205337296e-12,8.81605899394344e-12
7.15,-2.34171647032604e-14,0.0790083585617828,-6.43147044639635e-14,-4.35754134294175e-15,-6.31281928158575e-15,-1.13040937878834e-14,80.0000000000049,0.237788873409623,0.0790083585618931,7.55164961373463e-14,-1.10267350805764e-13,0.773758553262532,-6.4245546379264e-13,-9.77298959948427,-2.05850974727246e-14,-0.0429869122185295,1.24938539551573e-13,0,0,0,0,1,0.673086199299627,0.673086199299627,80.0000000000049,1.0440015316821e-12,8.82138806446164e-12
7.16,-2.34697020666977e-14,0.0790083585617827,-6.44281296710355e-14,-4.35948636937083e-15,-6.27054466968086e-15,-1.1310181475839e-14,80.0000000000049,0.237788873409624,0.0790083585618931,7.55168284910538e-14,-1.10333964187241e-13,0.773758553262531,-6.42460182535737e-13,-9.77298959948427,-2.05850974727246e-14,-0.0429869122185295,1.24938539551573e-13,0,0,0,0,1,0.673086199299627,0.673086199299627,80.0000000000049,1.03528582930606e-12,8.82671713497984e-12
7.17,-2.35222636658519e-14,0.0790083585617826,-6.4541615965855e-14,-4.36142420656695e-15,-6.22775719569834e-15,-1.1316273222179e-14,80.0000000000049,0.237788873409624,0.0790083585618931,7.55171552367995e-14,-1.10400577568719e-13,0.773758553262531,-6.42464858665323e-13,-9.77298959948428,-2.05850974727246e-14,-0.0429869122185295,1.24938539551573e-13,0,0,0,0,1,0.673086199299627,0.673086199299627,80.0000000000049,1.0265649442999e-12,8.83204620549805e-12
7.18,-2.35748494321828e-14,0.0790083585617826,-6.46551633890696e-14,-4.36335488328413e-15,-6.18570093053296e-15,-1.13223690143103e-14,80.0000000000049,0.237788873409624,0.0790083585618931,7.5517476396392e-14,-1.10467190950196e-13,0.773758553262531,-6.42469492348657e-13,-9.77298959948428,-2.05850974727246e-14,-0.0429869122185295,1.24938539551573e-13,0,0,0,0,1,0.673086199299627,0.673086199299627,80.0000000000049,1.01783887472371e-12,8.83737527601625e-12
7.19,-2.36274592974271e-14,0.0790083585617825,-6.47687719812009e-14,-4.36527842816298e-15,-6.14424054287807e-15,-1.1328468839687e-14,80.0000000000049,0.237788873409624,0.079008358561893,7.55177919915543e-14,-1.10500497640935e-13,0.773758553262531,-6.42474083752336e-13,-9.77298959948429,-2.05850974727246e-14,-0.0429869122185295,1.24938539551573e-13,0,0,0,0,1,0.673086199299627,0.673086199299627,80.0000000000049,1.00910761864259e-12,8.84003981127535e-12
7.2,-2.36800931935974e-14,0.0790083585617825,-6.48824417826448e-14,-4.36719486973113e-15,-6.10270058822632e-15,-1.13345726858104e-14,80.0000000000049,0.237788873409624,0.079008358561893,7.55181020439248e-14,-1.1054490656192e-13,0.77375855326253,-6.42478633042299e-13,-9.77298959948429,-2.05850974727246e-14,-0.0429869122185295,1.24938539551573e-13,0,0,0,0,1,0.673086199299627,0.673086199299627,80.0000000000049,1.00037117412667e-12,8.84359252495415e-12
7.21,-2.37327510529812e-14,0.0790083585617824,-6.49961728336722e-14,-4.36910423640368e-15,-6.06021813473281e-15,-1.13406805402288e-14,80.000000000005,0.237788873409624,0.079008358561893,7.55184065750571e-14,-1.10600417713151e-13,0.77375855326253,-6.42483140383828e-13,-9.77298959948429,-2.05850974727246e-14,-0.0429869122185295,1.24938539551573e-13,0,0,0,0,1,0.673086199299627,0.673086199299627,80.000000000005,9.91629539251018e-13,8.84803341705265e-12
7.22,-2.37854328081398e-14,0.0790083585617824,-6.5109965174429e-14,-4.37100655648359e-15,-6.01811160941184e-15,-1.13467923905377e-14,80.000000000005,0.237788873409624,0.079008358561893,7.55187056064204e-14,-1.10644826634136e-13,0.77375855326253,-6.42487605941549e-13,-9.77298959948429,-2.05850974727246e-14,-0.0429869122185295,1.24938539551573e-13,0,0,0,0,1,0.673086199299627,0.673086199299627,80.000000000005,9.82882712095669e-13,8.85158613073145e-12
7.23,-2.38381383919071e-14,0.0790083585617823,-6.52238188449374e-14,-4.37290185816215e-15,-5.97642122038789e-15,-1.13529082243791e-14,80.000000000005,0.237788873409624,0.079008358561893,7.55189991593999e-14,-1.10700337785367e-13,0.77375855326253,-6.42492029879437e-13,-9.7729895994843,-2.05850974727246e-14,-0.0429869122185295,1.24938539551573e-13,0,0,0,0,1,0.673086199299627,0.673086199299627,80.000000000005,9.74130690745599e-13,8.85602702282995e-12
7.24,-2.38908677373885e-14,0.0790083585617823,-6.53377338850953e-14,-4.37479016951932e-15,-5.9351047038183e-15,-1.13590280294417e-14,80.000000000005,0.237788873409624,0.079008358561893,7.55192872552971e-14,-1.10766951166845e-13,0.77375855326253,-6.42496412360816e-13,-9.7729895994843,-2.05850974727246e-14,-0.0429869122185295,1.24938539551573e-13,0,0,0,0,1,0.673086199299627,0.673086199299627,80.000000000005,9.65373473290688e-13,8.86135609334815e-12
7.25,-2.394362077796e-14,0.0790083585617822,-6.54517103346779e-14,-4.37667151852424e-15,-5.89407672585372e-15,-1.13651517934608e-14,80.000000000005,0.237788873409624,0.079008358561893,7.55195699153302e-14,-1.10833564548322e-13,0.773758553262529,-6.42500753548367e-13,-9.7729895994843,-2.05850974727246e-14,-0.0429869122185295,1.24938539551573e-13,0,0,0,0,1,0.673086199299627,0.673086199299627,80.000000000005,9.56611057825718e-13,8.86668516386635e-12
7.26,-2.39963974472672e-14,0.0790083585617821,-6.55657482333372e-14,-4.37854593303558e-15,-5.85301237043361e-15,-1.13712795042182e-14,80.000000000005,0.237788873409624,0.079008358561893,7.55198471606339e-14,-1.10877973469307e-13,0.773758553262529,-6.42505053604121e-13,-9.77298959948431,-2.05850974727246e-14,-0.0429869122185295,1.24938539551573e-13,0,0,0,0,1,0.673086199299627,0.673086199299627,80.000000000005,9.47843442450341e-13,8.87023787754515e-12
7.27,-2.40491976792238e-14,0.0790083585617821,-6.5679847620603e-14,-4.38041344080199e-15,-5.81198488172719e-15,-1.13774111495418e-14,80.000000000005,0.237788873409624,0.079008358561893,7.55201190122604e-14,-1.10944586850785e-13,0.773758553262529,-6.4250931268947e-13,-9.77298959948431,-2.05850974727246e-14,-0.0429869122185295,1.24938539551573e-13,0,0,0,0,1,0.673086199299627,0.673086199299627,80.0000000000051,9.39070625269066e-13,8.87556694806335e-12
7.28,-2.4102021408011e-14,0.079008358561782,-6.57940085358833e-14,-4.3822740694625e-15,-5.77116157629275e-15,-1.13835467173056e-14,80.0000000000051,0.237788873409624,0.079008358561893,7.55203854911791e-14,-1.11000098002016e-13,0.773758553262529,-6.42513530965168e-13,-9.77298959948432,-2.05850974727246e-14,-0.0429869122185295,1.24938539551573e-13,0,0,0,0,1,0.673086199299627,0.673086199299627,80.0000000000051,9.30292604391235e-13,8.88000784016185e-12
7.29,-2.41548685680762e-14,0.079008358561782,-6.59082310184645e-14,-4.38412784654694e-15,-5.73101045318135e-15,-1.13896861954298e-14,80.0000000000051,0.237788873409624,0.079008358561893,7.55206466182775e-14,-1.11033404692755e-13,0.773758553262529,-6.42517708591328e-13,-9.77298959948432,-2.05850974727246e-14,-0.0429869122185295,1.24938539551573e-13,0,0,0,0,1,0.673086199299627,0.673086199299627,80.0000000000051,9.21509377931008e-13,8.88267237542095e-12
7.3,-2.4207739094132e-14,0.0790083585617819,-6.60225151075123e-14,-4.38597479947635e-15,-5.68994609776124e-15,-1.13958295718803e-14,80.0000000000051,0.237788873409624,0.079008358561893,7.55209024143609e-14,-1.11088915843986e-13,0.773758553262528,-6.4252184572743e-13,-9.77298959948432,-2.05850974727246e-14,-0.0429869122185295,1.24938539551573e-13,0,0,0,0,1,0.673086199299627,0.673086199299627,80.0000000000051,9.12720944007335e-13,8.88711326751945e-12
7.31,-2.42606329211553e-14,0.0790083585617819,-6.61368608420717e-14,-4.38781495556339e-15,-5.64882759730904e-15,-1.14019768346688e-14,80.0000000000051,0.237788873409624,0.079008358561893,7.5521152900153e-14,-1.11144426995217e-13,0.773758553262528,-6.42525942532322e-13,-9.77298959948432,-2.05850974727246e-14,-0.0429869122185295,1.24938539551573e-13,0,0,0,0,1,0.673086199299627,0.673086199299627,80.0000000000051,9.03927300743949e-13,8.89155415961795e-12
7.32,-2.43135499843858e-14,0.0790083585617818,-6.62512682610678e-14,-4.38964834201277e-15,-5.60794526538049e-15,-1.14081279718526e-14,80.0000000000051,0.237788873409624,0.079008358561893,7.55213980962962e-14,-1.11211040376695e-13,0.773758553262528,-6.42529999164222e-13,-9.77298959948433,-2.05850974727246e-14,-0.0429869122185295,1.24938539551573e-13,0,0,0,0,1,0.673086199299627,0.673086199299627,80.0000000000051,8.95128446269333e-13,8.89688323013615e-12
7.33,-2.43664902193257e-14,0.0790083585617818,-6.6365737403306e-14,-4.39147498592161e-15,-5.56695592908033e-15,-1.14142829715345e-14,80.0000000000051,0.237788873409624,0.079008358561893,7.5521638023352e-14,-1.1125544929768e-13,0.773758553262528,-6.42534015780721e-13,-9.77298959948433,-2.05850974727246e-14,-0.0429869122185295,1.24938539551573e-13,0,0,0,0,1,0.673086199299627,0.673086199299627,80.0000000000051,8.86324378716713e-13,8.90043594381495e-12
7.34,-2.44194535617378e-14,0.0790083585617817,-6.64802683074728e-14,-4.39329491427992e-15,-5.52650649610025e-15,-1.14204418218626e-14,80.0000000000051,0.237788873409624,0.079008358561893,7.55218727018008e-14,-1.11299858218665e-13,0.773758553262527,-6.42537992538782e-13,-9.77298959948433,-2.05850974727246e-14,-0.0429869122185295,1.24938539551573e-13,0,0,0,0,1,0.673086199299627,0.673086199299627,80.0000000000052,8.77515096224028e-13,8.90398865749376e-12
7.35,-2.44724399476453e-14,0.0790083585617816,-6.65948610121358e-14,-4.39510815397092e-15,-5.4860312450231e-15,-1.142660451103e-14,80.0000000000052,0.237788873409624,0.079008358561893,7.55221021520429e-14,-1.1134426713965e-13,0.773758553262527,-6.42541929594748e-13,-9.77298959948433,-2.05850974727246e-14,-0.0429869122185295,1.24938539551573e-13,0,0,0,0,1,0.673086199299627,0.673086199299627,80.0000000000052,8.68700596933919e-13,8.90754137117256e-12
7.36,-2.45254493133299e-14,0.0790083585617816,-6.67095155557446e-14,-4.39691473177152e-15,-5.44638986913842e-15,-1.14327710272753e-14,80.0000000000052,0.237788873409624,0.079008358561893,7.55223263943982e-14,-1.11399778290881e-13,0.773758553262527,-6.42545827104343e-13,-9.77298959948434,-2.05850974727246e-14,-0.0429869122185295,1.24938539551573e-13,0,0,0,0,1,0.673086199299627,0.673086199299627,80.0000000000052,8.59880878993703e-13,8.91198226327106e-12
7.37,-2.45784815953318e-14,0.0790083585617815,-6.68242319766308e-14,-4.39871467435269e-15,-5.40718267789479e-15,-1.14389413588816e-14,80.0000000000052,0.237788873409624,0.079008358561893,7.5522545449107e-14,-1.1143308498162e-13,0.773758553262526,-6.42549685222669e-13,-9.77298959948434,-2.05850974727246e-14,-0.0429869122185295,1.24938539551573e-13,0,0,0,0,1,0.673086199299627,0.673086199299627,80.0000000000052,8.51055940555361e-13,8.91464679853016e-12
7.38,-2.46315367304477e-14,0.0790083585617815,-6.69390103130089e-14,-4.40050800827987e-15,-5.36685569844642e-15,-1.14451154941769e-14,80.0000000000052,0.237788873409624,0.079008358561893,7.55227593363297e-14,-1.11488596132851e-13,0.773758553262526,-6.42553504104215e-13,-9.77298959948435,-2.05850974727246e-14,-0.0429869122185295,1.24938539551573e-13,0,0,0,0,1,0.673086199299627,0.673086199299627,80.0000000000052,8.42225779775516e-13,8.91908769062866e-12
7.39,-2.46846146557303e-14,0.0790083585617814,-6.70538506029764e-14,-4.40229476001336e-15,-5.32733060893885e-15,-1.1451293421534e-14,80.0000000000052,0.237788873409624,0.079008358561893,7.55229680761477e-14,-1.11533005053836e-13,0.773758553262526,-6.42557283902857e-13,-9.77298959948435,-2.05850974727246e-14,-0.0429869122185295,1.24938539551573e-13,0,0,0,0,1,0.673086199299627,0.673086199299627,80.0000000000052,8.33390394815407e-13,8.92264040430746e-12
7.4,-2.47377153084873e-14,0.0790083585617814,-6.71687528845146e-14,-4.40407495590872e-15,-5.28666228575353e-15,-1.14574751293702e-14,80.0000000000052,0.237788873409625,0.079008358561893,7.55231716885632e-14,-1.11588516205067e-13,0.773758553262526,-6.42561024771859e-13,-9.77298959948435,-2.05850974727246e-14,-0.0429869122185295,1.24938539551573e-13,0,0,0,0,1,0.673086199299627,0.673086199299627,80.0000000000052,8.24549783840883e-13,8.92708129640596e-12
7.41,-2.47908386262802e-14,0.0790083585617813,-6.72837171954885e-14,-4.40584862221721e-15,-5.24594187325431e-15,-1.1463660606147e-14,80.0000000000052,0.237788873409625,0.079008358561893,7.55233701934999e-14,-1.11644027356298e-13,0.773758553262525,-6.42564726863878e-13,-9.77298959948435,-2.05850974727246e-14,-0.0429869122185295,1.24938539551573e-13,0,0,0,0,1,0.673086199299627,0.673086199299627,80.0000000000052,8.15703945022378e-13,8.93152218850446e-12
7.42,-2.48439845469235e-14,0.0790083585617813,-6.73987435736479e-14,-4.40761578508611e-15,-5.20563759705211e-15,-1.14698498403702e-14,80.0000000000053,0.237788873409625,0.079008358561893,7.55235636108031e-14,-1.1169953850753e-13,0.773758553262525,-6.42568390330963e-13,-9.77298959948436,-2.05850974727246e-14,-0.0429869122185295,1.24938539551573e-13,0,0,0,0,1,0.673086199299627,0.673086199299627,80.0000000000053,8.06852876534887e-13,8.93596308060296e-12
7.43,-2.48971530084832e-14,0.0790083585617812,-6.75138320566274e-14,-4.4093764705592e-15,-5.1655313369673e-15,-1.14760428205899e-14,80.0000000000053,0.237788873409625,0.079008358561893,7.55237519602397e-14,-1.11766151889007e-13,0.773758553262525,-6.42572015324561e-13,-9.77298959948436,-2.05850974727246e-14,-0.0429869122185295,1.24938539551573e-13,0,0,0,0,1,0.673086199299627,0.673086199299627,80.0000000000053,7.97996576557958e-13,8.94129215112116e-12
7.44,-2.49503439492767e-14,0.0790083585617812,-6.76289826819468e-14,-4.4111307045771e-15,-5.12598302854659e-15,-1.14822395353999e-14,80.0000000000053,0.237788873409625,0.0790083585618929,7.55239352614991e-14,-1.11799458579746e-13,0.773758553262525,-6.42575601995516e-13,-9.77298959948437,-2.05850974727246e-14,-0.0429869122185295,1.24938539551573e-13,0,0,0,0,1,0.673086199299627,0.673086199299627,80.0000000000053,7.89135043275666e-13,8.94395668638026e-12
7.45,-2.50035573078709e-14,0.0790083585617811,-6.77441954870119e-14,-4.41287851297769e-15,-5.08545986213915e-15,-1.14884399734379e-14,80.0000000000053,0.237788873409625,0.0790083585618929,7.5524113534193e-14,-1.11843867500731e-13,0.773758553262524,-6.42579150494073e-13,-9.77298959948437,-2.05850974727246e-14,-0.0429869122185295,1.24938539551573e-13,0,0,0,0,1,0.673086199299627,0.673086199299627,80.0000000000053,7.80268274876595e-13,8.94750940005906e-12
7.46,-2.50567930230818e-14,0.079008358561781,-6.78594705091147e-14,-4.41461992149647e-15,-5.04417453994654e-15,-1.14946441233856e-14,80.0000000000053,0.237788873409625,0.0790083585618929,7.55242867978559e-14,-1.11899378651962e-13,0.773758553262524,-6.42582660969882e-13,-9.77298959948437,-2.05850974727246e-14,-0.0429869122185295,1.24938539551573e-13,0,0,0,0,1,0.673086199299627,0.673086199299627,80.0000000000053,7.71396269553823e-13,8.95195029215756e-12
7.47,-2.5110051033973e-14,0.079008358561781,-6.79748077854339e-14,-4.41635495576699e-15,-5.00307819927477e-15,-1.15008519739677e-14,80.0000000000053,0.237788873409625,0.0790083585618929,7.55244550719453e-14,-1.11943787572947e-13,0.773758553262524,-6.42586133571997e-13,-9.77298959948437,-2.05850974727246e-14,-0.0429869122185295,1.24938539551573e-13,0,0,0,0,1,0.673086199299627,0.673086199299627,80.0000000000053,7.62519025504902e-13,8.95550300583636e-12
7.48,-2.51633312798554e-14,0.0790083585617809,-6.80902073530352e-14,-4.41808364132124e-15,-4.96244674280312e-15,-1.15070635139529e-14,80.0000000000053,0.237788873409625,0.0790083585618929,7.5524618375842e-14,-1.11999298724178e-13,0.773758553262524,-6.42589568448879e-13,-9.77298959948438,-2.05850974727246e-14,-0.0429869122185295,1.24938539551573e-13,0,0,0,0,1,0.673086199299627,0.673086199299627,80.0000000000053,7.5363654093184e-13,8.95994389793486e-12
7.49,-2.52166337002856e-14,0.0790083585617809,-6.8205669248872e-14,-4.41980600359001e-15,-4.92188542398942e-15,-1.15132787321528e-14,80.0000000000054,0.237788873409625,0.0790083585618929,7.55247767288506e-14,-1.12065912105656e-13,0.773758553262523,-6.425929657484e-13,-9.77298959948438,-2.05850974727246e-14,-0.0429869122185295,1.24938539551573e-13,0,0,0,0,1,0.673086199299627,0.673086199299627,80.0000000000054,7.44748814041081e-13,8.96527296845306e-12
7.5,-2.52699582350652e-14,0.0790083585617808,-6.83211935097855e-14,-4.42152206790327e-15,-4.88080507594348e-15,-1.15194976174223e-14,80.0000000000054,0.237788873409625,0.0790083585618929,7.55249301501992e-14,-1.12132525487133e-13,0.773758553262523,-6.42596325617844e-13,-9.77298959948438,-2.05850974727246e-14,-0.0429869122185295,1.24938539551573e-13,0,0,0,0,1,0.673086199299627,0.673086199299627,80.0000000000054,7.35855843043487e-13,8.97060203897126e-12
7.51,-2.53233048242399e-14,0.0790083585617808,-6.84367801725056e-14,-4.42323185949061e-15,-4.840157626846e-15,-1.15257201586592e-14,80.0000000000054,0.237788873409625,0.0790083585618929,7.55250786590406e-14,-1.12176934408118e-13,0.773758553262523,-6.42599648203911e-13,-9.77298959948439,-2.05850974727246e-14,-0.0429869122185295,1.24938539551573e-13,0,0,0,0,1,0.673086199299627,0.673086199299627,80.0000000000054,7.26957626154328e-13,8.97415475265007e-12
7.52,-2.53766734080982e-14,0.0790083585617807,-6.85524292736508e-14,-4.42493540348158e-15,-4.79956432278063e-15,-1.15319463448043e-14,80.0000000000054,0.237788873409625,0.0790083585618929,7.55252222744515e-14,-1.12221343329103e-13,0.773758553262523,-6.42602933652716e-13,-9.77298959948439,-2.05850974727246e-14,-0.0429869122185295,1.24938539551573e-13,0,0,0,0,1,0.673086199299627,0.673086199299627,80.0000000000054,7.1805416159325e-13,8.97770746632887e-12
7.53,-2.54300639271709e-14,0.0790083585617807,-6.86681408497289e-14,-4.42663272490608e-15,-4.75941991028955e-15,-1.15381761648411e-14,80.0000000000054,0.237788873409625,0.0790083585618929,7.55253610154339e-14,-1.12265752250088e-13,0.773758553262523,-6.42606182109793e-13,-9.77298959948439,-2.05850974727246e-14,-0.0429869122185295,1.24938539551573e-13,0,0,0,0,1,0.673086199299627,0.673086199299627,80.0000000000054,7.09145447584267e-13,8.98126018000767e-12
7.54,-2.54834763222298e-14,0.0790083585617806,-6.87839149371375e-14,-4.42832384869476e-15,-4.71981668681114e-15,-1.15444096077957e-14,80.0000000000054,0.237788873409625,0.0790083585618929,7.55254949009143e-14,-1.12310161171073e-13,0.773758553262523,-6.42609393720099e-13,-9.7729895994844,-2.05850974727246e-14,-0.0429869122185295,1.24938539551573e-13,0,0,0,0,1,0.673086199299627,0.673086199299627,80.0000000000054,7.0023148235574e-13,8.98481289368647e-12
7.55,-2.55369105342868e-14,0.0790083585617806,-6.88997515721644e-14,-4.43000879967939e-15,-4.6803044750785e-15,-1.15506466627365e-14,80.0000000000054,0.237788873409625,0.0790083585618929,7.55256239497448e-14,-1.12343467861812e-13,0.773758553262523,-6.42612568628014e-13,-9.7729895994844,-2.05850974727246e-14,-0.0429869122185295,1.24938539551573e-13,0,0,0,0,1,0.673086199299627,0.673086199299627,80.0000000000054,6.91312264140363e-13,8.98747742894557e-12
7.56,-2.5590366504593e-14,0.0790083585617806,-6.90156507909876e-14,-4.43168760259323e-15,-4.64123444429983e-15,-1.15568873187745e-14,80.0000000000055,0.237788873409625,0.0790083585618929,7.5525748180703e-14,-1.12387876782797e-13,0.773758553262522,-6.42615706977342e-13,-9.7729895994844,-2.05850974727246e-14,-0.0429869122185295,1.24938539551573e-13,0,0,0,0,1,0.673086199299627,0.673086199299627,80.0000000000055,6.82387791175139e-13,8.99103014262437e-12
7.57,-2.56438441746377e-14,0.0790083585617805,-6.91316126296765e-14,-4.43336028207142e-15,-4.60254628228843e-15,-1.15631315650628e-14,80.0000000000055,0.237788873409625,0.0790083585618929,7.55258676124925e-14,-1.12432285703782e-13,0.773758553262522,-6.42618808911319e-13,-9.77298959948441,-2.05850974727246e-14,-0.0429869122185295,1.24938539551573e-13,0,0,0,0,1,0.673086199299627,0.673086199299627,80.0000000000055,6.73458061701368e-13,8.99458285630317e-12
7.58,-2.56973434861477e-14,0.0790083585617805,-6.92476371241916e-14,-4.43502686265138e-15,-4.56389498699071e-15,-1.15693793907963e-14,80.0000000000055,0.237788873409625,0.0790083585618929,7.55259822637428e-14,-1.12476694624767e-13,0.773758553262522,-6.42621874572608e-13,-9.77298959948441,-2.05850974727246e-14,-0.0429869122185295,1.24938539551573e-13,0,0,0,0,1,0.673086199299627,0.673086199299627,80.0000000000055,6.64523073964625e-13,8.99813556998197e-12
7.59,-2.57508643810859e-14,0.0790083585617804,-6.93637243103855e-14,-4.43668736877314e-15,-4.52598777828506e-15,-1.15756307852121e-14,80.0000000000055,0.237788873409625,0.0790083585618929,7.552609215301e-14,-1.12498899085259e-13,0.773758553262522,-6.42624904103304e-13,-9.77298959948441,-2.05850974727246e-14,-0.0429869122185295,1.24938539551573e-13,0,0,0,0,1,0.673086199299627,0.673086199299627,80.0000000000055,6.55582826214745e-13,8.99991192682137e-12
7.6,-2.58044068016507e-14,0.0790083585617804,-6.94798742240027e-14,-4.43834182477973e-15,-4.48764767063094e-15,-1.1581885737589e-14,80.0000000000055,0.237788873409625,0.0790083585618929,7.55261972987768e-14,-1.12532205775998e-13,0.773758553262521,-6.42627897644941e-13,-9.77298959948442,-2.05850974727246e-14,-0.0429869122185295,1.24938539551573e-13,0,0,0,0,1,0.673086199299627,0.673086199299627,80.0000000000055,6.46637316705806e-13,9.00257646208047e-12
7.61,-2.5857970690275e-14,0.0790083585617803,-6.95960869006808e-14,-4.4399902549176e-15,-4.44926275415781e-15,-1.15881442372474e-14,80.0000000000055,0.237788873409625,0.0790083585618929,7.55262977194528e-14,-1.12554410236491e-13,0.773758553262521,-6.42630855338484e-13,-9.77298959948442,-2.05850974727246e-14,-0.0429869122185295,1.24938539551573e-13,0,0,0,0,1,0.673086199299627,0.673086199299627,80.0000000000055,6.37686543696114e-13,9.00435281891987e-12
7.62,-2.59115559896253e-14,0.0790083585617803,-6.971236237595e-14,-4.44163268333692e-15,-4.41020322436021e-15,-1.15944062735492e-14,80.0000000000055,0.237788873409625,0.0790083585618929,7.55263934333751e-14,-1.12587716927229e-13,0.773758553262521,-6.42633777324342e-13,-9.77298959948442,-2.05850974727246e-14,-0.0429869122185295,1.24938539551573e-13,0,0,0,0,1,0.673086199299627,0.673086199299627,80.0000000000055,6.28730505448176e-13,9.00701735417897e-12
7.63,-2.59651626426005e-14,0.0790083585617803,-6.98287006852343e-14,-4.443269134092e-15,-4.3691388689401e-15,-1.16006718358976e-14,80.0000000000056,0.237788873409625,0.0790083585618929,7.5526484458808e-14,-1.12609921387722e-13,0.77375855326252,-6.42636663742363e-13,-9.77298959948443,-2.05850974727246e-14,-0.0429869122185295,1.24938539551573e-13,0,0,0,0,1,0.673086199299627,0.673086199299627,80.0000000000056,6.19769200228694e-13,9.00879371101837e-12
7.64,-2.60187905923314e-14,0.0790083585617802,-6.99451018638515e-14,-4.44489963114164e-15,-4.32799766524173e-15,-1.16069409137371e-14,80.0000000000056,0.237788873409626,0.0790083585618929,7.55265708139438e-14,-1.12654330308707e-13,0.77375855326252,-6.42639514731839e-13,-9.77298959948443,-2.05850974727246e-14,-0.0429869122185295,1.24938539551573e-13,0,0,0,0,1,0.673086199299627,0.673086199299627,80.0000000000056,6.10802626308544e-13,9.01234642469717e-12
7.65,-2.60724397821795e-14,0.0790083585617802,-7.00615659470138e-14,-4.44652419834952e-15,-4.2872223376848e-15,-1.16132134965534e-14,80.0000000000056,0.237788873409626,0.0790083585618929,7.55266525169028e-14,-1.12698739229692e-13,0.77375855326252,-6.42642330431507e-13,-9.77298959948443,-2.05850974727246e-14,-0.0429869122185295,1.24938539551573e-13,0,0,0,0,1,0.673086199299627,0.673086199299627,80.0000000000056,6.01830781962757e-13,9.01589913837597e-12
7.66,-2.61261101557361e-14,0.0790083585617801,-7.01780929698281e-14,-4.44814285948453e-15,-4.24659088121316e-15,-1.16194895738728e-14,80.0000000000056,0.237788873409626,0.0790083585618929,7.55267295857336e-14,-1.12732045920431e-13,0.77375855326252,-6.42645110979552e-13,-9.77298959948444,-2.05850974727246e-14,-0.0429869122185295,1.24938539551573e-13,0,0,0,0,1,0.673086199299627,0.673086199299627,80.0000000000056,5.92853665470503e-13,9.01856367363507e-12
7.67,-2.61798016568216e-14,0.0790083585617801,-7.02946829672964e-14,-4.44975563822119e-15,-4.20639360938257e-15,-1.16257691352628e-14,80.0000000000056,0.237788873409626,0.0790083585618929,7.55268020384136e-14,-1.12765352611169e-13,0.77375855326252,-6.4264785651361e-13,-9.77298959948444,-2.05850974727246e-14,-0.0429869122185295,1.24938539551573e-13,0,0,0,0,1,0.673086199299627,0.673086199299627,80.0000000000056,5.83871275115074e-13,9.02122820889417e-12
7.68,-2.62335142294843e-14,0.0790083585617801,-7.04113359743163e-14,-4.45136255813996e-15,-4.16519026433918e-15,-1.16320521703314e-14,80.0000000000056,0.237788873409626,0.0790083585618929,7.55268698928487e-14,-1.12798659301908e-13,0.773758553262519,-6.42650567170767e-13,-9.77298959948444,-2.05850974727246e-14,-0.0429869122185295,1.24938539551573e-13,0,0,0,0,1,0.673086199299627,0.673086199299627,80.0000000000056,5.74883609183871e-13,9.02389274415327e-12
7.69,-2.62872478179997e-14,0.07900835856178,-7.05280520256813e-14,-4.45296364272762e-15,-4.1247408313591e-15,-1.1638338668727e-14,80.0000000000056,0.237788873409626,0.0790083585618929,7.55269331668742e-14,-1.12843068222893e-13,0.773758553262519,-6.42653243087565e-13,-9.77298959948445,-2.05850974727246e-14,-0.0429869122185295,1.24938539551573e-13,0,0,0,0,1,0.673086199299627,0.673086199299627,80.0000000000056,5.6589066596838e-13,9.02744545783207e-12
7.7,-2.63410023668693e-14,0.07900835856178,-7.06448311560812e-14,-4.45455891537767e-15,-4.08434554341112e-15,-1.16446286201387e-14,80.0000000000057,0.237788873409626,0.0790083585618928,7.55269918782548e-14,-1.12865272683385e-13,0.773758553262519,-6.42655884400002e-13,-9.77298959948445,-2.05850974727246e-14,-0.0429869122185295,1.24938539551573e-13,0,0,0,0,1,0.673086199299627,0.673086199299627,80.0000000000057,5.56892443764162e-13,9.02922181467147e-12
7.71,-2.63947778208203e-14,0.0790083585617799,-7.07616734001029e-14,-4.45614839939065e-15,-4.04270130310635e-15,-1.16509220142956e-14,80.0000000000057,0.237788873409626,0.0790083585618928,7.55270460446849e-14,-1.12920783834617e-13,0.773758553262519,-6.42658491243534e-13,-9.77298959948445,-2.05850974727246e-14,-0.0429869122185295,1.24938539551573e-13,0,0,0,0,1,0.673086199299627,0.673086199299627,80.0000000000057,5.4788894087083e-13,9.03366270676997e-12
7.72,-2.6448574124804e-14,0.0790083585617799,-7.087857879223e-14,-4.4577321179745e-15,-4.00143893156886e-15,-1.1657218840967e-14,80.0000000000057,0.237788873409626,0.0790083585618928,7.55270956837887e-14,-1.12954090525355e-13,0.773758553262518,-6.42661063753076e-13,-9.77298959948445,-2.05850974727246e-14,-0.0429869122185295,1.24938539551573e-13,0,0,0,0,1,0.673086199299627,0.673086199299627,80.0000000000057,5.38880155592042e-13,9.03632724202907e-12
7.73,-2.65023912239954e-14,0.0790083585617798,-7.09955473668441e-14,-4.45931009424495e-15,-3.96075538578331e-15,-1.16635190899623e-14,80.0000000000057,0.237788873409626,0.0790083585618928,7.55271408131208e-14,-1.1299849944634e-13,0.773758553262518,-6.4266360206301e-13,-9.77298959948446,-2.05850974727246e-14,-0.0429869122185295,1.24938539551573e-13,0,0,0,0,1,0.673086199299627,0.673086199299627,80.0000000000057,5.2986608623547e-13,9.03987995570787e-12
7.74,-2.65562290637921e-14,0.0790083585617798,-7.11125791582245e-14,-4.46088235122584e-15,-3.92093815356167e-15,-1.16698227511306e-14,80.0000000000057,0.237788873409626,0.0790083585618928,7.55271814501661e-14,-1.13031806137079e-13,0.773758553262518,-6.42666106307178e-13,-9.77298959948446,-2.05850974727246e-14,-0.0429869122185295,1.24938539551573e-13,0,0,0,0,1,0.673086199299627,0.673086199299627,80.0000000000057,5.20846731112802e-13,9.04254449096697e-12
7.75,-2.66100875898135e-14,0.0790083585617798,-7.12296742005489e-14,-4.46244891184952e-15,-3.88133493008326e-15,-1.16761298143608e-14,80.0000000000057,0.237788873409626,0.0790083585618928,7.55272176123403e-14,-1.1308731728831e-13,0.773758553262518,-6.42668576618891e-13,-9.77298959948446,-2.05850974727246e-14,-0.0429869122185295,1.24938539551573e-13,0,0,0,0,1,0.673086199299627,0.673086199299627,80.0000000000057,5.11822088539707e-13,9.04698538306548e-12
7.76,-2.66639667478998e-14,0.0790083585617797,-7.13468325278939e-14,-4.46400979895715e-15,-3.8416138801765e-15,-1.16824402695814e-14,80.0000000000057,0.237788873409626,0.0790083585618928,7.55272493169903e-14,-1.13109521748803e-13,0.773758553262517,-6.4267101313093e-13,-9.77298959948447,-2.05850974727246e-14,-0.0429869122185295,1.24938539551573e-13,0,0,0,0,1,0.673086199299627,0.673086199299627,80.0000000000057,5.02792156835832e-13,9.04876173990488e-12
7.77,-2.67178664841112e-14,0.0790083585617797,-7.14640541742353e-14,-4.46556503529912e-15,-3.80074754087379e-15,-1.16887541067603e-14,80.0000000000058,0.237788873409626,0.0790083585618928,7.55272765813939e-14,-1.13153930669788e-13,0.773758553262517,-6.42673415975546e-13,-9.77298959948447,-2.05850974727246e-14,-0.0429869122185295,1.24938539551573e-13,0,0,0,0,1,0.673086199299627,0.673086199299627,80.0000000000058,4.93756934324781e-13,9.05231445358368e-12
7.78,-2.67717867447271e-14,0.0790083585617796,-7.15813391734482e-14,-4.46711464353533e-15,-3.75982705653898e-15,-1.16950713159047e-14,80.0000000000058,0.237788873409626,0.0790083585618928,7.55272994227607e-14,-1.1317613513028e-13,0.773758553262517,-6.42675785284461e-13,-9.77298959948448,-2.05850974727246e-14,-0.0429869122185295,1.24938539551573e-13,0,0,0,0,1,0.673086199299627,0.673086199299627,80.0000000000058,4.84716419334098e-13,9.05409081042308e-12
7.79,-2.68257274762451e-14,0.0790083585617796,-7.16986875593078e-14,-4.4686586462356e-15,-3.71865292382109e-15,-1.17013918870611e-14,80.0000000000058,0.237788873409626,0.0790083585618928,7.5527317858232e-14,-1.13209441821019e-13,0.773758553262517,-6.42678121188875e-13,-9.77298959948448,-2.05850974727246e-14,-0.0429869122185295,1.24938539551573e-13,0,0,0,0,1,0.673086199299627,0.673086199299627,80.0000000000058,4.75670610195249e-13,9.05675534568218e-12
7.8,-2.68796886253803e-14,0.0790083585617796,-7.18160993654899e-14,-4.47019706588001e-15,-3.67709597856807e-15,-1.17077158103147e-14,80.0000000000058,0.237788873409626,0.0790083585618928,7.55273319048813e-14,-1.13231646281512e-13,0.773758553262517,-6.42680423819465e-13,-9.77298959948449,-2.05850974727246e-14,-0.0429869122185295,1.24938539551573e-13,0,0,0,0,1,0.673086199299627,0.673086199299627,80.0000000000058,4.66619505243617e-13,9.05853170252158e-12
7.81,-2.69336701390641e-14,0.0790083585617795,-7.19335746255705e-14,-4.47172992485921e-15,-3.63507840927469e-15,-1.17140430757901e-14,80.0000000000058,0.237788873409626,0.0790083585618928,7.55273415797141e-14,-1.1326495297225e-13,0.773758553262517,-6.42682693306385e-13,-9.77298959948449,-2.05850974727246e-14,-0.0429869122185295,1.24938539551573e-13,0,0,0,0,1,0.673086199299627,0.673086199299627,80.0000000000058,4.57563102818466e-13,9.06119623778068e-12
7.82,-2.69876719644437e-14,0.0790083585617795,-7.20511133730273e-14,-4.47325724547482e-15,-3.59262794103284e-15,-1.17203736736502e-14,80.0000000000058,0.237788873409626,0.0790083585618928,7.55273468996687e-14,-1.13287157432743e-13,0.773758553262516,-6.42684929779272e-13,-9.77298959948449,-2.05850974727246e-14,-0.0429869122185295,1.24938539551573e-13,0,0,0,0,1,0.673086199299627,0.673086199299627,80.0000000000058,4.48501401262947e-13,9.06297259462008e-12
7.83,-2.70416940488811e-14,0.0790083585617794,-7.21687156412391e-14,-4.47477904993974e-15,-3.55013654745855e-15,-1.17267075940969e-14,80.0000000000058,0.237788873409626,0.0790083585618927,7.55273478816162e-14,-1.13320464123481e-13,0.773758553262516,-6.42687133367246e-13,-9.77298959948449,-2.05850974727246e-14,-0.0429869122185295,1.24938539551573e-13,0,0,0,0,1,0.673086199299627,0.673086199299627,80.0000000000059,4.39434398924067e-13,9.06563712987918e-12
7.84,-2.70957363399522e-14,0.0790083585617794,-7.22863814634868e-14,-4.47629536037852e-15,-3.50706004561286e-15,-1.17330448273703e-14,80.0000000000059,0.237788873409626,0.0790083585618927,7.55273445423607e-14,-1.1335377081422e-13,0.773758553262515,-6.42689304198913e-13,-9.77298959948449,-2.05850974727246e-14,-0.0429869122185295,1.24938539551573e-13,0,0,0,0,1,0.673086199299627,0.673086199299627,80.0000000000059,4.3036209415268e-13,9.06830166513828e-12
7.85,-2.7149798785446e-14,0.0790083585617793,-7.24041108729535e-14,-4.47780619882766e-15,-3.46444842796729e-15,-1.17393853637491e-14,80.0000000000059,0.237788873409626,0.0790083585618927,7.55273368986398e-14,-1.13409281965451e-13,0.773758553262515,-6.42691442402365e-13,-9.7729895994845,-2.05850974727246e-14,-0.0429869122185295,1.24938539551573e-13,0,0,0,0,1,0.673086199299627,0.673086199299627,80.0000000000059,4.2128448530347e-13,9.07274255723678e-12
7.86,-2.72038813333638e-14,0.0790083585617793,-7.2521903902725e-14,-4.47931158723604e-15,-3.42176795835639e-15,-1.17457291935501e-14,80.0000000000059,0.237788873409626,0.0790083585618927,7.55273249671245e-14,-1.13431486425944e-13,0.773758553262515,-6.42693548105184e-13,-9.7729895994845,-2.05850974727246e-14,-0.0429869122185295,1.24938539551573e-13,0,0,0,0,1,0.673086199299627,0.673086199299627,80.0000000000059,4.12201570734933e-13,9.07451891407618e-12
7.87,-2.72579839319182e-14,0.0790083585617793,-7.26397605857903e-14,-4.48081154746515e-15,-3.37964544040959e-15,-1.17520763071282e-14,80.0000000000059,0.237788873409627,0.0790083585618927,7.55273087644198e-14,-1.13453690886436e-13,0.773758553262515,-6.42695621434443e-13,-9.77298959948451,-2.05850974727246e-14,-0.0429869122185295,1.24938539551573e-13,0,0,0,0,1,0.673086199299627,0.673086199299627,80.0000000000059,4.03113348809364e-13,9.07629527091558e-12
7.88,-2.73121065295325e-14,0.0790083585617793,-7.27576809550417e-14,-4.48230610128953e-15,-3.33757501177669e-15,-1.17584266948764e-14,80.0000000000059,0.237788873409627,0.0790083585618927,7.55272883070647e-14,-1.13475895346929e-13,0.773758553262514,-6.42697662516709e-13,-9.77298959948451,-2.05850974727246e-14,-0.0429869122185295,1.24938539551573e-13,0,0,0,0,1,0.673086199299627,0.673086199299627,80.0000000000059,3.9401981789284e-13,9.07807162775498e-12
7.89,-2.73662490748396e-14,0.0790083585617792,-7.28756650432752e-14,-4.48379527039705e-15,-3.29575751431889e-15,-1.17647803472253e-14,80.0000000000059,0.237788873409627,0.0790083585618927,7.55272636115326e-14,-1.13509202037668e-13,0.773758553262514,-6.42699671478044e-13,-9.77298959948451,-2.05850974727246e-14,-0.0429869122185295,1.24938539551573e-13,0,0,0,0,1,0.673086199299627,0.673086199299627,80.0000000000059,3.84920976355207e-13,9.08073616301408e-12
7.9,-2.74204115166813e-14,0.0790083585617792,-7.29937128831912e-14,-4.48527907638925e-15,-3.25415813704072e-15,-1.17711372546434e-14,80.0000000000059,0.237788873409627,0.0790083585618927,7.55272346942315e-14,-1.13542508728406e-13,0.773758553262514,-6.42701648444007e-13,-9.77298959948452,-2.05850974727246e-14,-0.0429869122185295,1.24938539551573e-13,0,0,0,0,1,0.673086199299627,0.673086199299627,80.000000000006,3.7581682257006e-13,9.08340069827318e-12
7.91,-2.74745938041076e-14,0.0790083585617792,-7.31118245073946e-14,-4.48675754078173e-15,-3.21328996857969e-15,-1.17774974076366e-14,80.000000000006,0.237788873409627,0.0790083585618927,7.55272015715043e-14,-1.13553610958653e-13,0.773758553262514,-6.42703593539656e-13,-9.77298959948452,-2.05850974727246e-14,-0.0429869122185295,1.24938539551573e-13,0,0,0,0,1,0.673086199299627,0.673086199299627,80.000000000006,3.66707354914733e-13,9.08428887669288e-12
7.92,-2.75287958863754e-14,0.0790083585617792,-7.32299999483953e-14,-4.48823068500441e-15,-3.1727876762601e-15,-1.17838607967483e-14,80.000000000006,0.237788873409627,0.0790083585618927,7.5527164259629e-14,-1.13564713188899e-13,0.773758553262514,-6.42705506889552e-13,-9.77298959948452,-2.05850974727246e-14,-0.0429869122185295,1.24938539551573e-13,0,0,0,0,1,0.673086199299627,0.673086199299627,80.000000000006,3.57592571770283e-13,9.08517705511258e-12
7.93,-2.75830177129483e-14,0.0790083585617791,-7.33482392386084e-14,-4.48969853040193e-15,-3.13176018755367e-15,-1.17902274125593e-14,80.000000000006,0.237788873409627,0.0790083585618927,7.55271227748188e-14,-1.13586917649391e-13,0.773758553262513,-6.42707388617757e-13,-9.77298959948453,-2.05850974727246e-14,-0.0429869122185295,1.24938539551573e-13,0,0,0,0,1,0.673086199299627,0.673086199299627,80.000000000006,3.48472471521467e-13,9.08695341195198e-12
7.94,-2.76372592334954e-14,0.0790083585617791,-7.34665424103548e-14,-4.49116109823393e-15,-3.09143991872564e-15,-1.17965972456874e-14,80.000000000006,0.237788873409627,0.0790083585618927,7.55270771332228e-14,-1.13598019879638e-13,0.773758553262514,-6.4270923884784e-13,-9.77298959948453,-2.05850974727246e-14,-0.0429869122185295,1.24938539551573e-13,0,0,0,0,1,0.673086199299627,0.673086199299627,80.000000000006,3.39347052556736e-13,9.08784159037168e-12
7.95,-2.76915203978905e-14,0.0790083585617791,-7.35849094958614e-14,-4.49261840967544e-15,-3.05153167475822e-15,-1.18029702867876e-14,80.000000000006,0.237788873409627,0.0790083585618927,7.55270273509258e-14,-1.1362022434013e-13,0.773758553262513,-6.42711057702876e-13,-9.77298959948453,-2.05850974727246e-14,-0.0429869122185295,1.24938539551573e-13,0,0,0,0,1,0.673086199299627,0.673086199299627,80.000000000006,3.30216313268217e-13,9.08961794721108e-12
7.96,-2.77458011562114e-14,0.079008358561779,-7.37033405272618e-14,-4.49407048581714e-15,-3.01012493731752e-15,-1.18093465265515e-14,80.000000000006,0.237788873409627,0.0790083585618927,7.55269734439485e-14,-1.13653531030869e-13,0.773758553262512,-6.42712845305447e-13,-9.77298959948454,-2.05850974727246e-14,-0.0429869122185295,1.24938539551573e-13,0,0,0,0,1,0.673086199299627,0.673086199299627,80.000000000006,3.21080252051697e-13,9.09228248247018e-12
7.97,-2.7800101458739e-14,0.079008358561779,-7.38218355365959e-14,-4.49551734766576e-15,-2.96764248382401e-15,-1.18157259557079e-14,80.000000000006,0.237788873409627,0.0790083585618927,7.55269154282483e-14,-1.13664633261115e-13,0.773758553262512,-6.42714601777651e-13,-9.77298959948454,-2.05850974727246e-14,-0.0429869122185295,1.24938539551573e-13,0,0,0,0,1,0.673086199299627,0.673086199299627,80.0000000000061,3.1193886730661e-13,9.09317066088988e-12
7.98,-2.78544212559566e-14,0.079008358561779,-7.39403945558114e-14,-4.49695901614437e-15,-2.92514920827376e-15,-1.18221085650218e-14,80.0000000000061,0.237788873409627,0.0790083585618927,7.55268533197191e-14,-1.13686837721607e-13,0.773758553262512,-6.42716327241095e-13,-9.77298959948454,-2.05850974727246e-14,-0.0429869122185295,1.24938539551573e-13,0,0,0,0,1,0.673086199299627,0.673086199299627,80.0000000000061,3.02792157436017e-13,9.09494701772928e-12
7.99,-2.79087604985489e-14,0.079008358561779,-7.40590176167629e-14,-4.4983955120927e-15,-2.88324481050659e-15,-1.1828494345295e-14,80.0000000000061,0.237788873409627,0.0790083585618927,7.55267871341914e-14,-1.137090421821e-13,0.773758553262512,-6.42718021816902e-13,-9.77298959948455,-2.05850974727246e-14,-0.0429869122185295,1.24938539551573e-13,0,0,0,0,1,0.673086199299627,0.673086199299627,80.0000000000061,2.93640120846597e-13,9.09672337456868e-12
8,-2.79631191374014e-14,0.0790083585617789,-7.41777047512135e-14,-4.4998268562675e-15,-2.84201930568277e-15,-1.18348832873656e-14,80.0000000000061,0.237788873409627,0.0790083585618927,7.55267168874331e-14,-1.13731246642592e-13,0.773758553262512,-6.42719685625712e-13,-9.77298959948455,-2.05850974727246e-14,-0.0429869122185295,1.24938539551573e-13,0,0,0,0,1,0.673086199299627,0.673086199299627,80.0000000000061,2.84482755948631e-13,9.09849973140808e-12
8.01,-2.80174971235995e-14,0.0790083585617789,-7.42964559908341e-14,-4.50125306934284e-15,-2.80023790491304e-15,-1.1841275382108e-14,80.0000000000061,0.237788873409627,0.0790083585618927,7.55266425951492e-14,-1.13753451103085e-13,0.773758553262511,-6.42721318787682e-13,-9.77298959948455,-2.05850974727246e-14,-0.0429869122185295,1.24938539551573e-13,0,0,0,0,1,0.673086199299627,0.673086199299627,80.0000000000061,2.75320061155986e-13,9.10027608824748e-12
8.02,-2.80718944084276e-14,0.0790083585617789,-7.44152713672047e-14,-4.50267417191042e-15,-2.75890539571761e-15,-1.18476706204325e-14,80.0000000000061,0.237788873409627,0.0790083585618927,7.55265642729824e-14,-1.13775655563577e-13,0.773758553262511,-6.42722921422491e-13,-9.77298959948455,-2.05850974727246e-14,-0.0429869122185295,1.24938539551573e-13,0,0,0,0,1,0.673086199299627,0.673086199299627,80.0000000000061,2.661520348861e-13,9.10205244508688e-12
8.03,-2.81263109433686e-14,0.0790083585617788,-7.45341509118138e-14,-4.50409018447995e-15,-2.71642294222409e-15,-1.18540689932855e-14,80.0000000000061,0.237788873409627,0.0790083585618927,7.55264819365131e-14,-1.1379786002407e-13,0.773758553262511,-6.42724493649341e-13,-9.77298959948456,-2.05850974727246e-14,-0.0429869122185295,1.24938539551573e-13,0,0,0,0,1,0.673086199299627,0.673086199299627,80.0000000000061,2.56978675559964e-13,9.10382880192628e-12
8.04,-2.81807466801029e-14,0.0790083585617788,-7.46530946560597e-14,-4.50550112747939e-15,-2.67419036621205e-15,-1.18604704916495e-14,80.0000000000061,0.237788873409627,0.0790083585618927,7.55263956012599e-14,-1.13831166714809e-13,0.773758553262511,-6.42726035586956e-13,-9.77298959948456,-2.05850974727246e-14,-0.0429869122185295,1.24938539551573e-13,0,0,0,0,1,0.673086199299627,0.673086199299627,80.0000000000062,2.47799981602117e-13,9.10649333718538e-12
8.05,-2.82352015705076e-14,0.0790083585617788,-7.47721026312501e-14,-4.50690702125536e-15,-2.6324999771881e-15,-1.18668751065423e-14,80.0000000000062,0.237788873409627,0.0790083585618927,7.55263052826796e-14,-1.13853371175301e-13,0.77375855326251,-6.42727547353589e-13,-9.77298959948457,-2.05850974727246e-14,-0.0429869122185295,1.24938539551573e-13,0,0,0,0,1,0.673086199299627,0.673086199299627,80.0000000000062,2.38615951440625e-13,9.10826969402478e-12
8.06,-2.82896755666557e-14,0.0790083585617788,-7.48911748686031e-14,-4.50830788607337e-15,-2.59100760428154e-15,-1.18732828290176e-14,80.0000000000062,0.237788873409627,0.0790083585618927,7.55262109961674e-14,-1.1388667786604e-13,0.77375855326251,-6.42729029067018e-13,-9.77298959948457,-2.05850974727246e-14,-0.0429869122185295,1.24938539551573e-13,0,0,0,0,1,0.673086199299627,0.673086199299627,80.0000000000062,2.29426583507063e-13,9.11093422928388e-12
8.07,-2.83441686208155e-14,0.0790083585617787,-7.50103113992468e-14,-4.50970374211821e-15,-2.55016213906668e-15,-1.18796936501644e-14,80.0000000000062,0.237788873409627,0.0790083585618927,7.55261127570575e-14,-1.13908882326532e-13,0.77375855326251,-6.42730480844553e-13,-9.77298959948457,-2.05850974727246e-14,-0.0429869122185295,1.24938539551573e-13,0,0,0,0,1,0.673086199299627,0.673086199299627,80.0000000000062,2.20231876236509e-13,9.11271058612328e-12
8.08,-2.83986806854496e-14,0.0790083585617787,-7.51295122542205e-14,-4.51109460949424e-15,-2.50955284237547e-15,-1.18861075611071e-14,80.0000000000062,0.237788873409627,0.0790083585618927,7.5526010580623e-14,-1.13942189017271e-13,0.77375855326251,-6.42731902803034e-13,-9.77298959948457,-2.05850974727246e-14,-0.0429869122185295,1.24938539551573e-13,0,0,0,0,1,0.673086199299627,0.673086199299627,80.0000000000062,2.11031828067524e-13,9.11537512138239e-12
8.09,-2.84532117132144e-14,0.0790083585617787,-7.52487774644745e-14,-4.51248050822567e-15,-2.46903767228094e-15,-1.18925245530054e-14,80.0000000000062,0.237788873409627,0.0790083585618927,7.55259044820762e-14,-1.13964393477763e-13,0.77375855326251,-6.42733295058838e-13,-9.77298959948458,-2.05850974727246e-14,-0.0429869122185295,1.24938539551573e-13,0,0,0,0,1,0.673086199299627,0.673086199299627,80.0000000000062,2.01826437442141e-13,9.11715147822179e-12
8.1,-2.8507761656959e-14,0.0790083585617787,-7.53681070608705e-14,-4.51386145825695e-15,-2.42836934909562e-15,-1.18989446170539e-14,80.0000000000062,0.237788873409627,0.0790083585618927,7.55257944765689e-14,-1.13997700168502e-13,0.773758553262509,-6.42734657727872e-13,-9.77298959948458,-2.05850974727246e-14,-0.0429869122185295,1.24938539551573e-13,0,0,0,0,1,0.673086199299627,0.673086199299627,80.0000000000062,1.92615702805847e-13,9.11981601348089e-12
8.11,-2.85623304697245e-14,0.0790083585617786,-7.54875010741821e-14,-4.51523747945301e-15,-2.38773789262398e-15,-1.19053677444823e-14,80.0000000000062,0.237788873409628,0.0790083585618927,7.55256805791926e-14,-1.14019904628995e-13,0.773758553262509,-6.42735990925586e-13,-9.77298959948459,-2.05850974727246e-14,-0.0429869122185295,1.24938539551573e-13,0,0,0,0,1,0.673086199299627,0.673086199299627,80.0000000000062,1.8339962260757e-13,9.12159237032029e-12
8.12,-2.86169181047437e-14,0.0790083585617786,-7.56069595350952e-14,-4.51660859159963e-15,-2.34763163253917e-15,-1.19117939265551e-14,80.0000000000063,0.237788873409628,0.0790083585618927,7.55255628049787e-14,-1.14042109089487e-13,0.773758553262509,-6.42737294766964e-13,-9.77298959948459,-2.05850974727246e-14,-0.0429869122185295,1.24938539551573e-13,0,0,0,0,1,0.673086199299627,0.673086199299627,80.0000000000063,1.7417819529967e-13,9.12336872715969e-12
8.13,-2.86715245154395e-14,0.0790083585617786,-7.5726482474208e-14,-4.51797481440371e-15,-2.30745035333441e-15,-1.19182231545713e-14,80.0000000000063,0.237788873409628,0.0790083585618927,7.5525441168899e-14,-1.14075415780226e-13,0.773758553262509,-6.42738569366535e-13,-9.77298959948459,-2.05850974727246e-14,-0.0429869122185295,1.24938539551573e-13,0,0,0,0,1,0.673086199299627,0.673086199299627,80.0000000000063,1.64951419337916e-13,9.12603326241879e-12
8.14,-2.87261496554249e-14,0.0790083585617785,-7.5846069922032e-14,-4.51933616749359e-15,-2.26720821847722e-15,-1.19246554198648e-14,80.0000000000063,0.237788873409628,0.0790083585618927,7.55253156858655e-14,-1.14108722470965e-13,0.773758553262509,-6.42739814838367e-13,-9.7729895994846,-2.05850974727246e-14,-0.0429869122185295,1.24938539551573e-13,0,0,0,0,1,0.673086199299627,0.673086199299627,80.0000000000063,1.55719293181478e-13,9.12869779767789e-12
8.15,-2.87807934785019e-14,0.0790083585617785,-7.59657219089915e-14,-4.52069267041937e-15,-2.227368337217e-15,-1.19310907138037e-14,80.0000000000063,0.237788873409628,0.0790083585618926,7.55251863707308e-14,-1.14119824701211e-13,0.773758553262508,-6.42741031296076e-13,-9.7729895994846,-2.05850974727246e-14,-0.0429869122185295,1.24938539551573e-13,0,0,0,0,1,0.673086199299627,0.673086199299627,80.0000000000063,1.46481815292914e-13,9.12958597609759e-12
8.16,-2.88354559386608e-14,0.0790083585617785,-7.60854384654247e-14,-4.52204434265321e-15,-2.18594481627579e-15,-1.19375290277906e-14,80.0000000000063,0.237788873409628,0.0790083585618926,7.55250532382885e-14,-1.14142029161703e-13,0.773758553262508,-6.42742218852822e-13,-9.7729895994846,-2.05850974727246e-14,-0.0429869122185295,1.24938539551573e-13,0,0,0,0,1,0.673086199299627,0.673086199299627,80.0000000000063,1.37238984138152e-13,9.13136233293699e-12
8.17,-2.88901369900792e-14,0.0790083585617785,-7.62052196215835e-14,-4.52339120358966e-15,-2.14504649172141e-15,-1.1943970353262e-14,80.0000000000063,0.237788873409628,0.0790083585618926,7.55249163032733e-14,-1.14175335852442e-13,0.773758553262508,-6.42743377621313e-13,-9.7729895994846,-2.05850974727246e-14,-0.0429869122185295,1.24938539551573e-13,0,0,0,0,1,0.673086199299627,0.673086199299627,80.0000000000063,1.27990798186478e-13,9.13402686819609e-12
8.18,-2.89448365871218e-14,0.0790083585617784,-7.63250654076343e-14,-4.5247332725459e-15,-2.10407314804708e-15,-1.19504146816889e-14,80.0000000000063,0.237788873409628,0.0790083585618926,7.55247755803611e-14,-1.14197540312935e-13,0.773758553262508,-6.42744507713808e-13,-9.7729895994846,-2.05850974727246e-14,-0.0429869122185295,1.24938539551573e-13,0,0,0,0,1,0.673086199299627,0.673086199299627,80.0000000000063,1.18737255910522e-13,9.13580322503549e-12
8.19,-2.89995546843393e-14,0.0790083585617784,-7.64449758536578e-14,-4.52607056876212e-15,-2.06331198395767e-15,-1.19568620045758e-14,80.0000000000064,0.237788873409628,0.0790083585618926,7.55246310841695e-14,-1.14230847003673e-13,0.773758553262508,-6.42745609242118e-13,-9.77298959948461,-2.05850974727246e-14,-0.0429869122185295,1.24938539551573e-13,0,0,0,0,1,0.673086199299627,0.673086199299627,80.0000000000064,1.09478355786245e-13,9.13846776029459e-12
8.2,-2.90542912364676e-14,0.0790083585617784,-7.65649509896501e-14,-4.52740311140178e-15,-2.02313070475291e-15,-1.19633123134613e-14,80.0000000000064,0.237788873409628,0.0790083585618926,7.55244828292578e-14,-1.1424194923392e-13,0.773758553262508,-6.42746682317606e-13,-9.77298959948461,-2.05850974727246e-14,-0.0429869122185295,1.24938539551573e-13,0,0,0,0,1,0.673086199299627,0.673086199299627,80.0000000000064,1.00214096292928e-13,9.13935593871429e-12
8.21,-2.91090461984271e-14,0.0790083585617784,-7.66849908455221e-14,-4.52873091955192e-15,-1.98292853061123e-15,-1.19697655999176e-14,80.0000000000064,0.237788873409628,0.0790083585618926,7.55243308301274e-14,-1.14253051464166e-13,0.773758553262507,-6.4274772705119e-13,-9.77298959948462,-2.05850974727246e-14,-0.0429869122185295,1.24938539551573e-13,0,0,0,0,1,0.673086199299627,0.673086199299627,80.0000000000064,9.09444759131481e-14,9.14024411713399e-12
8.22,-2.91638195253223e-14,0.0790083585617784,-7.68050954511006e-14,-4.53005401222349e-15,-1.94312729101543e-15,-1.19762218555504e-14,80.0000000000064,0.237788873409628,0.0790083585618926,7.55241751012219e-14,-1.14275255924658e-13,0.773758553262507,-6.42748743553347e-13,-9.77298959948462,-2.05850974727246e-14,-0.0429869122185295,1.24938539551573e-13,0,0,0,0,1,0.673086199299627,0.673086199299627,80.0000000000064,8.16694931327763e-14,9.14202047397339e-12
8.23,-2.92186111724404e-14,0.0790083585617783,-7.69252648361284e-14,-4.53137240835157e-15,-1.9034170631654e-15,-1.1982681071999e-14,80.0000000000064,0.237788873409628,0.0790083585618926,7.55240156569272e-14,-1.14286358154904e-13,0.773758553262507,-6.42749731934111e-13,-9.77298959948462,-2.05850974727246e-14,-0.0429869122185295,1.24938539551573e-13,0,0,0,0,1,0.673086199299627,0.673086199299627,80.0000000000064,7.23891464409617e-14,9.14290865239309e-12
8.24,-2.92734210952515e-14,0.0790083585617783,-7.70454990302645e-14,-4.53268612679577e-15,-1.86444475475284e-15,-1.19891432409359e-14,80.0000000000064,0.237788873409628,0.0790083585618926,7.55238525115722e-14,-1.14286358154904e-13,0.773758553262506,-6.42750692303076e-13,-9.77298959948463,-2.05850974727246e-14,-0.0429869122185295,1.24938539551573e-13,0,0,0,0,1,0.673086199299627,0.673086199299627,80.0000000000064,6.31034343301123e-14,9.14290865239309e-12
8.25,-2.93282492494068e-14,0.0790083585617783,-7.71657980630845e-14,-4.53399518634046e-15,-1.82485752390026e-15,-1.19956083540669e-14,80.0000000000064,0.237788873409628,0.0790083585618926,7.55236856794284e-14,-1.14286358154904e-13,0.773758553262506,-6.427516247694e-13,-9.77298959948463,-2.05850974727246e-14,-0.0429869122185295,1.24938539551573e-13,0,0,0,0,1,0.673086199299627,0.673086199299627,80.0000000000064,5.38123552958878e-14,9.14290865239309e-12
8.26,-2.93830955907387e-14,0.0790083585617783,-7.7286161964081e-14,-4.53529960569508e-15,-1.78518416276391e-15,-1.20020764031307e-14,80.0000000000065,0.237788873409628,0.0790083585618926,7.55235151747107e-14,-1.14286358154904e-13,0.773758553262506,-6.42752529441803e-13,-9.77298959948463,-2.05850974727246e-14,-0.0429869122185295,1.24938539551573e-13,0,0,0,0,1,0.673086199299627,0.673086199299627,80.0000000000065,4.45159078371818e-14,9.14290865239309e-12
8.27,-2.94379600752599e-14,0.0790083585617783,-7.7406590762664e-14,-4.53659940349447e-15,-1.74419482646375e-15,-1.2008547379899e-14,80.0000000000065,0.237788873409628,0.0790083585618926,7.55233410115771e-14,-1.14297460385151e-13,0.773758553262506,-6.42753406428572e-13,-9.77298959948464,-2.05850974727246e-14,-0.0429869122185295,1.24938539551573e-13,0,0,0,0,1,0.673086199299627,0.673086199299627,80.0000000000065,3.52140904561112e-14,9.14379683081279e-12
8.28,-2.94928426591622e-14,0.0790083585617783,-7.75270844881609e-14,-4.53789459829909e-15,-1.70329650190937e-15,-1.20150212761765e-14,80.0000000000065,0.237788873409628,0.0790083585618926,7.55231632041295e-14,-1.14297460385151e-13,0.773758553262506,-6.42754255837561e-13,-9.77298959948464,-2.05850974727246e-14,-0.0429869122185295,1.24938539551573e-13,0,0,0,0,1,0.673086199299627,0.673086199299627,80.0000000000065,2.59069016580062e-14,9.14379683081279e-12
8.29,-2.95477432988165e-14,0.0790083585617783,-7.76476431698173e-14,-4.5391852085954e-15,-1.6629060954234e-15,-1.20214980838005e-14,80.0000000000065,0.237788873409628,0.0790083585618926,7.55229817664133e-14,-1.14297460385151e-13,0.773758553262505,-6.42755077776192e-13,-9.77298959948464,-2.05850974727246e-14,-0.0429869122185295,1.24938539551573e-13,0,0,0,0,1,0.673086199299627,0.673086199299627,80.0000000000065,1.65943399513861e-14,9.14379683081279e-12
8.3,-2.96026619507717e-14,0.0790083585617782,-7.77682668367968e-14,-4.54047125279609e-15,-1.62200777086902e-15,-1.20279777946407e-14,80.0000000000065,0.237788873409628,0.0790083585618926,7.5522796712418e-14,-1.14308562615397e-13,0.773758553262505,-6.42755872351459e-13,-9.77298959948465,-2.05850974727246e-14,-0.0429869122185295,1.24938539551573e-13,0,0,0,0,1,0.673086199299627,0.673086199299627,80.0000000000065,7.27640384796084e-15,9.14468500923249e-12
8.31,-2.96575985717538e-14,0.0790083585617782,-7.7888955518182e-14,-4.5417527492404e-15,-1.58149852052015e-15,-1.20344604005995e-14,80.0000000000065,0.237788873409628,0.0790083585618926,7.55226080560774e-14,-1.14330767075889e-13,0.773758553262505,-6.42756639669929e-13,-9.77298959948465,-2.05850974727246e-14,-0.0429869122185295,1.24938539551573e-13,0,0,0,0,1,0.673086199299627,0.673086199299627,80.0000000000065,-2.04690813739738e-15,9.14646136607189e-12
8.32,-2.97125531186656e-14,0.0790083585617782,-7.8009709242974e-14,-4.54302971619439e-15,-1.54139226043533e-15,-1.20409458936116e-14,80.0000000000065,0.237788873409628,0.0790083585618926,7.55224158112697e-14,-1.14341869306136e-13,0.773758553262505,-6.42757379837741e-13,-9.77298959948465,-2.05850974727246e-14,-0.0429869122185295,1.24938539551573e-13,0,0,0,0,1,0.673086199299627,0.673086199299627,80.0000000000065,-1.13755974866543e-14,9.14734954449159e-12
8.33,-2.9767525548586e-14,0.0790083585617782,-7.81305280400935e-14,-4.54430217185124e-15,-1.50138683756754e-15,-1.20474342656439e-14,80.0000000000066,0.237788873409628,0.0790083585618926,7.55222199918178e-14,-1.14352971536382e-13,0.773758553262504,-6.42758092960612e-13,-9.77298959948466,-2.05850974727246e-14,-0.0429869122185295,1.24938539551573e-13,0,0,0,0,1,0.673086199299627,0.673086199299627,80.0000000000066,-2.07096656786294e-14,9.14823772291129e-12
8.34,-2.98225158187687e-14,0.0790083585617782,-7.82514119383805e-14,-4.54557013433157e-15,-1.46120555836278e-15,-1.20539255086952e-14,80.0000000000066,0.237788873409628,0.0790083585618926,7.55220206114894e-14,-1.14352971536382e-13,0.773758553262504,-6.42758779143835e-13,-9.77298959948466,-2.05850974727246e-14,-0.0429869122185295,1.24938539551573e-13,0,0,0,0,1,0.673086199299627,0.673086199299627,80.0000000000066,-3.00491141890189e-14,9.14823772291129e-12
8.35,-2.98775238866423e-14,0.0790083585617782,-7.83723609665952e-14,-4.54683362168365e-15,-1.41991120157361e-15,-1.20604196147967e-14,80.0000000000066,0.237788873409629,0.0790083585618926,7.55218176839976e-14,-1.14364073766628e-13,0.773758553262504,-6.42759438492282e-13,-9.77298959948466,-2.05850974727246e-14,-0.0429869122185295,1.24938539551573e-13,0,0,0,0,1,0.673086199299627,0.673086199299627,80.0000000000066,-3.93939444903934e-14,9.14912590133099e-12
8.36,-2.99325497098091e-14,0.0790083585617782,-7.84933751534177e-14,-4.54809265188375e-15,-1.37935476422192e-15,-1.20669165760111e-14,80.0000000000066,0.237788873409629,0.0790083585618926,7.55216112230003e-14,-1.1438627822712e-13,0.773758553262503,-6.42760071110408e-13,-9.77298959948466,-2.05850974727246e-14,-0.0429869122185295,1.24938539551573e-13,0,0,0,0,1,0.673086199299627,0.673086199299627,80.0000000000066,-4.87441580522222e-14,9.15090225817039e-12
8.37,-2.99875932460444e-14,0.0790083585617782,-7.86144545274489e-14,-4.5493472428364e-15,-1.33895947627394e-15,-1.20734163844329e-14,80.0000000000066,0.237788873409629,0.0790083585618926,7.55214012421015e-14,-1.14397380457367e-13,0.773758553262503,-6.42760677102248e-13,-9.77298959948467,-2.05850974727246e-14,-0.0429869122185295,1.24938539551573e-13,0,0,0,0,1,0.673086199299627,0.673086199299627,80.0000000000066,-5.80997563408808e-14,9.15179043659009e-12
8.38,-3.00426544532962e-14,0.0790083585617781,-7.87355991172105e-14,-4.55059741237469e-15,-1.29892412387267e-15,-1.20799190321884e-14,80.0000000000066,0.237788873409629,0.0790083585618926,7.55211877548505e-14,-1.14408482687613e-13,0.773758553262503,-6.42761256571423e-13,-9.77298959948467,-2.05850974727246e-14,-0.0429869122185295,1.24938539551573e-13,0,0,0,0,1,0.673086199299627,0.673086199299627,80.0000000000066,-6.74607408196655e-14,9.15267861500979e-12
8.39,-3.00977332896839e-14,0.0790083585617781,-7.88568089511452e-14,-4.55184317826054e-15,-1.2591388769027e-15,-1.20864245114352e-14,80.0000000000066,0.237788873409629,0.0790083585618926,7.55209707747427e-14,-1.14419584917859e-13,0.773758553262503,-6.42761809621138e-13,-9.77298959948468,-2.05850974727246e-14,-0.0429869122185295,1.24938539551573e-13,0,0,0,0,1,0.673086199299627,0.673086199299627,80.0000000000066,-7.68271129488044e-14,9.15356679342949e-12
8.4,-3.01528297134984e-14,0.0790083585617781,-7.89780840576173e-14,-4.55308455818495e-15,-1.21941265642684e-15,-1.20929328143624e-14,80.0000000000067,0.237788873409629,0.0790083585618925,7.55207503152199e-14,-1.14419584917859e-13,0.773758553262503,-6.42762336354187e-13,-9.77298959948468,-2.05850974727246e-14,-0.0429869122185295,1.24938539551573e-13,0,0,0,0,1,0.673086199299627,0.673086199299627,80.0000000000067,-8.619887418547e-14,9.15356679342949e-12
8.41,-3.02079436832006e-14,0.0790083585617781,-7.90994244649131e-14,-4.55432156976834e-15,-1.17965682888311e-15,-1.20994439331903e-14,80.0000000000067,0.237788873409629,0.0790083585618925,7.55205263896699e-14,-1.14430687148105e-13,0.773758553262502,-6.42762836872953e-13,-9.77298959948468,-2.05850974727246e-14,-0.0429869122185295,1.24938539551573e-13,0,0,0,0,1,0.673086199299627,0.673086199299627,80.0000000000067,-9.55760259837954e-14,9.15445497184919e-12
8.42,-3.02630751574214e-14,0.0790083585617781,-7.92208302012406e-14,-4.55555423056081e-15,-1.13945955705252e-15,-1.21059578601704e-14,80.0000000000067,0.237788873409629,0.0790083585618925,7.55202990114273e-14,-1.14441789378352e-13,0.773758553262502,-6.42763311279409e-13,-9.77298959948469,-2.05850974727246e-14,-0.0429869122185295,1.24938539551573e-13,0,0,0,0,1,0.673086199299627,0.673086199299627,80.0000000000067,-1.04958569794882e-13,9.15534315026889e-12
8.43,-3.03182240949605e-14,0.0790083585617781,-7.93423012947307e-14,-4.55678255804237e-15,-1.09925611806733e-15,-1.21124745875851e-14,80.0000000000067,0.237788873409629,0.0790083585618925,7.55200681937736e-14,-1.14441789378352e-13,0.773758553262502,-6.4276375967512e-13,-9.77298959948469,-2.05850974727246e-14,-0.0429869122185295,1.24938539551573e-13,0,0,0,0,1,0.673086199299627,0.673086199299627,80.0000000000067,-1.14346507066816e-13,9.15534315026889e-12
8.44,-3.03733904547861e-14,0.0790083585617781,-7.94638377734366e-14,-4.55800656962329e-15,-1.05805277302394e-15,-1.21189941077479e-14,80.0000000000067,0.237788873409629,0.0790083585618925,7.5519833949937e-14,-1.14452891608598e-13,0.773758553262501,-6.42764182161246e-13,-9.77298959948469,-2.05850974727246e-14,-0.0429869122185295,1.24938539551573e-13,0,0,0,0,1,0.673086199299627,0.673086199299627,80.0000000000067,-1.23739839244678e-13,9.15623132868859e-12
8.45,-3.04285741960339e-14,0.079008358561778,-7.95854396653349e-14,-4.55922628264433e-15,-1.01706343672378e-15,-1.2125516413003e-14,80.0000000000067,0.237788873409629,0.0790083585618925,7.55195962930932e-14,-1.14463993838844e-13,0.773758553262501,-6.42764578838542e-13,-9.7729895994847,-2.05850974727246e-14,-0.0429869122185295,1.24938539551573e-13,0,0,0,0,1,0.673086199299627,0.673086199299627,80.0000000000067,-1.33138567770555e-13,9.15711950710829e-12
8.46,-3.0483775278007e-14,0.079008358561778,-7.97071069983253e-14,-4.56044171437702e-15,-9.7652299199792e-16,-1.21320414957253e-14,80.0000000000067,0.237788873409629,0.0790083585618925,7.55193552363653e-14,-1.14497300529583e-13,0.773758553262501,-6.42764949807361e-13,-9.7729895994847,-2.05850974727246e-14,-0.0429869122185295,1.24938539551573e-13,0,0,0,0,1,0.673086199299627,0.673086199299627,80.0000000000067,-1.42542694083558e-13,9.15978404236739e-12
8.47,-3.05389936601743e-14,0.079008358561778,-7.98288398002313e-14,-4.56165288202394e-15,-9.36020699678324e-16,-1.21385693483202e-14,80.0000000000068,0.237788873409629,0.0790083585618925,7.55191107928238e-14,-1.14508402759829e-13,0.773758553262501,-6.42765295167653e-13,-9.7729895994847,-2.05850974727246e-14,-0.0429869122185295,1.24938539551573e-13,0,0,0,0,1,0.673086199299627,0.673086199299627,80.0000000000068,-1.51952219619825e-13,9.16067222078709e-12
8.48,-3.05942293021709e-14,0.079008358561778,-7.99506380988004e-14,-4.56285980271902e-15,-8.95818525536651e-16,-1.21450999632237e-14,80.0000000000068,0.237788873409629,0.0790083585618925,7.55188629754872e-14,-1.14519504990075e-13,0.773758553262501,-6.42765615018969e-13,-9.7729895994847,-2.05850974727246e-14,-0.0429869122185295,1.24938539551573e-13,0,0,0,0,1,0.673086199299627,0.673086199299627,80.0000000000068,-1.61367145812543e-13,9.16156039920679e-12
8.49,-3.06494821637966e-14,0.079008358561778,-8.00725019217043e-14,-4.56406249352774e-15,-8.56017285940844e-16,-1.2151633332902e-14,80.0000000000068,0.237788873409629,0.0790083585618925,7.55186117973221e-14,-1.14530607220321e-13,0.773758553262501,-6.42765909460464e-13,-9.77298959948471,-2.05850974727246e-14,-0.0429869122185295,1.24938539551573e-13,0,0,0,0,1,0.673086199299627,0.673086199299627,80.0000000000068,-1.70787474091951e-13,9.16244857762649e-12
8.5,-3.07047522050155e-14,0.079008358561778,-8.01944312965392e-14,-4.56526097144748e-15,-8.16125034599258e-16,-1.21581694498514e-14,80.0000000000068,0.237788873409629,0.0790083585618925,7.55183572712433e-14,-1.14552811680814e-13,0.7737585532625,-6.42766178590894e-13,-9.77298959948471,-2.05850974727246e-14,-0.0429869122185295,1.24938539551573e-13,0,0,0,0,1,0.673086199299627,0.673086199299627,80.0000000000068,-1.80213205885364e-13,9.16422493446589e-12
8.51,-3.07600393859558e-14,0.079008358561778,-8.03164262508263e-14,-4.56645525340775e-15,-7.76576726178556e-16,-1.21647083065986e-14,80.0000000000068,0.237788873409629,0.0790083585618925,7.5518099410114e-14,-1.14552811680814e-13,0.7737585532625,-6.4276642250862e-13,-9.77298959948472,-2.05850974727246e-14,-0.0429869122185295,1.24938539551573e-13,0,0,0,0,1,0.673086199299627,0.673086199299627,80.0000000000068,-1.8964434261717e-13,9.16422493446589e-12
8.52,-3.08153436669084e-14,0.0790083585617779,-8.04384868120121e-14,-4.56764535627044e-15,-7.36716460088636e-16,-1.21712498957002e-14,80.0000000000068,0.237788873409629,0.0790083585618925,7.5517838226746e-14,-1.14552811680814e-13,0.7737585532625,-6.42766641311612e-13,-9.77298959948472,-2.05850974727246e-14,-0.0429869122185295,1.24938539551573e-13,0,0,0,0,1,0.673086199299627,0.673086199299627,80.0000000000068,-1.99080885708857e-13,9.16422493446589e-12
8.53,-3.08706650083267e-14,0.0790083585617779,-8.05606130074682e-14,-4.56883129683014e-15,-6.95119406786688e-16,-1.21777942097425e-14,80.0000000000068,0.237788873409629,0.0790083585618925,7.55175737339002e-14,-1.1456391391106e-13,0.773758553262499,-6.42766835097446e-13,-9.77298959948472,-2.05850974727246e-14,-0.0429869122185295,1.24938539551573e-13,0,0,0,0,1,0.673086199299627,0.673086199299627,80.0000000000068,-2.08522836579011e-13,9.16511311288559e-12
8.54,-3.09260033708259e-14,0.0790083585617779,-8.06828048644924e-14,-4.57001309181437e-15,-6.54146063112362e-16,-1.21843412413416e-14,80.0000000000068,0.237788873409629,0.0790083585618925,7.55173059442862e-14,-1.14552811680814e-13,0.773758553262499,-6.42767003963308e-13,-9.77298959948472,-2.05850974727246e-14,-0.0429869122185295,1.24938539551573e-13,0,0,0,0,1,0.673086199299627,0.673086199299627,80.0000000000068,-2.17970196643341e-13,9.16422493446589e-12
8.55,-3.09813587151822e-14,0.0790083585617779,-8.08050624103084e-14,-4.57119075788384e-15,-6.13953672743784e-16,-1.21908909831435e-14,80.0000000000069,0.237788873409629,0.0790083585618925,7.55170348705631e-14,-1.14541709450568e-13,0.7737585532625,-6.42767148005997e-13,-9.77298959948473,-2.05850974727246e-14,-0.0429869122185295,1.24938539551573e-13,0,0,0,0,1,0.673086199299627,0.673086199299627,80.0000000000069,-2.27422967314681e-13,9.16333675604619e-12
8.56,-3.10367310023324e-14,0.0790083585617779,-8.09273856720661e-14,-4.57236431163276e-15,-5.73691828566736e-16,-1.21974434278235e-14,80.0000000000069,0.237788873409629,0.0790083585618925,7.55167605253394e-14,-1.14530607220321e-13,0.7737585532625,-6.42767267321923e-13,-9.77298959948474,-2.05850974727246e-14,-0.0429869122185295,1.24938539551573e-13,0,0,0,0,1,0.673086199299627,0.673086199299627,80.0000000000069,-2.36881150003008e-13,9.16244857762649e-12
8.57,-3.10921201933731e-14,0.0790083585617779,-8.10497746768425e-14,-4.57353376958903e-15,-5.32452614785106e-16,-1.22039985680863e-14,80.0000000000069,0.237788873409629,0.0790083585618924,7.55164829211733e-14,-1.14508402759829e-13,0.7737585532625,-6.42767362007111e-13,-9.77298959948474,-2.05850974727246e-14,-0.0429869122185295,1.24938539551573e-13,0,0,0,0,1,0.673086199299627,0.673086199299627,80.0000000000069,-2.46344746115448e-13,9.16067222078709e-12
8.58,-3.11475262495598e-14,0.0790083585617779,-8.11722294516411e-14,-4.57469914821457e-15,-4.90839696731614e-16,-1.22105563966661e-14,80.0000000000069,0.237788873409629,0.0790083585618924,7.55162020705728e-14,-1.14497300529583e-13,0.773758553262499,-6.42767432157203e-13,-9.77298959948474,-2.05850974727246e-14,-0.0429869122185295,1.24938539551573e-13,0,0,0,0,1,0.673086199299627,0.673086199299627,80.0000000000069,-2.55813757056293e-13,9.15978404236739e-12
8.59,-3.1202949132307e-14,0.0790083585617779,-8.12947500233929e-14,-4.57586046390556e-15,-4.47555749429605e-16,-1.22171169063262e-14,80.0000000000069,0.23778887340963,0.0790083585618924,7.55159179859959e-14,-1.14486198299336e-13,0.773758553262499,-6.42767477867456e-13,-9.77298959948474,-2.05850974727246e-14,-0.0429869122185295,1.24938539551573e-13,0,0,0,0,1,0.673086199299627,0.673086199299627,80.0000000000069,-2.65288184227012e-13,9.15889586394769e-12
8.6,-3.12583888031869e-14,0.0790083585617779,-8.14173364189566e-14,-4.57701773299269e-15,-4.03724049828024e-16,-1.22236800898589e-14,80.0000000000069,0.23778887340963,0.0790083585618924,7.55156306798509e-14,-1.1447509606909e-13,0.773758553262499,-6.42767499232748e-13,-9.77298959948475,-2.05850974727246e-14,-0.0429869122185295,1.24938539551573e-13,0,0,0,0,1,0.673086199299627,0.673086199299627,80.0000000000069,-2.7476802902626e-13,9.15800768552799e-12
8.61,-3.13138452239289e-14,0.0790083585617779,-8.15399886651184e-14,-4.57817097174141e-15,-3.60603360465569e-16,-1.22302459400855e-14,80.0000000000069,0.23778887340963,0.0790083585618924,7.55153401644965e-14,-1.14452891608597e-13,0.773758553262498,-6.42767496347578e-13,-9.77298959948475,-2.05850974727246e-14,-0.0429869122185295,1.24938539551573e-13,0,0,0,0,1,0.673086199299627,0.673086199299627,80.0000000000069,-2.84253292849892e-13,9.15623132868859e-12
8.62,-3.13693183564192e-14,0.0790083585617779,-8.16627067885928e-14,-4.57932019635224e-15,-3.16830085514977e-16,-1.22368144498564e-14,80.000000000007,0.23778887340963,0.0790083585618924,7.55150464522421e-14,-1.14441789378351e-13,0.773758553262498,-6.42767469306066e-13,-9.77298959948475,-2.05850974727246e-14,-0.0429869122185295,1.24938539551573e-13,0,0,0,0,1,0.673086199299627,0.673086199299627,80.000000000007,-2.93743977090972e-13,9.15534315026889e-12
8.63,-3.14248081627e-14,0.0790083585617779,-8.17854908160228e-14,-4.58046542296096e-15,-2.72169454730148e-16,-1.22433856120504e-14,80.000000000007,0.23778887340963,0.0790083585618924,7.5514749555348e-14,-1.14430687148105e-13,0.773758553262497,-6.42767418201953e-13,-9.77298959948476,-2.05850974727246e-14,-0.0429869122185295,1.24938539551573e-13,0,0,0,0,1,0.673086199299627,0.673086199299627,80.000000000007,-3.03240083139787e-13,9.15445497184919e-12
8.64,-3.14803146049688e-14,0.0790083585617779,-8.19083407739801e-14,-4.58160666763892e-15,-2.28246743382787e-16,-1.22499594195752e-14,80.000000000007,0.23778887340963,0.0790083585618924,7.55144494860253e-14,-1.14419584917859e-13,0.773758553262497,-6.4276734312861e-13,-9.77298959948476,-2.05850974727246e-14,-0.0429869122185295,1.24938539551573e-13,0,0,0,0,1,0.673086199299627,0.673086199299627,80.000000000007,-3.12741612383857e-13,9.15356679342949e-12
8.65,-3.15358376455781e-14,0.0790083585617779,-8.20312566889652e-14,-4.58274394639325e-15,-1.83572892898297e-16,-1.2256535865367e-14,80.000000000007,0.23778887340963,0.0790083585618924,7.55141462564365e-14,-1.14419584917859e-13,0.773758553262497,-6.42767244179032e-13,-9.77298959948476,-2.05850974727246e-14,-0.0429869122185295,1.24938539551573e-13,0,0,0,0,1,0.673086199299627,0.673086199299627,80.000000000007,-3.22248566207948e-13,9.15356679342949e-12
8.66,-3.15913772470343e-14,0.0790083585617779,-8.2154238587408e-14,-4.58387727516718e-15,-1.39506310465644e-16,-1.22631149423902e-14,80.000000000007,0.23778887340963,0.0790083585618924,7.55138398786955e-14,-1.14419584917859e-13,0.773758553262497,-6.42767121445839e-13,-9.77298959948477,-2.05850974727246e-14,-0.0429869122185295,1.24938539551573e-13,0,0,0,0,1,0.673086199299627,0.673086199299627,80.000000000007,-3.31760945994082e-13,9.15356679342949e-12
8.67,-3.16469333719976e-14,0.0790083585617779,-8.22772864956682e-14,-4.58500666984021e-15,-9.62315645527382e-17,-1.22696966436379e-14,80.000000000007,0.23778887340963,0.0790083585618924,7.55135303648677e-14,-1.14419584917859e-13,0.773758553262497,-6.42766975021287e-13,-9.77298959948477,-2.05850974727246e-14,-0.0429869122185295,1.24938539551573e-13,0,0,0,0,1,0.673086199299627,0.673086199299627,80.000000000007,-3.41278753121548e-13,9.15356679342949e-12
8.68,-3.1702505983281e-14,0.0790083585617779,-8.24004004400349e-14,-4.58613214622843e-15,-5.35670875676629e-17,-1.22762809621311e-14,80.000000000007,0.23778887340963,0.0790083585618924,7.55132177269704e-14,-1.14419584917859e-13,0.773758553262497,-6.42766804997256e-13,-9.77298959948477,-2.05850974727246e-14,-0.0429869122185295,1.24938539551573e-13,0,0,0,0,1,0.673086199299627,0.673086199299627,80.000000000007,-3.50801988966915e-13,9.15356679342949e-12
8.69,-3.17580950438499e-14,0.0790083585617779,-8.25235804467276e-14,-4.58725372008474e-15,-1.10645300119134e-17,-1.22828678909191e-14,80.0000000000071,0.23778887340963,0.0790083585618924,7.55129019769728e-14,-1.14419584917859e-13,0.773758553262496,-6.42766611465264e-13,-9.77298959948477,-2.05850974727246e-14,-0.0429869122185295,1.24938539551573e-13,0,0,0,0,1,0.673086199299627,0.673086199299627,80.0000000000071,-3.60330654904042e-13,9.15356679342949e-12
8.7,-3.18137005168214e-14,0.0790083585617779,-8.26468265418964e-14,-4.58837140709912e-15,3.1021891246819e-17,-1.22894574230789e-14,80.0000000000071,0.23778887340963,0.0790083585618924,7.55125831267964e-14,-1.14419584917859e-13,0.773758553262496,-6.4276639451646e-13,-9.77298959948478,-2.05850974727246e-14,-0.0429869122185295,1.24938539551573e-13,0,0,0,0,1,0.673086199299627,0.673086199299627,80.0000000000071,-3.69864752304085e-13,9.15356679342949e-12
8.71,-3.18693223654637e-14,0.0790083585617779,-8.27701387516216e-14,-4.58948522289884e-15,7.26434283054207e-17,-1.22960495517158e-14,80.0000000000071,0.23778887340963,0.0790083585618924,7.55122611883149e-14,-1.14419584917859e-13,0.773758553262496,-6.42766154241627e-13,-9.77298959948478,-2.05850974727246e-14,-0.0429869122185295,1.24938539551573e-13,0,0,0,0,1,0.673086199299627,0.673086199299627,80.0000000000071,-3.79404282535523e-13,9.15356679342949e-12
8.72,-3.19249605531955e-14,0.0790083585617779,-8.2893517101915e-14,-4.59059518304877e-15,1.1419482770609e-16,-1.23026442699625e-14,80.0000000000071,0.23778887340963,0.0790083585618924,7.55119361733546e-14,-1.14419584917858e-13,0.773758553262496,-6.4276589073119e-13,-9.77298959948479,-2.05850974727246e-14,-0.0429869122185295,1.24938539551573e-13,0,0,0,0,1,0.673086199299627,0.673086199299627,80.0000000000071,-3.88949246964147e-13,9.15356679342949e-12
8.73,-3.19806150435854e-14,0.0790083585617779,-8.30169616187192e-14,-4.59170130305157e-15,1.56265256338989e-16,-1.23092415709796e-14,80.0000000000071,0.23778887340963,0.0790083585618924,7.55116080936946e-14,-1.14419584917858e-13,0.773758553262496,-6.42765604075205e-13,-9.77298959948479,-2.05850974727246e-14,-0.0429869122185295,1.24938539551573e-13,0,0,0,0,1,0.673086199299627,0.673086199299627,80.0000000000071,-3.9849964695309e-13,9.15356679342949e-12
8.74,-3.20362858003515e-14,0.0790083585617779,-8.31404723279087e-14,-4.59280359834798e-15,1.97902786023424e-16,-1.23158414479551e-14,80.0000000000071,0.23778887340963,0.0790083585618924,7.55112769610669e-14,-1.14419584917858e-13,0.773758553262495,-6.42765294363374e-13,-9.77298959948479,-2.05850974727246e-14,-0.0429869122185295,1.24938539551573e-13,0,0,0,0,1,0.673086199299627,0.673086199299627,80.0000000000071,-4.08055483862826e-13,9.15356679342949e-12
8.75,-3.20919727873602e-14,0.0790083585617779,-8.32640492552895e-14,-4.59390208431703e-15,2.39486170675759e-16,-1.23224438941047e-14,80.0000000000071,0.23778887340963,0.0790083585618923,7.55109427871566e-14,-1.14408482687612e-13,0.773758553262495,-6.42764961685036e-13,-9.7729895994848,-2.05850974727246e-14,-0.0429869122185295,1.24938539551573e-13,0,0,0,0,1,0.673086199299627,0.673086199299627,80.0000000000071,-4.1761675905119e-13,9.15267861500979e-12
8.76,-3.21476759686266e-14,0.0790083585617779,-8.33876924265999e-14,-4.59499677627631e-15,2.81428720849199e-16,-1.23290489026713e-14,80.0000000000072,0.23778887340963,0.0790083585618923,7.55106055836021e-14,-1.14397380457366e-13,0.773758553262495,-6.42764606129174e-13,-9.7729895994848,-2.05850974727246e-14,-0.0429869122185295,1.24938539551573e-13,0,0,0,0,1,0.673086199299627,0.673086199299627,80.0000000000072,-4.27183473873381e-13,9.15179043659009e-12
8.77,-3.22033953083128e-14,0.0790083585617779,-8.35114018675105e-14,-4.59608768948221e-15,3.23392145110486e-16,-1.23356564669249e-14,80.0000000000072,0.23778887340963,0.0790083585618923,7.55102653619952e-14,-1.14397380457366e-13,0.773758553262494,-6.42764227784417e-13,-9.7729895994848,-2.05850974727246e-14,-0.0429869122185295,1.24938539551573e-13,0,0,0,0,1,0.673086199299627,0.673086199299627,80.0000000000072,-4.36755629681978e-13,9.15179043659009e-12
8.78,-3.22591307707281e-14,0.0790083585617779,-8.36351776036245e-14,-4.59717483913016e-15,3.65598448515761e-16,-1.23422665801629e-14,80.0000000000072,0.23778887340963,0.0790083585618923,7.55099221338816e-14,-1.14408482687612e-13,0.773758553262494,-6.42763826739034e-13,-9.77298959948481,-2.05850974727246e-14,-0.0429869122185295,1.24938539551573e-13,0,0,0,0,1,0.673086199299627,0.673086199299627,80.0000000000072,-4.4633322782695e-13,9.15267861500979e-12
8.79,-3.23148823203281e-14,0.0790083585617779,-8.3759019660478e-14,-4.59825824035486e-15,4.07395841911322e-16,-1.23488792357095e-14,80.0000000000072,0.23778887340963,0.0790083585618923,7.55095759107605e-14,-1.14408482687612e-13,0.773758553262494,-6.42763403080946e-13,-9.77298959948481,-2.05850974727246e-14,-0.0429869122185295,1.24938539551573e-13,0,0,0,0,1,0.673086199299627,0.673086199299627,80.0000000000072,-4.55916269655666e-13,9.15267861500979e-12
8.8,-3.23706499217142e-14,0.0790083585617779,-8.38829280635402e-14,-4.59933790823055e-15,4.4833722118305e-16,-1.23554944269162e-14,80.0000000000072,0.23778887340963,0.0790083585618923,7.55092267040854e-14,-1.14397380457366e-13,0.773758553262494,-6.42762956897719e-13,-9.77298959948481,-2.05850974727246e-14,-0.0429869122185295,1.24938539551573e-13,0,0,0,0,1,0.673086199299627,0.673086199299627,80.0000000000072,-4.65504756512902e-13,9.15179043659009e-12
8.81,-3.24264335396331e-14,0.0790083585617779,-8.40069028382139e-14,-4.60041385777122e-15,4.89203560485763e-16,-1.23621121471609e-14,80.0000000000072,0.23778887340963,0.0790083585618923,7.55088745252639e-14,-1.1438627822712e-13,0.773758553262494,-6.42762488276571e-13,-9.77298959948482,-2.05850974727246e-14,-0.0429869122185295,1.24938539551573e-13,0,0,0,0,1,0.673086199299627,0.673086199299627,80.0000000000072,-4.75098689740862e-13,9.15090225817039e-12
8.82,-3.24822331389757e-14,0.0790083585617779,-8.41309440098355e-14,-4.60148610393086e-15,5.30518021337161e-16,-1.23687323898484e-14,80.0000000000072,0.23778887340963,0.0790083585618923,7.55085193856581e-14,-1.14397380457366e-13,0.773758553262494,-6.42761997304368e-13,-9.77298959948482,-2.05850974727246e-14,-0.0429869122185295,1.24938539551573e-13,0,0,0,0,1,0.673086199299627,0.673086199299627,80.0000000000072,-4.84698070679176e-13,9.15179043659009e-12
8.83,-3.25380486847775e-14,0.0790083585617779,-8.42550516036753e-14,-4.60255466160372e-15,5.7150735763732e-16,-1.23753551484103e-14,80.0000000000073,0.237788873409631,0.0790083585618923,7.55081612965844e-14,-1.14386278227119e-13,0.773758553262493,-6.42761484067632e-13,-9.77298959948482,-2.05850974727246e-14,-0.0429869122185295,1.24938539551573e-13,0,0,0,0,1,0.673086199299627,0.673086199299627,80.0000000000073,-4.94302900664922e-13,9.15090225817039e-12
8.84,-3.25938801422169e-14,0.0790083585617779,-8.43792256449381e-14,-4.60361954562452e-15,6.1339576277866e-16,-1.23819804163043e-14,80.0000000000073,0.237788873409631,0.0790083585618923,7.55078002693144e-14,-1.14375175996873e-13,0.773758553262493,-6.42760948652534e-13,-9.77298959948483,-2.05850974727246e-14,-0.0429869122185295,1.24938539551573e-13,0,0,0,0,1,0.673086199299627,0.673086199299627,80.0000000000073,-5.03913181032627e-13,9.15001407975069e-12
8.85,-3.26497274766157e-14,0.0790083585617779,-8.45034661587629e-14,-4.60468077076867e-15,6.54546248482532e-16,-1.2388608187015e-14,80.0000000000073,0.237788873409631,0.0790083585618923,7.55074363150742e-14,-1.14375175996873e-13,0.773758553262493,-6.42760391144905e-13,-9.77298959948483,-2.05850974727246e-14,-0.0429869122185295,1.24938539551573e-13,0,0,0,0,1,0.673086199299627,0.673086199299627,80.0000000000073,-5.13528913114285e-13,9.15001407975069e-12
8.86,-3.27055906534375e-14,0.0790083585617779,-8.46277731702238e-14,-4.60573835175258e-15,6.95808620020029e-16,-1.2395238454053e-14,80.0000000000073,0.237788873409631,0.0790083585618923,7.55070694450452e-14,-1.14375175996873e-13,0.773758553262492,-6.42759811630229e-13,-9.77298959948483,-2.05850974727246e-14,-0.0429869122185295,1.24938539551573e-13,0,0,0,0,1,0.673086199299627,0.673086199299627,80.0000000000073,-5.23150098239362e-13,9.15001407975069e-12
8.87,-3.2761469638288e-14,0.0790083585617779,-8.47521467043295e-14,-4.6067923032338e-15,7.37420875073128e-16,-1.24018712109552e-14,80.0000000000073,0.237788873409631,0.0790083585618923,7.5506699670364e-14,-1.14364073766627e-13,0.773758553262492,-6.42759210193649e-13,-9.77298959948484,-2.05850974727246e-14,-0.0429869122185295,1.24938539551573e-13,0,0,0,0,1,0.673086199299627,0.673086199299627,80.0000000000073,-5.32776737734811e-13,9.14912590133099e-12
8.88,-3.28173643969141e-14,0.079008358561778,-8.48765867860245e-14,-4.60784263981132e-15,7.78715231862292e-16,-1.24085064512846e-14,80.0000000000073,0.237788873409631,0.0790083585618923,7.5506327002123e-14,-1.14352971536381e-13,0.773758553262492,-6.42758586919968e-13,-9.77298959948484,-2.05850974727246e-14,-0.0429869122185295,1.24938539551573e-13,0,0,0,0,1,0.673086199299627,0.673086199299627,80.0000000000073,-5.42408832925079e-13,9.14823772291129e-12
8.89,-3.2873274895203e-14,0.079008358561778,-8.50010934401884e-14,-4.60888937602578e-15,8.19658419443269e-16,-1.24151441686303e-14,80.0000000000073,0.237788873409631,0.0790083585618923,7.55059514513697e-14,-1.14330767075888e-13,0.773758553262492,-6.42757941893648e-13,-9.77298959948484,-2.05850974727246e-14,-0.0429869122185295,1.24938539551573e-13,0,0,0,0,1,0.673086199299627,0.673086199299627,80.0000000000074,-5.5204638513212e-13,9.14646136607189e-12
8.9,-3.29292010991822e-14,0.079008358561778,-8.5125666691637e-14,-4.60993252635972e-15,8.60053707391252e-16,-1.2421784356607e-14,80.0000000000074,0.237788873409631,0.0790083585618923,7.55055730291078e-14,-1.14319664845642e-13,0.773758553262492,-6.42757275198814e-13,-9.77298959948485,-2.05850974727246e-14,-0.0429869122185295,1.24938539551573e-13,0,0,0,0,1,0.673086199299627,0.673086199299627,80.0000000000074,-5.61689395675402e-13,9.14557318765219e-12
8.91,-3.29851429750186e-14,0.079008358561778,-8.52503065651219e-14,-4.61097210523775e-15,9.00540007085015e-16,-1.24284270088556e-14,80.0000000000074,0.237788873409631,0.0790083585618923,7.55051917462968e-14,-1.14308562615396e-13,0.773758553262491,-6.42756586919255e-13,-9.77298959948485,-2.05850974727246e-14,-0.0429869122185295,1.24938539551573e-13,0,0,0,0,1,0.673086199299627,0.673086199299627,80.0000000000074,-5.71337865871917e-13,9.14468500923249e-12
8.92,-3.30411004890182e-14,0.079008358561778,-8.53750130853311e-14,-4.61200812702688e-15,9.40593407830313e-16,-1.24350721190426e-14,80.0000000000074,0.237788873409631,0.0790083585618923,7.55048076138526e-14,-1.14297460385149e-13,0.773758553262491,-6.42755877138422e-13,-9.77298959948485,-2.05850974727246e-14,-0.0429869122185295,1.24938539551573e-13,0,0,0,0,1,0.673086199299627,0.673086199299627,80.0000000000074,-5.80991797036203e-13,9.14379683081279e-12
8.93,-3.3097073607625e-14,0.079008358561778,-8.54997862768894e-14,-4.61304060603667e-15,9.80319628306174e-16,-1.24417196808598e-14,80.0000000000074,0.237788873409631,0.0790083585618923,7.55044206426473e-14,-1.14286358154903e-13,0.773758553262491,-6.42755145939434e-13,-9.77298959948486,-2.05850974727246e-14,-0.0429869122185295,1.24938539551573e-13,0,0,0,0,1,0.673086199299627,0.673086199299627,80.0000000000074,-5.90651190480335e-13,9.14290865239309e-12
8.94,-3.31530622974212e-14,0.079008358561778,-8.56246261643582e-14,-4.61406955651947e-15,1.02057775578919e-15,-1.2448369688025e-14,80.0000000000074,0.237788873409631,0.0790083585618923,7.55040308435093e-14,-1.14253051464164e-13,0.773758553262491,-6.42754393405077e-13,-9.77298959948486,-2.05850974727246e-14,-0.0429869122185295,1.24938539551573e-13,0,0,0,0,1,0.673086199299627,0.673086199299627,80.0000000000074,-6.00316047513945e-13,9.14024411713399e-12
8.95,-3.32090665251261e-14,0.0790083585617781,-8.57495327722361e-14,-4.61509499267069e-15,1.06018097926761e-15,-1.24550221342811e-14,80.0000000000074,0.237788873409631,0.0790083585618923,7.5503638227224e-14,-1.14241949233918e-13,0.773758553262491,-6.42753619617806e-13,-9.77298959948486,-2.05850974727246e-14,-0.0429869122185295,1.24938539551573e-13,0,0,0,0,1,0.673086199299627,0.673086199299627,80.0000000000074,-6.09986369444241e-13,9.13935593871429e-12
8.96,-3.32650862575958e-14,0.0790083585617781,-8.5874506124959e-14,-4.61611692862897e-15,1.09996622623758e-15,-1.24616770133963e-14,80.0000000000074,0.237788873409631,0.0790083585618923,7.55032428045336e-14,-1.14208642543179e-13,0.773758553262491,-6.42752824659744e-13,-9.77298959948486,-2.05850974727246e-14,-0.0429869122185295,1.24938539551573e-13,0,0,0,0,1,0.673086199299627,0.673086199299627,80.0000000000074,-6.19662157575999e-13,9.13669140345519e-12
8.97,-3.33211214618225e-14,0.0790083585617781,-8.59995462469006e-14,-4.61713537847646e-15,1.14011063872866e-15,-1.24683343191641e-14,80.0000000000075,0.237788873409631,0.0790083585618923,7.55028445861372e-14,-1.14208642543179e-13,0.77375855326249,-6.42752008612687e-13,-9.77298959948487,-2.05850974727246e-14,-0.0429869122185295,1.24938539551573e-13,0,0,0,0,1,0.673086199299627,0.673086199299627,80.0000000000074,-6.29343413211586e-13,9.13669140345519e-12
8.98,-3.33771721049341e-14,0.0790083585617781,-8.61246531623722e-14,-4.61815035623899e-15,1.18030791055925e-15,-1.24749940454031e-14,80.0000000000075,0.237788873409631,0.0790083585618923,7.55024435826912e-14,-1.14186438082687e-13,0.77375855326249,-6.42751171558103e-13,-9.77298959948487,-2.05850974727246e-14,-0.0429869122185295,1.24938539551573e-13,0,0,0,0,1,0.673086199299627,0.673086199299627,80.0000000000075,-6.39030137650967e-13,9.13491504661579e-12
8.99,-3.34332381541936e-14,0.0790083585617781,-8.62498268956235e-14,-4.61916187588635e-15,1.22026101755327e-15,-1.2481656185957e-14,80.0000000000075,0.237788873409631,0.0790083585618923,7.55020398048092e-14,-1.14164233622194e-13,0.77375855326249,-6.42750313577134e-13,-9.77298959948488,-2.05850974727246e-14,-0.0429869122185295,1.24938539551573e-13,0,0,0,0,1,0.673086199299627,0.673086199299627,80.0000000000075,-6.48722332191709e-13,9.13313868977639e-12
9,-3.34893195769985e-14,0.0790083585617781,-8.63750674708423e-14,-4.62016995133247e-15,1.25893813094806e-15,-1.24883207346943e-14,80.0000000000075,0.237788873409631,0.0790083585618923,7.55016332630627e-14,-1.14164233622194e-13,0.77375855326249,-6.42749434750597e-13,-9.77298959948488,-2.05850974727246e-14,-0.0429869122185295,1.24938539551573e-13,0,0,0,0,1,0.673086199299627,0.673086199299627,80.0000000000075,-6.58419998129004e-13,9.13313868977639e-12
9.01,-3.35454163408803e-14,0.0790083585617781,-8.65003749121552e-14,-4.62117459643566e-15,1.29703224460728e-15,-1.24949876855082e-14,80.0000000000075,0.237788873409631,0.0790083585618923,7.55012239679805e-14,-1.14130926931455e-13,0.77375855326249,-6.42748535158985e-13,-9.77298959948489,-2.05850974727246e-14,-0.0429869122185295,1.24938539551573e-13,0,0,0,0,1,0.673086199299627,0.673086199299627,80.0000000000075,-6.68123136755663e-13,9.13047415451729e-12
9.02,-3.3601528413504e-14,0.0790083585617782,-8.66257492436276e-14,-4.62217582499882e-15,1.33533285995497e-15,-1.25016570323171e-14,80.0000000000075,0.237788873409631,0.0790083585618923,7.55008119300495e-14,-1.14108722470963e-13,0.773758553262489,-6.4274761488247e-13,-9.77298959948489,-2.05850974727246e-14,-0.0429869122185295,1.24938539551573e-13,0,0,0,0,1,0.673086199299627,0.673086199299627,80.0000000000075,-6.77831749362139e-13,9.12869779767789e-12
9.03,-3.36576557626677e-14,0.0790083585617782,-8.67511904892641e-14,-4.6231736507697e-15,1.37412802633798e-15,-1.25083287690634e-14,80.0000000000075,0.237788873409631,0.0790083585618922,7.55003971597146e-14,-1.14075415780224e-13,0.773758553262489,-6.42746674000902e-13,-9.77298959948489,-2.05850974727246e-14,-0.0429869122185295,1.24938539551573e-13,0,0,0,0,1,0.673086199299627,0.673086199299627,80.0000000000075,-6.87545837236527e-13,9.12603326241879e-12
9.04,-3.37137983563017e-14,0.0790083585617782,-8.68766986730084e-14,-4.62416808744105e-15,1.41391327330795e-15,-1.25150028897145e-14,80.0000000000076,0.237788873409631,0.0790083585618922,7.54999796673789e-14,-1.14064313549978e-13,0.773758553262488,-6.42745712593811e-13,-9.77298959948489,-2.05850974727246e-14,-0.0429869122185295,1.24938539551573e-13,0,0,0,0,1,0.673086199299627,0.673086199299627,80.0000000000075,-6.97265401664585e-13,9.12514508399909e-12
9.05,-3.37699561624683e-14,0.0790083585617782,-8.70022738187442e-14,-4.62515914865091e-15,1.4532816139553e-15,-1.2521679388262e-14,80.0000000000076,0.237788873409631,0.0790083585618922,7.54995594634038e-14,-1.14042109089485e-13,0.773758553262488,-6.42744730740408e-13,-9.77298959948489,-2.05850974727246e-14,-0.0429869122185295,1.24938539551573e-13,0,0,0,0,1,0.673086199299627,0.673086199299627,80.0000000000076,-7.06990443929729e-13,9.12336872715969e-12
9.06,-3.3826129149361e-14,0.0790083585617782,-8.71279159502947e-14,-4.62614684798278e-15,1.49267082869049e-15,-1.2528358258722e-14,80.0000000000076,0.237788873409631,0.0790083585618922,7.54991365581094e-14,-1.14031006859239e-13,0.773758553262488,-6.4274372851959e-13,-9.7729895994849,-2.05850974727246e-14,-0.0429869122185295,1.24938539551573e-13,0,0,0,0,1,0.673086199299627,0.673086199299627,80.0000000000076,-7.16720965313057e-13,9.12248054873999e-12
9.07,-3.38823172853045e-14,0.0790083585617782,-8.72536250914234e-14,-4.62713119896586e-15,1.53191617234038e-15,-1.25350394951347e-14,80.0000000000076,0.237788873409632,0.0790083585618922,7.54987109617744e-14,-1.14019904628993e-13,0.773758553262488,-6.42742706009934e-13,-9.7729895994849,-2.05850974727246e-14,-0.0429869122185295,1.24938539551573e-13,0,0,0,0,1,0.673086199299627,0.673086199299627,80.0000000000076,-7.26456967093348e-13,9.12159237032029e-12
9.08,-3.39385205387534e-14,0.0790083585617782,-8.73794012658341e-14,-4.62811221507526e-15,1.57072733134923e-15,-1.25417230915646e-14,80.0000000000076,0.237788873409632,0.0790083585618922,7.54982826846363e-14,-1.14008802398746e-13,0.773758553262488,-6.42741663289706e-13,-9.77298959948491,-2.05850974727246e-14,-0.0429869122185295,1.24938539551573e-13,0,0,0,0,1,0.673086199299627,0.673086199299627,80.0000000000076,-7.3619845054708e-13,9.12070419190059e-12
9.09,-3.39947388782924e-14,0.0790083585617782,-8.7505244497171e-14,-4.62908990973221e-15,1.60990253734119e-15,-1.25484090421001e-14,80.0000000000076,0.237788873409632,0.0790083585618922,7.54978517368917e-14,-1.13986597938254e-13,0.773758553262487,-6.42740600436855e-13,-9.77298959948491,-2.05850974727246e-14,-0.0429869122185295,1.24938539551573e-13,0,0,0,0,1,0.673086199299627,0.673086199299627,80.0000000000076,-7.45945416948433e-13,9.11892783506119e-12
9.1,-3.40509722726353e-14,0.0790083585617783,-8.76311548090195e-14,-4.63006429630427e-15,1.64940365875908e-15,-1.25550973408536e-14,80.0000000000076,0.237788873409632,0.0790083585618922,7.54974181286964e-14,-1.13975495708008e-13,0.773758553262487,-6.42739517529022e-13,-9.77298959948491,-2.05850974727246e-14,-0.0429869122185295,1.24938539551573e-13,0,0,0,0,1,0.673086199299627,0.673086199299627,80.0000000000076,-7.55697867569299e-13,9.11803965664149e-12
9.11,-3.41072206906246e-14,0.0790083585617783,-8.77571322249057e-14,-4.63103538810559e-15,1.68851983825693e-15,-1.25617879819616e-14,80.0000000000077,0.237788873409632,0.0790083585618922,7.54969818701656e-14,-1.13942189017269e-13,0.773758553262487,-6.42738414643532e-13,-9.77298959948492,-2.05850974727246e-14,-0.0429869122185295,1.24938539551573e-13,0,0,0,0,1,0.673086199299627,0.673086199299627,80.0000000000076,-7.65455803679298e-13,9.11537512138239e-12
9.12,-3.41634841012313e-14,0.0790083585617783,-8.78831767682971e-14,-4.63200319839704e-15,1.72794103824378e-15,-1.2568480959584e-14,80.0000000000077,0.237788873409632,0.0790083585618922,7.54965429713739e-14,-1.13919984556776e-13,0.773758553262487,-6.42737291857406e-13,-9.77298959948492,-2.05850974727246e-14,-0.0429869122185295,1.24938539551573e-13,0,0,0,0,1,0.673086199299627,0.673086199299627,80.0000000000077,-7.75219226545781e-13,9.11359876454299e-12
9.13,-3.42197624735539e-14,0.0790083585617783,-8.80092884626028e-14,-4.63296774038649e-15,1.76779642287169e-15,-1.25751762679047e-14,80.0000000000077,0.237788873409632,0.0790083585618922,7.54961014423556e-14,-1.1390888232653e-13,0.773758553262486,-6.42736149247352e-13,-9.77298959948492,-2.05850974727246e-14,-0.0429869122185295,1.24938539551573e-13,0,0,0,0,1,0.673086199299627,0.673086199299627,80.0000000000077,-7.8498813743384e-13,9.11271058612328e-12
9.14,-3.42760557768181e-14,0.0790083585617783,-8.81354673311737e-14,-4.63392902722902e-15,1.80750665072172e-15,-1.25818739011309e-14,80.0000000000077,0.237788873409632,0.0790083585618922,7.5495657293105e-14,-1.13897780096284e-13,0.773758553262486,-6.42734986889773e-13,-9.77298959948492,-2.05850974727246e-14,-0.0429869122185295,1.24938539551573e-13,0,0,0,0,1,0.673086199299627,0.673086199299627,80.0000000000077,-7.94762537606322e-13,9.11182240770358e-12
9.15,-3.43323639803766e-14,0.0790083585617783,-8.82617133973027e-14,-4.63488707202708e-15,1.84675199437162e-15,-1.25885738534936e-14,80.0000000000077,0.237788873409632,0.0790083585618922,7.54952105335762e-14,-1.13875575635791e-13,0.773758553262486,-6.42733804860766e-13,-9.77298959948493,-2.05850974727246e-14,-0.0429869122185295,1.24938539551573e-13,0,0,0,0,1,0.673086199299627,0.673086199299627,80.0000000000077,-8.04542428323831e-13,9.11004605086418e-12
9.16,-3.4388687053708e-14,0.0790083585617783,-8.83880266842247e-14,-4.63584188783073e-15,1.88547214163468e-15,-1.25952761192471e-14,80.0000000000077,0.237788873409632,0.0790083585618922,7.54947611736835e-14,-1.13853371175299e-13,0.773758553262486,-6.42732603236123e-13,-9.77298959948493,-2.05850974727246e-14,-0.0429869122185295,1.24938539551573e-13,0,0,0,0,1,0.673086199299627,0.673086199299627,80.0000000000077,-8.14327810844745e-13,9.10826969402478e-12
9.17,-3.44450249664167e-14,0.0790083585617784,-8.85144072151175e-14,-4.63679348763787e-15,1.92546468672755e-15,-1.26019806926688e-14,80.0000000000077,0.237788873409632,0.0790083585618922,7.54943092233015e-14,-1.13831166714806e-13,0.773758553262485,-6.42731382091331e-13,-9.77298959948493,-2.05850974727246e-14,-0.0429869122185295,1.24938539551573e-13,0,0,0,0,1,0.673086199299627,0.673086199299627,80.0000000000077,-8.24118686425221e-13,9.10649333718538e-12
9.18,-3.45013776882323e-14,0.0790083585617784,-8.86408550131012e-14,-4.63774188439441e-15,1.96617787293947e-15,-1.26086875680597e-14,80.0000000000078,0.237788873409632,0.0790083585618922,7.54938546922653e-14,-1.13831166714806e-13,0.773758553262485,-6.42730141501577e-13,-9.77298959948494,-2.05850974727246e-14,-0.0429869122185295,1.24938539551573e-13,0,0,0,0,1,0.673086199299627,0.673086199299627,80.0000000000077,-8.33915056319205e-13,9.10649333718538e-12
9.19,-3.45577451890091e-14,0.0790083585617784,-8.87673701012392e-14,-4.6386870909945e-15,2.00677117700484e-15,-1.26153967397436e-14,80.0000000000078,0.237788873409632,0.0790083585618922,7.54933975903708e-14,-1.13808962254314e-13,0.773758553262485,-6.42728881541746e-13,-9.77298959948494,-2.05850974727246e-14,-0.0429869122185295,1.24938539551573e-13,0,0,0,0,1,0.673086199299627,0.673086199299627,80.0000000000078,-8.43716921778438e-13,9.10471698034598e-12
9.2,-3.46141274387257e-14,0.0790083585617784,-8.88939525025378e-14,-4.63962912028073e-15,2.0470066012417e-15,-1.26221082020676e-14,80.0000000000078,0.237788873409632,0.0790083585618922,7.54929379273743e-14,-1.13797860024067e-13,0.773758553262485,-6.42727602286423e-13,-9.77298959948494,-2.05850974727246e-14,-0.0429869122185295,1.24938539551573e-13,0,0,0,0,1,0.673086199299627,0.673086199299627,80.0000000000078,-8.5352428405247e-13,9.10382880192628e-12
9.21,-3.46705244074841e-14,0.0790083585617784,-8.90206022399468e-14,-4.64056798504433e-15,2.08653480560017e-15,-1.26288219494016e-14,80.0000000000078,0.237788873409632,0.0790083585618922,7.54924757129934e-14,-1.13764553333329e-13,0.773758553262485,-6.42726303809893e-13,-9.77298959948495,-2.05850974727246e-14,-0.0429869122185295,1.24938539551573e-13,0,0,0,0,1,0.673086199299627,0.673086199299627,80.0000000000078,-8.6333714438867e-13,9.10116426666718e-12
9.22,-3.47269360655099e-14,0.0790083585617784,-8.91473193363598e-14,-4.64150369802539e-15,2.12639784461626e-15,-1.26355379761383e-14,80.0000000000078,0.237788873409632,0.0790083585618922,7.54920109569065e-14,-1.1373124664259e-13,0.773758553262485,-6.42724986186146e-13,-9.77298959948495,-2.05850974727246e-14,-0.0429869122185295,1.24938539551573e-13,0,0,0,0,1,0.673086199299627,0.673086199299627,80.0000000000078,-8.73155504032232e-13,9.09849973140808e-12
9.23,-3.47833623831512e-14,0.0790083585617785,-8.92741038146141e-14,-4.64243627191303e-15,2.16683799559084e-15,-1.26422562766934e-14,80.0000000000078,0.237788873409632,0.0790083585618922,7.54915436687536e-14,-1.13686837721605e-13,0.773758553262484,-6.42723649488874e-13,-9.77298959948495,-2.05850974727246e-14,-0.0429869122185295,1.24938539551573e-13,0,0,0,0,1,0.673086199299627,0.673086199299627,80.0000000000078,-8.82979364226182e-13,9.09494701772928e-12
9.24,-3.48398033308782e-14,0.0790083585617785,-8.9400955697491e-14,-4.64336571934566e-15,2.20823935675162e-15,-1.2648976845505e-14,80.0000000000078,0.237788873409632,0.0790083585618922,7.54910738581357e-14,-1.13664633261112e-13,0.773758553262484,-6.42722293791475e-13,-9.77298959948495,-2.05850974727246e-14,-0.0429869122185295,1.24938539551573e-13,0,0,0,0,1,0.673086199299627,0.673086199299627,80.0000000000078,-8.92808726211391e-13,9.09317066088988e-12
9.25,-3.48962588792832e-14,0.0790083585617785,-8.95278750077163e-14,-4.64429205291113e-15,2.24962606379679e-15,-1.26556996770341e-14,80.0000000000079,0.237788873409632,0.0790083585618922,7.54906015346157e-14,-1.13631326570374e-13,0.773758553262483,-6.4272091916705e-13,-9.77298959948495,-2.05850974727246e-14,-0.0429869122185295,1.24938539551573e-13,0,0,0,0,1,0.673086199299627,0.673086199299627,80.0000000000078,-9.0264359122658e-13,9.09050612563078e-12
9.26,-3.49527289990794e-14,0.0790083585617786,-8.96548617679604e-14,-4.64521528514695e-15,2.29066337797445e-15,-1.2662424765764e-14,80.0000000000079,0.237788873409632,0.0790083585618922,7.5490126707718e-14,-1.13609122109881e-13,0.773758553262483,-6.42719525688412e-13,-9.77298959948496,-2.05850974727246e-14,-0.0429869122185295,1.24938539551573e-13,0,0,0,0,1,0.673086199299627,0.673086199299627,80.0000000000079,-9.12483960508336e-13,9.08872976879138e-12
9.27,-3.50092136611009e-14,0.0790083585617786,-8.97819160008383e-14,-4.6461354285405e-15,2.33078974212149e-15,-1.26691521062005e-14,80.0000000000079,0.237788873409632,0.0790083585618922,7.5489649386929e-14,-1.13575815419142e-13,0.773758553262483,-6.42718113428078e-13,-9.77298959948496,-2.05850974727246e-14,-0.0429869122185295,1.24938539551573e-13,0,0,0,0,1,0.673086199299627,0.673086199299627,80.0000000000079,-9.22329835291114e-13,9.08606523353228e-12
9.28,-3.50657128363022e-14,0.0790083585617786,-8.990903772891e-14,-4.64705249552921e-15,2.37008306364889e-15,-1.26758816928716e-14,80.0000000000079,0.237788873409632,0.0790083585618922,7.54891695816969e-14,-1.1355361095865e-13,0.773758553262483,-6.42716682458277e-13,-9.77298959948497,-2.05850974727246e-14,-0.0429869122185295,1.24938539551573e-13,0,0,0,0,1,0.673086199299627,0.673086199299627,80.0000000000079,-9.32181216807247e-13,9.08428887669288e-12
9.29,-3.51222264957573e-14,0.0790083585617786,-9.00362269746808e-14,-4.64796649850079e-15,2.4090762461493e-15,-1.26826135203277e-14,80.0000000000079,0.237788873409632,0.0790083585618922,7.54886873014324e-14,-1.13520304267911e-13,0.773758553262482,-6.42715232850947e-13,-9.77298959948497,-2.05850974727246e-14,-0.0429869122185295,1.24938539551573e-13,0,0,0,0,1,0.673086199299627,0.673086199299627,80.0000000000079,-9.42038106286959e-13,9.08162434143378e-12
9.3,-3.51787546106599e-14,0.0790083585617787,-9.01634837606015e-14,-4.64887744979339e-15,2.44783454581863e-15,-1.26893475831413e-14,80.0000000000079,0.237788873409633,0.0790083585618922,7.54882025555081e-14,-1.13486997577172e-13,0.773758553262482,-6.42713764677741e-13,-9.77298959948497,-2.05850974727246e-14,-0.0429869122185295,1.24938539551573e-13,0,0,0,0,1,0.673086199299627,0.673086199299627,80.0000000000079,-9.51900504958369e-13,9.07895980617468e-12
9.31,-3.52352971523222e-14,0.0790083585617787,-9.02908081090685e-14,-4.64978536169582e-15,2.48615866084691e-15,-1.26960838759069e-14,80.0000000000079,0.237788873409633,0.0790083585618922,7.54877153532596e-14,-1.1346479311668e-13,0.773758553262482,-6.42712278010021e-13,-9.77298959948498,-2.05850974727246e-14,-0.0429869122185295,1.24938539551573e-13,0,0,0,0,1,0.673086199299627,0.673086199299627,80.0000000000079,-9.617684140475e-13,9.07718344933528e-12
9.32,-3.52918540921751e-14,0.0790083585617787,-9.0418200042424e-14,-4.65069024644775e-15,2.5247398184867e-15,-1.27028223932412e-14,80.000000000008,0.237788873409633,0.0790083585618921,7.54872257039845e-14,-1.13420384195695e-13,0.773758553262483,-6.42710772918866e-13,-9.77298959948499,-2.05850974727246e-14,-0.0429869122185295,1.24938539551573e-13,0,0,0,0,1,0.673086199299627,0.673086199299627,80.0000000000079,-9.71641834778294e-13,9.07363073565648e-12
9.33,-3.53484254017671e-14,0.0790083585617787,-9.05456595829565e-14,-4.65159211623989e-15,2.56425036924351e-15,-1.27095631297824e-14,80.000000000008,0.237788873409633,0.0790083585618921,7.54867336169436e-14,-1.1337597527471e-13,0.773758553262483,-6.42709249475069e-13,-9.77298959948499,-2.05850974727246e-14,-0.0429869122185295,1.24938539551573e-13,0,0,0,0,1,0.673086199299627,0.673086199299627,80.000000000008,-9.8152076837261e-13,9.07007802197768e-12
9.34,-3.54050110527643e-14,0.0790083585617788,-9.06731867529005e-14,-4.65249098321421e-15,2.60481723390956e-15,-1.27163060801909e-14,80.000000000008,0.237788873409633,0.0790083585618921,7.54862391013605e-14,-1.13331566353725e-13,0.773758553262482,-6.42707707749139e-13,-9.772989599485,-2.05850974727246e-14,-0.0429869122185295,1.24938539551573e-13,0,0,0,0,1,0.673086199299627,0.673086199299627,80.000000000008,-9.91405216050244e-13,9.06652530829888e-12
9.35,-3.54616110169496e-14,0.0790083585617788,-9.08007815744375e-14,-4.6533868594641e-15,2.64616345206281e-15,-1.27230512391487e-14,80.000000000008,0.237788873409633,0.0790083585618921,7.54857421664219e-14,-1.13298259662986e-13,0.773758553262482,-6.42706147811303e-13,-9.772989599485,-2.05850974727246e-14,-0.0429869122185295,1.24938539551573e-13,0,0,0,0,1,0.673086199299627,0.673086199299627,80.000000000008,-1.00129517902893e-12,9.06386077303978e-12
9.36,-3.55182252662227e-14,0.0790083585617788,-9.09284440696955e-14,-4.6542797570346e-15,2.68773361701548e-15,-1.27297986013592e-14,80.000000000008,0.237788873409633,0.0790083585618921,7.54852428212774e-14,-1.13253850742001e-13,0.773758553262482,-6.42704569731508e-13,-9.772989599485,-2.05850974727246e-14,-0.0429869122185295,1.24938539551573e-13,0,0,0,0,1,0.673086199299627,0.673086199299627,80.000000000008,-1.01119065852435e-12,9.06030805936098e-12
9.37,-3.5574853772599e-14,0.0790083585617789,-9.10561742607493e-14,-4.65516968792257e-15,2.72982946761314e-15,-1.27365481615478e-14,80.000000000008,0.237788873409633,0.0790083585618921,7.54847410750405e-14,-1.13209441821016e-13,0.773758553262481,-6.42702973579419e-13,-9.772989599485,-2.05850974727246e-14,-0.0429869122185295,1.24938539551573e-13,0,0,0,0,1,0.673086199299627,0.673086199299627,80.000000000008,-1.02109165575015e-12,9.05675534568218e-12
9.38,-3.56314965082096e-14,0.0790083585617789,-9.11839721696213e-14,-4.65605666407687e-15,2.7728737034397e-15,-1.27432999144609e-14,80.000000000008,0.237788873409633,0.0790083585618921,7.54842369367877e-14,-1.13176135130277e-13,0.773758553262481,-6.42701359424422e-13,-9.772989599485,-2.05850974727246e-14,-0.0429869122185295,1.24938539551573e-13,0,0,0,0,1,0.673086199299627,0.673086199299627,80.000000000008,-1.03099817191793e-12,9.05409081042308e-12
9.39,-3.56881534453007e-14,0.0790083585617789,-9.1311837818281e-14,-4.6569406973986e-15,2.81654425363757e-15,-1.27500538548666e-14,80.0000000000081,0.237788873409633,0.079008358561892,7.54837304155594e-14,-1.13142828439538e-13,0.773758553262481,-6.42699727335626e-13,-9.77298959948501,-2.05850974727246e-14,-0.0429869122185295,1.24938539551573e-13,0,0,0,0,1,0.673086199299627,0.673086199299627,80.000000000008,-1.04091020823727e-12,9.05142627516398e-12
9.4,-3.57448245562332e-14,0.0790083585617789,-9.14397712286457e-14,-4.65782179974123e-15,2.86007093275015e-15,-1.27568099775542e-14,80.0000000000081,0.237788873409633,0.079008358561892,7.54832215203598e-14,-1.13098419518553e-13,0.77375855326248,-6.42698077381864e-13,-9.77298959948501,-2.05850974727246e-14,-0.0429869122185295,1.24938539551573e-13,0,0,0,0,1,0.673086199299627,0.673086199299627,80.0000000000081,-1.05082776591574e-12,9.04787356148518e-12
9.41,-3.58015098134819e-14,0.079008358561779,-9.15677724225803e-14,-4.65869998291085e-15,2.90407571576251e-15,-1.27635682773343e-14,80.0000000000081,0.237788873409633,0.079008358561892,7.54827102601568e-14,-1.13065112827815e-13,0.77375855326248,-6.4269640963169e-13,-9.77298959948501,-2.05850974727246e-14,-0.0429869122185295,1.24938539551573e-13,0,0,0,0,1,0.673086199299627,0.673086199299627,80.0000000000081,-1.0607508461589e-12,9.04520902622608e-12
9.42,-3.58582091896357e-14,0.079008358561779,-9.16958414218981e-14,-4.6595752586663e-15,2.94715221760821e-15,-1.27703287490383e-14,80.0000000000081,0.237788873409633,0.079008358561892,7.54821966438827e-14,-1.13031806137076e-13,0.77375855326248,-6.42694724153387e-13,-9.77298959948502,-2.05850974727246e-14,-0.0429869122185295,1.24938539551573e-13,0,0,0,0,1,0.673086199299627,0.673086199299627,80.0000000000081,-1.07067945017029e-12,9.04254449096697e-12
9.43,-3.59149226573966e-14,0.079008358561779,-9.18239782483604e-14,-4.66044763871941e-15,2.99040797001929e-15,-1.27770913875191e-14,80.0000000000081,0.237788873409633,0.079008358561892,7.54816806804338e-14,-1.13009601676583e-13,0.77375855326248,-6.42693021014961e-13,-9.77298959948502,-2.05850974727246e-14,-0.0429869122185295,1.24938539551573e-13,0,0,0,0,1,0.673086199299627,0.673086199299627,80.0000000000081,-1.08061357915149e-12,9.04076813412757e-12
9.44,-3.59716501895793e-14,0.0790083585617791,-9.19521829236771e-14,-4.66131713473516e-15,3.03375750710232e-15,-1.27838561876502e-14,80.0000000000081,0.237788873409633,0.079008358561892,7.54811623786708e-14,-1.12987397216091e-13,0.773758553262479,-6.42691300284148e-13,-9.77298959948502,-2.05850974727246e-14,-0.0429869122185295,1.24938539551573e-13,0,0,0,0,1,0.673086199299627,0.673086199299627,80.0000000000081,-1.09055323430207e-12,9.03899177728817e-12
9.45,-3.60283917591111e-14,0.0790083585617791,-9.20804554695066e-14,-4.66218375833186e-15,3.07696317310006e-15,-1.27906231443263e-14,80.0000000000081,0.237788873409633,0.079008358561892,7.54806417474189e-14,-1.12954090525352e-13,0.773758553262479,-6.42689562028413e-13,-9.77298959948503,-2.05850974727246e-14,-0.0429869122185295,1.24938539551573e-13,0,0,0,0,1,0.673086199299627,0.673086199299627,80.0000000000081,-1.10049841681963e-12,9.03632724202907e-12
9.46,-3.60851473390311e-14,0.0790083585617791,-9.22087959074563e-14,-4.66304752108135e-15,3.11973465445674e-15,-1.27973922524627e-14,80.0000000000082,0.237788873409633,0.079008358561892,7.5480118795468e-14,-1.12920783834613e-13,0.773758553262479,-6.42687806314948e-13,-9.77298959948503,-2.05850974727246e-14,-0.0429869122185295,1.24938539551573e-13,0,0,0,0,1,0.673086199299627,0.673086199299627,80.0000000000081,-1.11044912789981e-12,9.03366270676997e-12
9.47,-3.61419169024897e-14,0.0790083585617791,-9.23372042590829e-14,-4.66390843450921e-15,3.16205724423913e-15,-1.28041635069953e-14,80.0000000000082,0.237788873409633,0.079008358561892,7.54795935315728e-14,-1.12909681604367e-13,0.773758553262479,-6.42686033210678e-13,-9.77298959948503,-2.05850974727246e-14,-0.0429869122185295,1.24938539551573e-13,0,0,0,0,1,0.673086199299627,0.673086199299627,80.0000000000082,-1.1204053687363e-12,9.03277452835027e-12
9.48,-3.61987004227487e-14,0.0790083585617792,-9.24656805458921e-14,-4.66476651009487e-15,3.20383864500886e-15,-1.28109369028809e-14,80.0000000000082,0.237788873409633,0.079008358561892,7.54790659644528e-14,-1.12887477143874e-13,0.773758553262479,-6.42684242782259e-13,-9.77298959948504,-2.05850974727246e-14,-0.0429869122185295,1.24938539551573e-13,0,0,0,0,1,0.673086199299627,0.673086199299627,80.0000000000082,-1.13036714052082e-12,9.03099817151087e-12
9.49,-3.62554978731802e-14,0.0790083585617792,-9.25942247893392e-14,-4.6656217592719e-15,3.24552903403281e-15,-1.28177124350967e-14,80.0000000000082,0.237788873409633,0.079008358561892,7.54785361027927e-14,-1.12854170453136e-13,0.773758553262479,-6.42682435096081e-13,-9.77298959948504,-2.05850974727246e-14,-0.0429869122185295,1.24938539551573e-13,0,0,0,0,1,0.673086199299627,0.673086199299627,80.0000000000082,-1.14033444444315e-12,9.02833363625177e-12
9.5,-3.63123092272664e-14,0.0790083585617792,-9.27228370108293e-14,-4.66647419342809e-15,3.28648150361929e-15,-1.28244900986405e-14,80.0000000000082,0.237788873409633,0.079008358561892,7.54780039552423e-14,-1.12820863762397e-13,0.773758553262478,-6.42680610218266e-13,-9.77298959948504,-2.05850974727246e-14,-0.0429869122185295,1.24938539551573e-13,0,0,0,0,1,0.673086199299627,0.673086199299627,80.0000000000082,-1.15030728169114e-12,9.02566910099267e-12
9.51,-3.63691344585994e-14,0.0790083585617792,-9.28515172317174e-14,-4.66732382390571e-15,3.32896395711281e-15,-1.28312698885303e-14,80.0000000000082,0.237788873409633,0.079008358561892,7.54774695304169e-14,-1.12787557071658e-13,0.773758553262478,-6.42678768214673e-13,-9.77298959948505,-2.05850974727246e-14,-0.0429869122185295,1.24938539551573e-13,0,0,0,0,1,0.673086199299627,0.673086199299627,80.0000000000082,-1.16028565345073e-12,9.02300456573357e-12
9.52,-3.64259735408805e-14,0.0790083585617793,-9.29802654733085e-14,-4.66817066200162e-15,3.37116354989775e-15,-1.28380517998046e-14,80.0000000000082,0.237788873409633,0.079008358561892,7.54769328368971e-14,-1.12754250380919e-13,0.773758553262478,-6.42676909150896e-13,-9.77298959948505,-2.05850974727246e-14,-0.0429869122185295,1.24938539551573e-13,0,0,0,0,1,0.673086199299627,0.673086199299627,80.0000000000082,-1.17026956090591e-12,9.02034003047447e-12
9.53,-3.64828264479198e-14,0.0790083585617793,-9.31090817568581e-14,-4.66901471896754e-15,3.41364600339127e-15,-1.2844835827522e-14,80.0000000000083,0.237788873409633,0.079008358561892,7.54763938832292e-14,-1.12732045920427e-13,0.773758553262478,-6.42675033092267e-13,-9.77298959948505,-2.05850974727246e-14,-0.0429869122185295,1.24938539551573e-13,0,0,0,0,1,0.673086199299627,0.673086199299627,80.0000000000082,-1.18025900523879e-12,9.01856367363507e-12
9.54,-3.65396931536356e-14,0.0790083585617793,-9.32379661035721e-14,-4.66985600601014e-15,3.45539053744731e-15,-1.28516219667613e-14,80.0000000000083,0.237788873409633,0.079008358561892,7.54758526779252e-14,-1.12709841459934e-13,0.773758553262477,-6.42673140103855e-13,-9.77298959948506,-2.05850974727246e-14,-0.0429869122185295,1.24938539551573e-13,0,0,0,0,1,0.673086199299627,0.673086199299627,80.0000000000083,-1.19025398762955e-12,9.01678731679567e-12
9.55,-3.65965736320546e-14,0.0790083585617794,-9.33669185346073e-14,-4.6706945342913e-15,3.49688291035387e-15,-1.28584102126213e-14,80.0000000000083,0.237788873409634,0.079008358561892,7.54753092294632e-14,-1.12665432538949e-13,0.773758553262477,-6.42671230250468e-13,-9.77298959948506,-2.05850974727246e-14,-0.0429869122185295,1.24938539551573e-13,0,0,0,0,1,0.673086199299627,0.673086199299627,80.0000000000083,-1.2002545092565e-12,9.01323460311687e-12
9.56,-3.66534678573105e-14,0.0790083585617794,-9.34959390710712e-14,-4.67153031492821e-15,3.53829714928958e-15,-1.28652005602211e-14,80.0000000000083,0.237788873409634,0.079008358561892,7.5474763546287e-14,-1.12621023617964e-13,0.773758553262477,-6.42669303596658e-13,-9.77298959948506,-2.05850974727246e-14,-0.0429869122185295,1.24938539551573e-13,0,0,0,0,1,0.673086199299627,0.673086199299627,80.0000000000083,-1.21026057129604e-12,9.00968188943807e-12
9.57,-3.67103758036445e-14,0.0790083585617795,-9.36250277340227e-14,-4.67236335899362e-15,3.57939348996135e-15,-1.28719930046992e-14,80.0000000000083,0.237788873409634,0.079008358561892,7.54742156368069e-14,-1.12576614696979e-13,0.773758553262477,-6.42667360206714e-13,-9.77298959948507,-2.05850974727246e-14,-0.0429869122185295,1.24938539551573e-13,0,0,0,0,1,0.673086199299627,0.673086199299627,80.0000000000083,-1.22027217492272e-12,9.00612917575927e-12
9.58,-3.67672974454043e-14,0.0790083585617795,-9.37541845444718e-14,-4.67319367751597e-15,3.62011595817877e-15,-1.28787875412144e-14,80.0000000000083,0.237788873409634,0.079008358561892,7.54736655093992e-14,-1.12521103545748e-13,0.773758553262476,-6.42665400144669e-13,-9.77298959948507,-2.05850974727246e-14,-0.0429869122185295,1.24938539551573e-13,0,0,0,0,1,0.673086199299627,0.673086199299627,80.0000000000083,-1.2302893213092e-12,9.00168828366077e-12
9.59,-3.68242327570438e-14,0.0790083585617795,-9.38834095233802e-14,-4.67402128147959e-15,3.66065023575003e-15,-1.2885584164945e-14,80.0000000000083,0.237788873409634,0.079008358561892,7.54731131724068e-14,-1.12465592394517e-13,0.773758553262476,-6.426634234743e-13,-9.77298959948507,-2.05850974727246e-14,-0.0429869122185295,1.24938539551573e-13,0,0,0,0,1,0.673086199299627,0.673086199299627,80.0000000000083,-1.24031201162627e-12,8.99724739156227e-12
9.6,-3.68811817131228e-14,0.0790083585617796,-9.40127026916612e-14,-4.67484618182487e-15,3.70214260865659e-15,-1.28923828710891e-14,80.0000000000084,0.237788873409634,0.079008358561892,7.54725586341392e-14,-1.12421183473532e-13,0.773758553262476,-6.42661430259127e-13,-9.77298959948508,-2.05850974727246e-14,-0.0429869122185295,1.24938539551573e-13,0,0,0,0,1,0.673086199299627,0.673086199299627,80.0000000000084,-1.2503402470429e-12,8.99369467788347e-12
9.61,-3.69381442883064e-14,0.0790083585617796,-9.41420640701802e-14,-4.67566838944842e-15,3.7428039946617e-15,-1.28991836548642e-14,80.0000000000084,0.237788873409634,0.079008358561892,7.54720019028726e-14,-1.12343467861808e-13,0.773758553262475,-6.42659420562417e-13,-9.77298959948508,-2.05850974727246e-14,-0.0429869122185295,1.24938539551573e-13,0,0,0,0,1,0.673086199299627,0.673086199299627,80.0000000000084,-1.26037402872617e-12,8.98747742894557e-12
9.62,-3.69951204573648e-14,0.0790083585617797,-9.42714936797545e-14,-4.67648791520328e-15,3.78198474650601e-15,-1.29059865115077e-14,80.0000000000084,0.237788873409634,0.079008358561892,7.54714429868497e-14,-1.12287956710577e-13,0.773758553262475,-6.42657394447182e-13,-9.77298959948509,-2.05850974727246e-14,-0.0429869122185295,1.24938539551573e-13,0,0,0,0,1,0.673086199299627,0.673086199299627,80.0000000000084,-1.27041335784134e-12,8.98303653684707e-12
9.63,-3.70521101951726e-14,0.0790083585617797,-9.44009915411539e-14,-4.67730476989906e-15,3.82162612239069e-15,-1.29127914362761e-14,80.0000000000084,0.237788873409634,0.079008358561892,7.54708818942807e-14,-1.12243547789592e-13,0.773758553262475,-6.42655351976183e-13,-9.77298959948509,-2.05850974727246e-14,-0.0429869122185295,1.24938539551573e-13,0,0,0,0,1,0.673086199299627,0.673086199299627,80.0000000000084,-1.28045823555185e-12,8.97948382316827e-12
9.64,-3.71091134767086e-14,0.0790083585617797,-9.45305576751007e-14,-4.67811896430213e-15,3.86083331363432e-15,-1.29195984244453e-14,80.0000000000084,0.237788873409634,0.079008358561892,7.54703186333426e-14,-1.1218803663836e-13,0.773758553262475,-6.42653293211929e-13,-9.77298959948509,-2.05850974727246e-14,-0.0429869122185295,1.24938539551573e-13,0,0,0,0,1,0.673086199299627,0.673086199299627,80.0000000000084,-1.29050866301929e-12,8.97504293106977e-12
9.65,-3.71661302770554e-14,0.0790083585617798,-9.46601921022698e-14,-4.6789305091358e-15,3.90084856197335e-15,-1.29264074713108e-14,80.0000000000084,0.237788873409634,0.079008358561892,7.54697532121795e-14,-1.12154729947622e-13,0.773758553262475,-6.42651218216678e-13,-9.77298959948509,-2.05850974727246e-14,-0.0429869122185295,1.24938539551573e-13,0,0,0,0,1,0.673086199299627,0.673086199299627,80.0000000000084,-1.30056464140346e-12,8.97237839581067e-12
9.66,-3.72231605713988e-14,0.0790083585617798,-9.47898948432892e-14,-4.67973941508046e-15,3.94058560450594e-15,-1.29332185721869e-14,80.0000000000084,0.237788873409634,0.079008358561892,7.54691856389032e-14,-1.12110321026636e-13,0.773758553262474,-6.42649127052437e-13,-9.7729895994851,-2.05850974727246e-14,-0.0429869122185295,1.24938539551573e-13,0,0,0,0,1,0.673086199299627,0.673086199299627,80.0000000000085,-1.31062617186234e-12,8.96882568213186e-12
9.67,-3.72802043350275e-14,0.0790083585617799,-9.49196659187396e-14,-4.68054569277379e-15,3.97970178400379e-15,-1.29400317224073e-14,80.0000000000085,0.237788873409634,0.079008358561892,7.54686159215927e-14,-1.12065912105651e-13,0.773758553262474,-6.42647019780969e-13,-9.7729895994851,-2.05850974727246e-14,-0.0429869122185295,1.24938539551573e-13,0,0,0,0,1,0.673086199299627,0.673086199299627,80.0000000000085,-1.32069325555209e-12,8.96527296845306e-12
9.68,-3.73372615433327e-14,0.0790083585617799,-9.50495053491555e-14,-4.6813493528109e-15,4.01871507056643e-15,-1.29468469173248e-14,80.0000000000085,0.237788873409634,0.079008358561892,7.54680440682947e-14,-1.12021503184666e-13,0.773758553262474,-6.42644896463785e-13,-9.7729895994851,-2.05850974727246e-14,-0.0429869122185295,1.24938539551573e-13,0,0,0,0,1,0.673086199299627,0.673086199299627,80.0000000000085,-1.33076589362711e-12,8.96172025477426e-12
9.69,-3.73943321718076e-14,0.07900835856178,-9.51794131550245e-14,-4.68215040574454e-15,4.0574893628616e-15,-1.2953664152311e-14,80.0000000000085,0.237788873409634,0.079008358561892,7.54674700870238e-14,-1.11988196493928e-13,0.773758553262474,-6.42642757162151e-13,-9.77298959948511,-2.05850974727246e-14,-0.0429869122185295,1.24938539551573e-13,0,0,0,0,1,0.673086199299627,0.673086199299627,80.0000000000085,-1.34084408723999e-12,8.95905571951516e-12
9.7,-3.74514161960472e-14,0.07900835856178,-9.53093893567881e-14,-4.68294886208521e-15,4.09584467226686e-15,-1.29604834227565e-14,80.0000000000085,0.237788873409634,0.079008358561892,7.54668939857623e-14,-1.11943787572943e-13,0.773758553262474,-6.42640601937089e-13,-9.77298959948511,-2.05850974727246e-14,-0.0429869122185295,1.24938539551573e-13,0,0,0,0,1,0.673086199299627,0.673086199299627,80.0000000000085,-1.35092783754156e-12,8.95550300583636e-12
9.71,-3.75085135917476e-14,0.07900835856178,-9.54394339748414e-14,-4.68374473230138e-15,4.13369048185436e-15,-1.29673047240708e-14,80.0000000000085,0.237788873409634,0.079008358561892,7.54663157724605e-14,-1.11899378651958e-13,0.773758553262473,-6.42638430849374e-13,-9.77298959948512,-2.05850974727246e-14,-0.0429869122185295,1.24938539551573e-13,0,0,0,0,1,0.673086199299627,0.673086199299627,80.0000000000085,-1.36101714568086e-12,8.95195029215756e-12
9.72,-3.75656243347058e-14,0.0790083585617801,-9.55695470295337e-14,-4.68453802681963e-15,4.17208369625694e-15,-1.2974128051682e-14,80.0000000000085,0.237788873409634,0.079008358561892,7.5465735455037e-14,-1.11854969730973e-13,0.773758553262473,-6.42636243959539e-13,-9.77298959948512,-2.05850974727246e-14,-0.0429869122185295,1.24938539551573e-13,0,0,0,0,1,0.673086199299627,0.673086199299627,80.0000000000085,-1.37111201280517e-12,8.94839757847876e-12
9.73,-3.76227484008193e-14,0.0790083585617801,-9.56997285411687e-14,-4.68532875602484e-15,4.21027889454213e-15,-1.29809534010371e-14,80.0000000000085,0.237788873409634,0.0790083585618919,7.54651530413784e-14,-1.11799458579741e-13,0.773758553262473,-6.42634041327873e-13,-9.77298959948512,-2.05850974727246e-14,-0.0429869122185295,1.24938539551573e-13,0,0,0,0,1,0.673086199299627,0.673086199299627,80.0000000000086,-1.38121244006003e-12,8.94395668638026e-12
9.74,-3.76798857660857e-14,0.0790083585617802,-9.58299785300042e-14,-4.68611693026033e-15,4.2489546735965e-15,-1.29877807676017e-14,80.0000000000086,0.237788873409634,0.0790083585618919,7.546456853934e-14,-1.11766151889003e-13,0.773758553262473,-6.42631823014426e-13,-9.77298959948512,-2.05850974727246e-14,-0.0429869122185295,1.24938539551573e-13,0,0,0,0,1,0.673086199299627,0.673086199299627,80.0000000000086,-1.39131842858921e-12,8.94129215112116e-12
9.75,-3.77370364066019e-14,0.0790083585617802,-9.59602970162527e-14,-4.68690255982805e-15,4.28781301960816e-15,-1.29946101468597e-14,80.0000000000086,0.237788873409634,0.0790083585618919,7.54639819567453e-14,-1.11721742968018e-13,0.773758553262472,-6.42629589079004e-13,-9.77298959948513,-2.05850974727246e-14,-0.0429869122185295,1.24938539551573e-13,0,0,0,0,1,0.673086199299627,0.673086199299627,80.0000000000086,-1.40142997953474e-12,8.93773943744236e-12
9.76,-3.77942002985645e-14,0.0790083585617802,-9.60906840200817e-14,-4.68768565498873e-15,4.32643544450512e-15,-1.30014415343137e-14,80.0000000000086,0.237788873409634,0.0790083585618919,7.54633933013867e-14,-1.11677334047033e-13,0.773758553262472,-6.42627339581175e-13,-9.77298959948513,-2.05850974727246e-14,-0.0429869122185295,1.24938539551573e-13,0,0,0,0,1,0.673086199299627,0.673086199299627,80.0000000000086,-1.41154709403694e-12,8.93418672376356e-12
9.77,-3.78513774182687e-14,0.0790083585617803,-9.62211395616135e-14,-4.68846622596204e-15,4.36498052630591e-15,-1.30082749254846e-14,80.0000000000086,0.237788873409634,0.0790083585618919,7.54628025810252e-14,-1.11644027356294e-13,0.773758553262472,-6.42625074580269e-13,-9.77298959948513,-2.05850974727246e-14,-0.0429869122185295,1.24938539551573e-13,0,0,0,0,1,0.673086199299627,0.673086199299627,80.0000000000086,-1.42166977323438e-12,8.93152218850446e-12
9.78,-3.79085677421081e-14,0.0790083585617803,-9.63516636609255e-14,-4.68924428292678e-15,4.40265077561322e-15,-1.30151103159117e-14,80.0000000000086,0.237788873409635,0.0790083585618919,7.54622098033907e-14,-1.11599618435309e-13,0.773758553262472,-6.42622794135377e-13,-9.77298959948514,-2.05850974727246e-14,-0.0429869122185295,1.24938539551573e-13,0,0,0,0,1,0.673086199299627,0.673086199299627,80.0000000000086,-1.43179801826391e-12,8.92796947482566e-12
9.79,-3.79657712465745e-14,0.0790083585617804,-9.64822563380506e-14,-4.69001983602102e-15,4.44004719880851e-15,-1.30219477011524e-14,80.0000000000086,0.237788873409635,0.0790083585618919,7.54616149761822e-14,-1.11555209514324e-13,0.773758553262472,-6.42620498305354e-13,-9.77298959948514,-2.05850974727246e-14,-0.0429869122185295,1.24938539551573e-13,0,0,0,0,1,0.673086199299627,0.673086199299627,80.0000000000086,-1.44193183026068e-12,8.92441676114686e-12
9.8,-3.80229879082574e-14,0.0790083585617804,-9.66129176129771e-14,-4.69079289534225e-15,4.47727501141328e-15,-1.30287870767825e-14,80.0000000000086,0.237788873409635,0.0790083585618919,7.54610181070677e-14,-1.11499698363092e-13,0.773758553262471,-6.42618187148817e-13,-9.77298959948515,-2.05850974727246e-14,-0.0429869122185295,1.24938539551573e-13,0,0,0,0,1,0.673086199299627,0.673086199299627,80.0000000000087,-1.45207121035814e-12,8.91997586904836e-12
9.81,-3.80802177038435e-14,0.0790083585617805,-9.67436475056491e-14,-4.69156347094761e-15,4.51598720267163e-15,-1.30356284383957e-14,80.0000000000087,0.237788873409635,0.0790083585618919,7.54604192036846e-14,-1.11444187211861e-13,0.773758553262471,-6.42615860724151e-13,-9.77298959948515,-2.05850974727246e-14,-0.0429869122185295,1.24938539551573e-13,0,0,0,0,1,0.673086199299627,0.673086199299627,80.0000000000087,-1.462216159688e-12,8.91553497694986e-12
9.82,-3.81374606101163e-14,0.0790083585617805,-9.68744460359665e-14,-4.69233157285394e-15,4.55454981019979e-15,-1.30424717816039e-14,80.0000000000087,0.237788873409635,0.0790083585618919,7.54598182736396e-14,-1.11399778290876e-13,0.773758553262471,-6.42613519089505e-13,-9.77298959948515,-2.05850974727246e-14,-0.0429869122185295,1.24938539551573e-13,0,0,0,0,1,0.673086199299627,0.673086199299627,80.0000000000087,-1.47236667938034e-12,8.91198226327106e-12
9.83,-3.81947166039558e-14,0.0790083585617805,-9.70053132237854e-14,-4.69309721103806e-15,4.59355264998894e-15,-1.30493171020367e-14,80.0000000000087,0.237788873409635,0.0790083585618919,7.5459215324509e-14,-1.11344267139645e-13,0.773758553262471,-6.42611162302796e-13,-9.77298959948515,-2.05850974727246e-14,-0.0429869122185295,1.24938539551573e-13,0,0,0,0,1,0.673086199299627,0.673086199299627,80.0000000000087,-1.48252277056351e-12,8.90754137117256e-12
9.84,-3.82519856623384e-14,0.0790083585617806,-9.7136249088918e-14,-4.69386039543684e-15,4.63257110712068e-15,-1.3056164395342e-14,80.0000000000087,0.237788873409635,0.0790083585618919,7.54586103638385e-14,-1.11310960448906e-13,0.77375855326247,-6.42608790421708e-13,-9.77298959948516,-2.05850974727246e-14,-0.0429869122185295,1.24938539551573e-13,0,0,0,0,1,0.673086199299627,0.673086199299627,80.0000000000087,-1.49268443436419e-12,8.90487683591346e-12
9.85,-3.8309267762336e-14,0.0790083585617806,-9.7267253651133e-14,-4.6946211359474e-15,4.67162746924974e-15,-1.30630136571852e-14,80.0000000000087,0.237788873409635,0.0790083585618919,7.54580033991439e-14,-1.11266551527921e-13,0.77375855326247,-6.42606403503694e-13,-9.77298959948516,-2.05850974727246e-14,-0.0429869122185295,1.24938539551573e-13,0,0,0,0,1,0.673086199299627,0.673086199299627,80.0000000000087,-1.50285167190743e-12,8.90132412223466e-12
9.86,-3.83665628811158e-14,0.0790083585617807,-9.73983269301558e-14,-4.69537944242726e-15,4.71033266217061e-15,-1.30698648832495e-14,80.0000000000087,0.237788873409635,0.0790083585618919,7.54573944379104e-14,-1.11222142606936e-13,0.77375855326247,-6.42604001605977e-13,-9.77298959948516,-2.05850974727246e-14,-0.0429869122185295,1.24938539551573e-13,0,0,0,0,1,0.673086199299627,0.673086199299627,80.0000000000087,-1.51302448431655e-12,8.89777140855585e-12
9.87,-3.842387099594e-14,0.0790083585617807,-9.75294689456685e-14,-4.69613532469452e-15,4.74869938296629e-15,-1.30767180692358e-14,80.0000000000087,0.237788873409635,0.0790083585618919,7.54567834875936e-14,-1.11166631455705e-13,0.773758553262469,-6.4260158478555e-13,-9.77298959948516,-2.05850974727246e-14,-0.0429869122185295,1.24938539551573e-13,0,0,0,0,1,0.673086199299627,0.673086199299627,80.0000000000088,-1.52320287271327e-12,8.89333051645735e-12
9.88,-3.84811920841656e-14,0.0790083585617807,-9.76606797173101e-14,-4.69688879252798e-15,4.78930196903717e-15,-1.30835732108628e-14,80.0000000000088,0.237788873409635,0.0790083585618919,7.54561705556191e-14,-1.1112222253472e-13,0.773758553262469,-6.42599153099179e-13,-9.77298959948517,-2.05850974727246e-14,-0.0429869122185295,1.24938539551573e-13,0,0,0,0,1,0.673086199299627,0.673086199299627,80.0000000000088,-1.53338683821765e-12,8.88977780277855e-12
9.89,-3.85385261232436e-14,0.0790083585617808,-9.77919592646768e-14,-4.69763985566731e-15,4.82940255678528e-15,-1.30904303038664e-14,80.0000000000088,0.237788873409635,0.0790083585618919,7.54555556493826e-14,-1.11066711383488e-13,0.773758553262469,-6.42596706603401e-13,-9.77298959948517,-2.05850974727246e-14,-0.0429869122185295,1.24938539551573e-13,0,0,0,0,1,0.673086199299627,0.673086199299627,80.0000000000088,-1.54357638194808e-12,8.88533691068005e-12
9.9,-3.85958730907188e-14,0.0790083585617808,-9.79233076073222e-14,-4.69838852381322e-15,4.86969341174683e-15,-1.30972893440001e-14,80.0000000000088,0.237788873409635,0.0790083585618919,7.54549387762503e-14,-1.1103340469275e-13,0.773758553262469,-6.42594245354527e-13,-9.77298959948518,-2.05850974727246e-14,-0.0429869122185295,1.24938539551573e-13,0,0,0,0,1,0.673086199299627,0.673086199299627,80.0000000000088,-1.55377150502134e-12,8.88267237542095e-12
9.91,-3.86532329642295e-14,0.0790083585617809,-9.80547247647572e-14,-4.69913480662761e-15,4.91057678195901e-15,-1.31041503270351e-14,80.0000000000088,0.237788873409635,0.0790083585618919,7.54543199435586e-14,-1.10955689081026e-13,0.773758553262468,-6.42591769408642e-13,-9.77298959948518,-2.05850974727246e-14,-0.0429869122185295,1.24938539551573e-13,0,0,0,0,1,0.673086199299627,0.673086199299627,80.0000000000088,-1.56397220855259e-12,8.87645512648305e-12
9.92,-3.87106057215073e-14,0.0790083585617809,-9.81862107564505e-14,-4.69987871373372e-15,4.95194023812247e-15,-1.31110132487594e-14,80.0000000000088,0.237788873409635,0.0790083585618919,7.54536991586149e-14,-1.10900177929795e-13,0.773758553262468,-6.42589278821606e-13,-9.77298959948518,-2.05850974727246e-14,-0.0429869122185295,1.24938539551573e-13,0,0,0,0,1,0.673086199299627,0.673086199299627,80.0000000000088,-1.57417849365534e-12,8.87201423438455e-12
9.93,-3.87679913403762e-14,0.079008358561781,-9.83177656018287e-14,-4.70062025471628e-15,4.99300357610801e-15,-1.31178781049787e-14,80.0000000000088,0.237788873409635,0.0790083585618919,7.5453076428697e-14,-1.10844666778563e-13,0.773758553262468,-6.42586773649055e-13,-9.77298959948519,-2.05850974727246e-14,-0.0429869122185295,1.24938539551573e-13,0,0,0,0,1,0.673086199299627,0.673086199299627,80.0000000000088,-1.58439036144151e-12,8.86757334228605e-12
9.94,-3.88253897987528e-14,0.0790083585617811,-9.84493893202762e-14,-4.70135943912169e-15,5.03289387180693e-15,-1.31247448915157e-14,80.0000000000088,0.237788873409635,0.0790083585618918,7.54524517610535e-14,-1.1076695116684e-13,0.773758553262468,-6.42584253946403e-13,-9.77298959948519,-2.05850974727246e-14,-0.0429869122185295,1.24938539551573e-13,0,0,0,0,1,0.673086199299627,0.673086199299627,80.0000000000088,-1.59460781302141e-12,8.86135609334815e-12
9.95,-3.88828010746453e-14,0.0790083585617811,-9.85810819311358e-14,-4.70209627645812e-15,5.074364332342e-15,-1.31316136042102e-14,80.0000000000089,0.237788873409635,0.0790083585618918,7.54518251629041e-14,-1.10711440015608e-13,0.773758553262468,-6.4258171976884e-13,-9.77298959948519,-2.05850974727246e-14,-0.0429869122185295,1.24938539551573e-13,0,0,0,0,1,0.673086199299627,0.673086199299627,80.0000000000089,-1.60483084950373e-12,8.85691520124965e-12
9.96,-3.8940225146154e-14,0.0790083585617812,-9.87128434537084e-14,-4.70283077619573e-15,5.11495196407068e-15,-1.31384842389191e-14,80.0000000000089,0.237788873409635,0.0790083585618918,7.54511966414394e-14,-1.10667031094623e-13,0.773758553262467,-6.42579171171337e-13,-9.77298959948519,-2.05850974727246e-14,-0.0429869122185295,1.24938539551573e-13,0,0,0,0,1,0.673086199299627,0.673086199299627,80.0000000000089,-1.61505947199558e-12,8.85336248757085e-12
9.97,-3.89976619914701e-14,0.0790083585617812,-9.88446739072538e-14,-4.70356294776677e-15,5.15535653402417e-15,-1.31453567915164e-14,80.0000000000089,0.237788873409635,0.0790083585618918,7.54505662038213e-14,-1.10611519943392e-13,0.773758553262467,-6.42576608208644e-13,-9.7729895994852,-2.05850974727246e-14,-0.0429869122185295,1.24938539551573e-13,0,0,0,0,1,0.673086199299627,0.673086199299627,80.0000000000089,-1.6252936816025e-12,8.84892159547235e-12
9.98,-3.90551115888758e-14,0.0790083585617813,-9.89765733109901e-14,-4.70429280056575e-15,5.19583934497372e-15,-1.31522312578929e-14,80.0000000000089,0.237788873409635,0.0790083585618918,7.5449933857183e-14,-1.10533804331668e-13,0.773758553262467,-6.4257403093529e-13,-9.7729895994852,-2.05850974727246e-14,-0.0429869122185295,1.24938539551573e-13,0,0,0,0,1,0.673086199299627,0.673086199299627,80.0000000000089,-1.63553347942841e-12,8.84270434653445e-12
9.99,-3.91125739167437e-14,0.0790083585617813,-9.91085416840945e-14,-4.70502034394961e-15,5.23659355103386e-15,-1.31591076339563e-14,80.0000000000089,0.237788873409635,0.0790083585618918,7.54492996086287e-14,-1.10478293180437e-13,0.773758553262467,-6.42571439405586e-13,-9.77298959948521,-2.05850974727246e-14,-0.0429869122185295,1.24938539551573e-13,0,0,0,0,1,0.673086199299627,0.673086199299627,80.0000000000089,-1.6457788665757e-12,8.83826345443595e-12
10,-3.91700489535366e-14,0.0790083585617814,-9.92405790457032e-14,-4.70574558723782e-15,5.27649383899656e-15,-1.3165985915631e-14,80.0000000000089,0.237788873409635,0.0790083585618918,7.54486634652347e-14,-1.10411679798959e-13,0.773758553262466,-6.42568833673627e-13,-9.77298959948521,-2.05850974727246e-14,-0.0429869122185295,1.24938539551573e-13,0,0,0,0,1,0.673086199299627,0.673086199299627,80.0000000000089,-1.65602984414515e-12,8.83293438391775e-12
10.01,-3.92275366778072e-14,0.0790083585617814,-9.93726854149116e-14,-4.70646853971259e-15,5.31610453617123e-15,-1.31728660988582e-14,80.0000000000089,0.237788873409635,0.0790083585618918,7.54480254340485e-14,-1.10367270877974e-13,0.773758553262466,-6.42566213793289e-13,-9.77298959948521,-2.05850974727246e-14,-0.0429869122185295,1.24938539551573e-13,0,0,0,0,1,0.673086199299627,0.673086199299627,80.000000000009,-1.66628641323601e-12,8.82938167023894e-12
10.02,-3.92850370681976e-14,0.0790083585617815,-9.95048608107743e-14,-4.70718921061897e-15,5.35595296276985e-15,-1.31797481795958e-14,80.000000000009,0.237788873409636,0.0790083585618918,7.54473855220895e-14,-1.10300657496497e-13,0.773758553262466,-6.42563579818233e-13,-9.77298959948521,-2.05850974727246e-14,-0.0429869122185295,1.24938539551573e-13,0,0,0,0,1,0.673086199299627,0.673086199299627,80.000000000009,-1.67654857494597e-12,8.82405259972074e-12
10.03,-3.93425501034387e-14,0.0790083585617816,-9.96371052523058e-14,-4.70790760916503e-15,5.39535715269631e-15,-1.31866321538182e-14,80.000000000009,0.237788873409636,0.0790083585618918,7.5446743736349e-14,-1.10245146345266e-13,0.773758553262466,-6.42560931801904e-13,-9.77298959948522,-2.05850974727246e-14,-0.0429869122185295,1.24938539551573e-13,0,0,0,0,1,0.673086199299627,0.673086199299627,80.000000000009,-1.68681633037116e-12,8.81961170762224e-12
10.04,-3.94000757623505e-14,0.0790083585617816,-9.97694187584798e-14,-4.70862374452199e-15,5.43381946647319e-15,-1.31935180175164e-14,80.000000000009,0.237788873409636,0.0790083585618918,7.544610008379e-14,-1.10189635194034e-13,0.773758553262466,-6.42558269797534e-13,-9.77298959948522,-2.05850974727246e-14,-0.0429869122185295,1.24938539551573e-13,0,0,0,0,1,0.673086199299627,0.673086199299627,80.000000000009,-1.69708968060618e-12,8.81517081552374e-12
10.05,-3.94576140238411e-14,0.0790083585617817,-9.99018013482304e-14,-4.70933762582438e-15,5.47202191050481e-15,-1.32004057666978e-14,80.000000000009,0.237788873409636,0.0790083585618918,7.54454545713478e-14,-1.10123021812557e-13,0.773758553262465,-6.42555593858141e-13,-9.77298959948522,-2.05850974727246e-14,-0.0429869122185295,1.24938539551573e-13,0,0,0,0,1,0.673086199299627,0.673086199299627,80.000000000009,-1.7073686267441e-12,8.80984174500554e-12
10.06,-3.95151648669068e-14,0.0790083585617817,-1.00034253040451e-13,-4.71004926217018e-15,5.51106718231912e-15,-1.32072953973862e-14,80.000000000009,0.237788873409636,0.0790083585618918,7.544480720593e-14,-1.10067510661326e-13,0.773758553262465,-6.4255290403653e-13,-9.77298959948523,-2.05850974727246e-14,-0.0429869122185295,1.24938539551573e-13,0,0,0,0,1,0.673086199299627,0.673086199299627,80.000000000009,-1.71765316987645e-12,8.80540085290704e-12
10.07,-3.95727282706313e-14,0.0790083585617818,-1.00166773853997e-13,-4.71075866262094e-15,5.54972949426488e-15,-1.32141869056218e-14,80.000000000009,0.237788873409636,0.0790083585618918,7.54441579944161e-14,-1.10000897279848e-13,0.773758553262465,-6.42550200385295e-13,-9.77298959948523,-2.05850974727246e-14,-0.0429869122185295,1.24938539551573e-13,0,0,0,0,1,0.673086199299627,0.673086199299627,80.000000000009,-1.72794331109324e-12,8.80007178238884e-12
10.08,-3.96303042141859e-14,0.0790083585617818,-1.00299363807681e-13,-4.711465836202e-15,5.58931154203892e-15,-1.32210802874609e-14,80.000000000009,0.237788873409636,0.0790083585618918,7.54435069436583e-14,-1.09934283898371e-13,0.773758553262465,-6.42547482956819e-13,-9.77298959948523,-2.05850974727246e-14,-0.0429869122185295,1.24938539551573e-13,0,0,0,0,1,0.673086199299627,0.673086199299627,80.0000000000091,-1.73823905148298e-12,8.79474271187064e-12
10.09,-3.96878926768287e-14,0.0790083585617819,-1.00432022920279e-13,-4.71217079190255e-15,5.6297800407976e-15,-1.32279755389761e-14,80.0000000000091,0.237788873409636,0.0790083585618918,7.54428540604814e-14,-1.09867670516893e-13,0.773758553262465,-6.42544751803275e-13,-9.77298959948524,-2.05850974727246e-14,-0.0429869122185295,1.24938539551573e-13,0,0,0,0,1,0.673086199299627,0.673086199299627,80.0000000000091,-1.74854039213265e-12,8.78941364135244e-12
10.1,-3.97454936379043e-14,0.0790083585617819,-1.00564751210527e-13,-4.71287353867583e-15,5.67160862857014e-15,-1.32348726562563e-14,80.0000000000091,0.237788873409636,0.0790083585618918,7.54421993516824e-14,-1.09801057135416e-13,0.773758553262464,-6.42542006976625e-13,-9.77298959948524,-2.05850974727246e-14,-0.0429869122185295,1.24938539551573e-13,0,0,0,0,1,0.673086199299627,0.673086199299627,80.0000000000091,-1.75884733412775e-12,8.78408457083424e-12
10.11,-3.98031070768438e-14,0.079008358561782,-1.0069754869712e-13,-4.71357408543923e-15,5.71304814213719e-15,-1.32417716354061e-14,80.0000000000091,0.237788873409636,0.0790083585618918,7.54415428240316e-14,-1.09745545984184e-13,0.773758553262464,-6.42539248528626e-13,-9.77298959948524,-2.05850974727246e-14,-0.0429869122185295,1.24938539551573e-13,0,0,0,0,1,0.673086199299627,0.673086199299627,80.0000000000091,-1.76915987855226e-12,8.77964367873574e-12
10.12,-3.98607329731641e-14,0.0790083585617821,-1.00830415398717e-13,-4.71427244107449e-15,5.75421431885036e-15,-1.32486724725465e-14,80.0000000000091,0.237788873409636,0.0790083585618917,7.54408844842716e-14,-1.09678932602707e-13,0.773758553262464,-6.42536476510825e-13,-9.77298959948525,-2.05850974727246e-14,-0.0429869122185295,1.24938539551573e-13,0,0,0,0,1,0.673086199299627,0.673086199299627,80.0000000000091,-1.77947802648869e-12,8.77431460821754e-12
10.13,-3.99183713064676e-14,0.0790083585617821,-1.00963351333936e-13,-4.71496861442779e-15,5.7961455313001e-15,-1.32555751638141e-14,80.0000000000091,0.237788873409636,0.0790083585618917,7.54402243391184e-14,-1.09623421451475e-13,0.773758553262464,-6.42533690974562e-13,-9.77298959948525,-2.05850974727246e-14,-0.0429869122185295,1.24938539551573e-13,0,0,0,0,1,0.673086199299627,0.673086199299627,80.0000000000091,-1.78980177901807e-12,8.76987371611904e-12
10.14,-3.99760220564421e-14,0.0790083585617822,-1.01096356521358e-13,-4.71566261430992e-15,5.83715284227758e-15,-1.32624797053615e-14,80.0000000000091,0.237788873409636,0.0790083585618917,7.54395623952608e-14,-1.09545705839752e-13,0.773758553262463,-6.42530891970975e-13,-9.77298959948525,-2.05850974727246e-14,-0.0429869122185295,1.24938539551573e-13,0,0,0,0,1,0.673086199299627,0.673086199299627,80.0000000000091,-1.80013113721992e-12,8.76365646718114e-12
10.15,-4.00336852028601e-14,0.0790083585617822,-1.01229430979522e-13,-4.71635444949643e-15,5.87837237314817e-15,-1.32693860933573e-14,80.0000000000091,0.237788873409636,0.0790083585618917,7.54388986593608e-14,-1.09479092458274e-13,0.773758553262463,-6.42528079550991e-13,-9.77298959948525,-2.05850974727246e-14,-0.0429869122185295,1.24938539551573e-13,0,0,0,0,1,0.673086199299627,0.673086199299627,80.0000000000092,-1.81046610217233e-12,8.75832739666293e-12
10.16,-4.00913607255789e-14,0.0790083585617823,-1.01362574726934e-13,-4.71704412872771e-15,5.92048998878389e-15,-1.32762943239856e-14,80.0000000000092,0.237788873409636,0.0790083585618917,7.54382331380537e-14,-1.09423581307043e-13,0.773758553262463,-6.42525253765337e-13,-9.77298959948526,-2.05850974727246e-14,-0.0429869122185295,1.24938539551573e-13,0,0,0,0,1,0.673086199299627,0.673086199299627,80.0000000000092,-1.8208066749519e-12,8.75388650456443e-12
10.17,-4.01490486045397e-14,0.0790083585617823,-1.01495787782057e-13,-4.71773166070923e-15,5.96264550941692e-15,-1.32832043934463e-14,80.0000000000092,0.237788873409636,0.0790083585618917,7.54375658379483e-14,-1.09368070155812e-13,0.773758553262462,-6.42522414664537e-13,-9.77298959948526,-2.05850974727246e-14,-0.0429869122185295,1.24938539551573e-13,0,0,0,0,1,0.673086199299627,0.673086199299627,80.0000000000092,-1.83115285663378e-12,8.74944561246593e-12
10.18,-4.02067488197679e-14,0.0790083585617824,-1.01629070163318e-13,-4.71841705411159e-15,6.00415206664006e-15,-1.32901162979549e-14,80.0000000000092,0.237788873409636,0.0790083585618917,7.54368967656267e-14,-1.09301456774334e-13,0.773758553262462,-6.42519562298908e-13,-9.77298959948526,-2.05850974727246e-14,-0.0429869122185295,1.24938539551573e-13,0,0,0,0,1,0.673086199299627,0.673086199299627,80.0000000000092,-1.84150464829168e-12,8.74411654194773e-12
10.19,-4.02644613513722e-14,0.0790083585617824,-1.01762421889107e-13,-4.71910031757071e-15,6.04515068494572e-15,-1.32970300337425e-14,80.0000000000092,0.237788873409636,0.0790083585618917,7.54362259276446e-14,-1.09257047853349e-13,0.773758553262462,-6.42516696718571e-13,-9.77298959948527,-2.05850974727246e-14,-0.0429869122185295,1.24938539551573e-13,0,0,0,0,1,0.673086199299627,0.673086199299627,80.0000000000092,-1.85186205099783e-12,8.74056382826893e-12
10.2,-4.03221861795446e-14,0.0790083585617825,-1.01895842977775e-13,-4.71978145968795e-15,6.08592034016596e-15,-1.33039455970556e-14,80.0000000000092,0.237788873409636,0.0790083585618917,7.54355533305316e-14,-1.09201536702118e-13,0.773758553262462,-6.42513817973442e-13,-9.77298959948527,-2.05850974727246e-14,-0.0429869122185295,1.24938539551573e-13,0,0,0,0,1,0.673086199299627,0.673086199299627,80.0000000000092,-1.86222506582306e-12,8.73612293617043e-12
10.21,-4.037992328456e-14,0.0790083585617826,-1.02029333447635e-13,-4.72046048903026e-15,6.12688776409464e-15,-1.33108629841563e-14,80.0000000000092,0.237788873409636,0.0790083585618917,7.54348789807909e-14,-1.09146025550887e-13,0.773758553262462,-6.42510926113238e-13,-9.77298959948527,-2.05850974727246e-14,-0.0429869122185295,1.24938539551573e-13,0,0,0,0,1,0.673086199299627,0.673086199299627,80.0000000000092,-1.87259369383675e-12,8.73168204407193e-12
10.22,-4.04376726467759e-14,0.0790083585617826,-1.02162893316963e-13,-4.72113741413029e-15,6.16748322395375e-15,-1.3317782191322e-14,80.0000000000092,0.237788873409636,0.0790083585618917,7.54342028848998e-14,-1.09068309939163e-13,0.773758553262461,-6.42508021187476e-13,-9.77298959948528,-2.05850974727246e-14,-0.0429869122185295,1.24938539551573e-13,0,0,0,0,1,0.673086199299627,0.673086199299627,80.0000000000092,-1.88296793610684e-12,8.72546479513403e-12
10.23,-4.04954342466318e-14,0.0790083585617827,-1.02296522603999e-13,-4.72181224348656e-15,6.20916769323205e-15,-1.33247032148455e-14,80.0000000000093,0.237788873409636,0.0790083585618917,7.54335250493094e-14,-1.09012798787932e-13,0.773758553262461,-6.42505103245476e-13,-9.77298959948528,-2.05850974727246e-14,-0.0429869122185295,1.24938539551573e-13,0,0,0,0,1,0.673086199299627,0.673086199299627,80.0000000000093,-1.89334779369986e-12,8.72102390303553e-12
10.24,-4.05532080646492e-14,0.0790083585617827,-1.02430221326945e-13,-4.72248498556359e-15,6.25015522122296e-15,-1.33316260510346e-14,80.0000000000093,0.237788873409636,0.0790083585618917,7.5432845480445e-14,-1.08968389866946e-13,0.773758553262461,-6.4250217233636e-13,-9.77298959948529,-2.05850974727246e-14,-0.0429869122185295,1.24938539551573e-13,0,0,0,0,1,0.673086199299627,0.673086199299627,80.0000000000093,-1.90373326768093e-12,8.71747118935673e-12
10.25,-4.06109940814313e-14,0.0790083585617828,-1.02563989503965e-13,-4.72315564879202e-15,6.2907114111657e-15,-1.33385506962126e-14,80.0000000000093,0.237788873409636,0.0790083585618917,7.54321641847063e-14,-1.08890674255223e-13,0.773758553262461,-6.4249922850905e-13,-9.77298959948529,-2.05850974727246e-14,-0.0429869122185295,1.24938539551573e-13,0,0,0,0,1,0.673086199299627,0.673086199299627,80.0000000000093,-1.91412435911376e-12,8.71125394041883e-12
10.26,-4.06687922776624e-14,0.0790083585617829,-1.02697827153188e-13,-4.72382424156875e-15,6.33029996801907e-15,-1.33454771467177e-14,80.0000000000093,0.237788873409637,0.0790083585618917,7.54314811684669e-14,-1.08812958643499e-13,0.77375855326246,-6.42496271812276e-13,-9.77298959948529,-2.05850974727246e-14,-0.0429869122185295,1.24938539551573e-13,0,0,0,0,1,0.673086199299627,0.673086199299627,80.0000000000093,-1.92452106906063e-12,8.70503669148093e-12
10.27,-4.07266026341076e-14,0.0790083585617829,-1.02831734292705e-13,-4.72449077225709e-15,6.37089891106263e-15,-1.33524053989034e-14,80.0000000000093,0.237788873409637,0.0790083585618917,7.54307964380754e-14,-1.08724140801529e-13,0.77375855326246,-6.4249330229457e-13,-9.7729895994853,-2.05850974727246e-14,-0.0429869122185295,1.24938539551573e-13,0,0,0,0,1,0.673086199299627,0.673086199299627,80.0000000000093,-1.93492339858247e-12,8.69793126412333e-12
10.28,-4.07844251316128e-14,0.079008358561783,-1.02965710940571e-13,-4.72515524918688e-15,6.41173741824821e-15,-1.33593354491381e-14,80.0000000000093,0.237788873409637,0.0790083585618917,7.54301099998544e-14,-1.08646425189805e-13,0.77375855326246,-6.4249032000427e-13,-9.7729895994853,-2.05850974727246e-14,-0.0429869122185295,1.24938539551573e-13,0,0,0,0,1,0.673086199299627,0.673086199299627,80.0000000000093,-1.94533134873878e-12,8.69171401518543e-12
10.29,-4.0842259751104e-14,0.0790083585617831,-1.03099757114804e-13,-4.72581768065463e-15,6.45379734590005e-15,-1.33662672938051e-14,80.0000000000093,0.237788873409637,0.0790083585618917,7.54294218601014e-14,-1.08568709578081e-13,0.77375855326246,-6.4248732498952e-13,-9.7729895994853,-2.05850974727246e-14,-0.0429869122185295,1.24938539551573e-13,0,0,0,0,1,0.673086199299627,0.673086199299627,80.0000000000093,-1.95574492058768e-12,8.68549676624752e-12
10.3,-4.09001064735872e-14,0.0790083585617831,-1.03233872833388e-13,-4.72647807492365e-15,6.49555683429829e-15,-1.33732009293027e-14,80.0000000000094,0.237788873409637,0.0790083585618917,7.54287320250886e-14,-1.08502096196604e-13,0.773758553262459,-6.42484317298273e-13,-9.7729895994853,-2.05850974727246e-14,-0.0429869122185295,1.24938539551573e-13,0,0,0,0,1,0.673086199299627,0.673086199299627,80.0000000000094,-1.96616411518593e-12,8.68016769572932e-12
10.31,-4.09579652801482e-14,0.0790083585617832,-1.03368058114268e-13,-4.72713644022418e-15,6.53694039452399e-15,-1.3380136352044e-14,80.0000000000094,0.237788873409637,0.0790083585618917,7.54280405010631e-14,-1.08435482815126e-13,0.773758553262459,-6.42481296978285e-13,-9.77298959948531,-2.05850974727246e-14,-0.0429869122185295,1.24938539551573e-13,0,0,0,0,1,0.673086199299627,0.673086199299627,80.0000000000094,-1.9765889335889e-12,8.67483862521112e-12
10.32,-4.10158361519517e-14,0.0790083585617833,-1.03502312975354e-13,-4.72779278475352e-15,6.577589376723e-15,-1.33870735584568e-14,80.0000000000094,0.237788873409637,0.0790083585618917,7.54273472942467e-14,-1.08368869433649e-13,0.773758553262459,-6.42478264077126e-13,-9.77298959948531,-2.05850974727246e-14,-0.0429869122185295,1.24938539551573e-13,0,0,0,0,1,0.673086199299627,0.673086199299627,80.0000000000094,-1.98701937685058e-12,8.66950955469292e-12
10.33,-4.10737190702418e-14,0.0790083585617833,-1.03636637434522e-13,-4.7284471166762e-15,6.61918204338084e-15,-1.33940125449838e-14,80.0000000000094,0.237788873409637,0.0790083585618917,7.54266524108364e-14,-1.08291153821925e-13,0.773758553262459,-6.42475218642171e-13,-9.77298959948531,-2.05850974727246e-14,-0.0429869122185295,1.24938539551573e-13,0,0,0,0,1,0.673086199299627,0.673086199299627,80.0000000000094,-1.99745544602364e-12,8.66329230575502e-12
10.34,-4.11316140163409e-14,0.0790083585617834,-1.03771031509611e-13,-4.72909944412403e-15,6.66045267948927e-15,-1.34009533080822e-14,80.0000000000094,0.237788873409637,0.0790083585618917,7.54259558570045e-14,-1.08224540440448e-13,0.773758553262459,-6.42472160720606e-13,-9.77298959948532,-2.05850974727246e-14,-0.0429869122185295,1.24938539551573e-13,0,0,0,0,1,0.673086199299627,0.673086199299627,80.0000000000094,-2.00789714215935e-12,8.65796323523682e-12
10.35,-4.11895209716501e-14,0.0790083585617835,-1.03905495218423e-13,-4.72974977519632e-15,6.70176223802959e-15,-1.34078958442238e-14,80.0000000000094,0.237788873409637,0.0790083585618917,7.54252576388982e-14,-1.0815792705897e-13,0.773758553262459,-6.4246909035943e-13,-9.77298959948532,-2.05850974727246e-14,-0.0429869122185295,1.24938539551573e-13,0,0,0,0,1,0.673086199299627,0.673086199299627,80.0000000000094,-2.01834446630764e-12,8.65263416471862e-12
10.36,-4.12474399176484e-14,0.0790083585617836,-1.04040028578728e-13,-4.73039811795996e-15,6.74292792548461e-15,-1.34148401498952e-14,80.0000000000094,0.237788873409637,0.0790083585618917,7.54245577626402e-14,-1.08091313677492e-13,0.773758553262458,-6.4246600760545e-13,-9.77298959948532,-2.05850974727246e-14,-0.0429869122185295,1.24938539551573e-13,0,0,0,0,1,0.673086199299627,0.673086199299627,80.0000000000095,-2.02879741951712e-12,8.64730509420042e-12
10.37,-4.13053708358924e-14,0.0790083585617836,-1.04174631608259e-13,-4.73104448044955e-15,6.78412455990766e-15,-1.34217862215971e-14,80.0000000000095,0.237788873409637,0.0790083585618917,7.54238562343286e-14,-1.08035802526261e-13,0.773758553262458,-6.42462912505289e-13,-9.77298959948533,-2.05850974727246e-14,-0.0429869122185295,1.24938539551573e-13,0,0,0,0,1,0.673086199299627,0.673086199299627,80.0000000000095,-2.03925600283503e-12,8.64286420210192e-12
10.38,-4.13633137080164e-14,0.0790083585617837,-1.04309304324713e-13,-4.73168887066754e-15,6.82509223124529e-15,-1.34287340558448e-14,80.0000000000095,0.237788873409637,0.0790083585618917,7.5423153060037e-14,-1.07969189144784e-13,0.773758553262458,-6.42459805105379e-13,-9.77298959948533,-2.05850974727246e-14,-0.0429869122185295,1.24938539551573e-13,0,0,0,0,1,0.673086199299627,0.673086199299627,80.0000000000095,-2.04972021730729e-12,8.63753513158372e-12
10.39,-4.14212685157314e-14,0.0790083585617838,-1.04444046745754e-13,-4.73233129658436e-15,6.86566362293919e-15,-1.34356836491682e-14,80.0000000000095,0.237788873409637,0.0790083585618917,7.54224482458148e-14,-1.07902575763306e-13,0.773758553262458,-6.4245668545197e-13,-9.77298959948534,-2.05850974727246e-14,-0.0429869122185295,1.24938539551573e-13,0,0,0,0,1,0.673086199299627,0.673086199299627,80.0000000000095,-2.06019006397849e-12,8.63220606106552e-12
10.4,-4.14792352408257e-14,0.0790083585617838,-1.0457885888901e-13,-4.73297176613856e-15,6.90603699851569e-15,-1.34426349981111e-14,80.0000000000095,0.237788873409637,0.0790083585618917,7.5421741797687e-14,-1.07824860151582e-13,0.773758553262457,-6.42453553591123e-13,-9.77298959948534,-2.05850974727246e-14,-0.0429869122185295,1.24938539551573e-13,0,0,0,0,1,0.673086199299627,0.673086199299627,80.0000000000095,-2.0706655438919e-12,8.62598881212762e-12
10.41,-4.15372138651638e-14,0.0790083585617839,-1.04713740772075e-13,-4.7336102872369e-15,6.94557188569573e-15,-1.34495880992319e-14,80.0000000000095,0.237788873409637,0.0790083585618917,7.54210337216543e-14,-1.07758246770105e-13,0.773758553262457,-6.42450409568716e-13,-9.77298959948534,-2.05850974727246e-14,-0.0429869122185295,1.24938539551573e-13,0,0,0,0,1,0.673086199299627,0.673086199299627,80.0000000000095,-2.08114665808947e-12,8.62065974160942e-12
10.42,-4.15952043706863e-14,0.079008358561784,-1.04848692412509e-13,-4.73424686775451e-15,6.98581634452914e-15,-1.3456542949103e-14,80.0000000000095,0.237788873409637,0.0790083585618917,7.54203240236934e-14,-1.07691633388627e-13,0.773758553262457,-6.42447253430442e-13,-9.77298959948534,-2.05850974727246e-14,-0.0429869122185295,1.24938539551573e-13,0,0,0,0,1,0.673086199299627,0.673086199299627,80.0000000000095,-2.09163340761185e-12,8.61533067109121e-12
10.43,-4.165320673941e-14,0.079008358561784,-1.04983713827837e-13,-4.73488151553501e-15,7.0255181271163e-15,-1.3463499544311e-14,80.0000000000095,0.237788873409637,0.0790083585618917,7.54196127097572e-14,-1.0762502000715e-13,0.773758553262457,-6.42444085221813e-13,-9.77298959948535,-2.05850974727246e-14,-0.0429869122185295,1.24938539551573e-13,0,0,0,0,1,0.673086199299627,0.673086199299627,80.0000000000095,-2.10212579349838e-12,8.61000160057301e-12
10.44,-4.1711220953427e-14,0.0790083585617841,-1.05118805035549e-13,-4.73551423839063e-15,7.0647129354029e-15,-1.34704578814566e-14,80.0000000000095,0.237788873409637,0.0790083585618917,7.54188997857745e-14,-1.07547304395426e-13,0.773758553262457,-6.42440904988155e-13,-9.77298959948535,-2.05850974727246e-14,-0.0429869122185295,1.24938539551573e-13,0,0,0,0,1,0.673086199299627,0.673086199299627,80.0000000000095,-2.11262381678708e-12,8.60378435163511e-12
10.45,-4.17692469949048e-14,0.0790083585617842,-1.05253966053102e-13,-4.73614504410234e-15,7.10436334588414e-15,-1.34774179571545e-14,80.0000000000096,0.237788873409637,0.0790083585618917,7.54181852576503e-14,-1.07480691013949e-13,0.773758553262456,-6.42437712774615e-13,-9.77298959948535,-2.05850974727246e-14,-0.0429869122185295,1.24938539551573e-13,0,0,0,0,1,0.673086199299627,0.673086199299627,80.0000000000096,-2.1231274785147e-12,8.59845528111691e-12
10.46,-4.1827284846086e-14,0.0790083585617842,-1.0538919689792e-13,-4.73677394041996e-15,7.14362468215987e-15,-1.34843797680335e-14,80.0000000000096,0.237788873409637,0.0790083585618917,7.5417469131266e-14,-1.07414077632471e-13,0.773758553262456,-6.42434508626157e-13,-9.77298959948536,-2.05850974727246e-14,-0.0429869122185295,1.24938539551573e-13,0,0,0,0,1,0.673086199299627,0.673086199299627,80.0000000000096,-2.1336367797167e-12,8.59312621059871e-12
10.47,-4.18853344892875e-14,0.0790083585617843,-1.05524497587391e-13,-4.73740093506232e-15,7.18236931317959e-15,-1.34913433107361e-14,80.0000000000096,0.237788873409637,0.0790083585618916,7.54167514124794e-14,-1.07336362020747e-13,0.773758553262456,-6.42431292587566e-13,-9.77298959948537,-2.05850974727246e-14,-0.0429869122185295,1.24938539551573e-13,0,0,0,0,1,0.673086199299627,0.673086199299627,80.0000000000096,-2.14415172142725e-12,8.58690896166081e-12
10.48,-4.1943395906901e-14,0.0790083585617844,-1.05659868138872e-13,-4.73802603571734e-15,7.22176818520352e-15,-1.34983085819189e-14,80.0000000000096,0.237788873409637,0.0790083585618916,7.54160321071247e-14,-1.07247544178777e-13,0.773758553262456,-6.42428064703448e-13,-9.77298959948537,-2.05850974727246e-14,-0.0429869122185295,1.24938539551573e-13,0,0,0,0,1,0.673086199299627,0.673086199299627,80.0000000000096,-2.15467230467923e-12,8.57980353430321e-12
10.49,-4.20014690813921e-14,0.0790083585617845,-1.05795308569684e-13,-4.7386492500422e-15,7.26116100960752e-15,-1.35052755782521e-14,80.0000000000096,0.237788873409638,0.0790083585618916,7.54153112210127e-14,-1.07169828567053e-13,0.773758553262456,-6.42424825018228e-13,-9.77298959948537,-2.05850974727246e-14,-0.0429869122185295,1.24938539551573e-13,0,0,0,0,1,0.673086199299627,0.673086199299627,80.0000000000096,-2.16519853050429e-12,8.57358628536531e-12
10.5,-4.20595539953002e-14,0.0790083585617845,-1.05930818897117e-13,-4.73927058566341e-15,7.30112315119808e-15,-1.35122442964198e-14,80.0000000000096,0.237788873409638,0.0790083585618916,7.54145887599309e-14,-1.0709211295533e-13,0.773758553262455,-6.42421573576154e-13,-9.77298959948537,-2.05850974727246e-14,-0.0429869122185295,1.24938539551573e-13,0,0,0,0,1,0.673086199299627,0.673086199299627,80.0000000000096,-2.17573039993275e-12,8.56736903642741e-12
10.51,-4.21176506312381e-14,0.0790083585617846,-1.06066399138426e-13,-4.73989005017698e-15,7.34027171068997e-15,-1.35192147331198e-14,80.0000000000096,0.237788873409638,0.0790083585618916,7.54138647296437e-14,-1.07014397343606e-13,0.773758553262455,-6.42418310421295e-13,-9.77298959948537,-2.05850974727246e-14,-0.0429869122185295,1.24938539551573e-13,0,0,0,0,1,0.673086199299627,0.673086199299627,80.0000000000096,-2.18626791399373e-12,8.56115178748951e-12
10.52,-4.2175758971892e-14,0.0790083585617847,-1.06202049310833e-13,-4.74050765114852e-15,7.38001313291699e-15,-1.35261868850634e-14,80.0000000000097,0.237788873409638,0.0790083585618916,7.54131391358922e-14,-1.06936681731882e-13,0.773758553262455,-6.42415035597547e-13,-9.77298959948538,-2.05850974727246e-14,-0.0429869122185295,1.24938539551573e-13,0,0,0,0,1,0.673086199299627,0.673086199299627,80.0000000000097,-2.19681107371506e-12,8.55493453855161e-12
10.53,-4.22338790000209e-14,0.0790083585617847,-1.06337769431528e-13,-4.74112339611337e-15,7.41966354339822e-15,-1.35331607489757e-14,80.0000000000097,0.237788873409638,0.0790083585618916,7.54124119843944e-14,-1.06881170580651e-13,0.773758553262454,-6.42411749148626e-13,-9.77298959948538,-2.05850974727246e-14,-0.0429869122185295,1.24938539551573e-13,0,0,0,0,1,0.673086199299627,0.673086199299627,80.0000000000097,-2.20735988012333e-12,8.55049364645311e-12
10.54,-4.22920106984563e-14,0.0790083585617848,-1.06473559517669e-13,-4.7417372925767e-15,7.45870495118507e-15,-1.35401363215951e-14,80.0000000000097,0.237788873409638,0.0790083585618916,7.54116832808455e-14,-1.06803454968927e-13,0.773758553262454,-6.42408451118074e-13,-9.77298959948538,-2.05850974727246e-14,-0.0429869122185295,1.24938539551573e-13,0,0,0,0,1,0.673086199299627,0.673086199299627,80.0000000000097,-2.21791433424387e-12,8.5442763975152e-12
10.55,-4.23501540501022e-14,0.0790083585617849,-1.06609419586379e-13,-4.74234934801366e-15,7.49766175622995e-15,-1.35471135996736e-14,80.0000000000097,0.237788873409638,0.0790083585618916,7.54109530309178e-14,-1.06725739357203e-13,0.773758553262454,-6.42405141549258e-13,-9.77298959948539,-2.05850974727246e-14,-0.0429869122185295,1.24938539551573e-13,0,0,0,0,1,0.673086199299627,0.673086199299627,80.0000000000097,-2.2284744371008e-12,8.5380591485773e-12
10.56,-4.24083090379346e-14,0.0790083585617849,-1.06745349654751e-13,-4.74295956986948e-15,7.53685472979849e-15,-1.35540925799767e-14,80.0000000000097,0.237788873409638,0.0790083585618916,7.54102212402608e-14,-1.06636921515233e-13,0.773758553262454,-6.42401820485373e-13,-9.77298959948539,-2.05850974727246e-14,-0.0429869122185295,1.24938539551573e-13,0,0,0,0,1,0.673086199299627,0.673086199299627,80.0000000000097,-2.23904018971698e-12,8.5309537212197e-12
10.57,-4.24664756450012e-14,0.079008358561785,-1.06881349739842e-13,-4.7435679655596e-15,7.57617070036447e-15,-1.35610732592833e-14,80.0000000000097,0.237788873409638,0.0790083585618916,7.54094879145014e-14,-1.06570308133756e-13,0.773758553262453,-6.42398487969439e-13,-9.77298959948539,-2.05850974727246e-14,-0.0429869122185295,1.24938539551573e-13,0,0,0,0,1,0.673086199299627,0.673086199299627,80.0000000000097,-2.24961159311404e-12,8.5256246507015e-12
10.58,-4.25246538544211e-14,0.0790083585617851,-1.07017419858682e-13,-4.74417454246978e-15,7.61575076608701e-15,-1.35680556343853e-14,80.0000000000097,0.237788873409638,0.0790083585618916,7.54087530592438e-14,-1.06503694752278e-13,0.773758553262453,-6.42395144044302e-13,-9.7729895994854,-2.05850974727246e-14,-0.0429869122185295,1.24938539551573e-13,0,0,0,0,1,0.673086199299627,0.673086199299627,80.0000000000097,-2.26018864831241e-12,8.5202955801833e-12
10.59,-4.25828436493848e-14,0.0790083585617852,-1.07153560028264e-13,-4.74477930795624e-15,7.65530455920279e-15,-1.35750397020883e-14,80.0000000000098,0.237788873409638,0.0790083585618916,7.54080166800697e-14,-1.06414876910308e-13,0.773758553262453,-6.42391788752639e-13,-9.7729895994854,-2.05850974727246e-14,-0.0429869122185295,1.24938539551573e-13,0,0,0,0,1,0.673086199299627,0.673086199299627,80.0000000000098,-2.27077135633128e-12,8.5131901528257e-12
10.6,-4.26410450131535e-14,0.0790083585617852,-1.07289770265551e-13,-4.74538226934574e-15,7.69505342871724e-15,-1.35820254592108e-14,80.0000000000098,0.237788873409638,0.0790083585618916,7.54072787825385e-14,-1.06314956838092e-13,0.773758553262453,-6.42388422136955e-13,-9.7729895994854,-2.05850974727246e-14,-0.0429869122185295,1.24938539551573e-13,0,0,0,0,1,0.673086199299627,0.673086199299627,80.0000000000098,-2.28135971818863e-12,8.5051965470484e-12
10.61,-4.2699257929059e-14,0.0790083585617853,-1.07426050587475e-13,-4.74598343393573e-15,7.73589938319025e-15,-1.35890129025846e-14,80.0000000000098,0.237788873409638,0.0790083585618916,7.54065393721873e-14,-1.06226138996122e-13,0.773758553262453,-6.42385044239582e-13,-9.77298959948541,-2.05850974727246e-14,-0.0429869122185295,1.24938539551573e-13,0,0,0,0,1,0.673086199299627,0.673086199299627,80.0000000000098,-2.29195373490124e-12,8.4980911196908e-12
10.62,-4.27574823805035e-14,0.0790083585617854,-1.07562401010936e-13,-4.74658280899448e-15,7.7765496052139e-15,-1.35960020290546e-14,80.0000000000098,0.237788873409638,0.0790083585618916,7.54057984545308e-14,-1.06137321154152e-13,0.773758553262452,-6.42381655102687e-13,-9.77298959948541,-2.05850974727246e-14,-0.0429869122185295,1.24938539551573e-13,0,0,0,0,1,0.673086199299627,0.673086199299627,80.0000000000098,-2.30255340748468e-12,8.4909856923332e-12
10.63,-4.28157183509592e-14,0.0790083585617855,-1.076988215528e-13,-4.74718040176113e-15,7.81722347425157e-15,-1.36029928354788e-14,80.0000000000098,0.237788873409638,0.0790083585618915,7.54050560350617e-14,-1.06048503312182e-13,0.773758553262452,-6.42378254768263e-13,-9.77298959948541,-2.05850974727246e-14,-0.0429869122185295,1.24938539551573e-13,0,0,0,0,1,0.673086199299627,0.673086199299627,80.0000000000098,-2.31315873695332e-12,8.4838802649756e-12
10.64,-4.28739658239682e-14,0.0790083585617856,-1.07835312229905e-13,-4.74777621944589e-15,7.8585541292698e-15,-1.3609985318728e-14,80.0000000000098,0.237788873409638,0.0790083585618915,7.54043121192506e-14,-1.05959685470212e-13,0.773758553262452,-6.42374843278136e-13,-9.77298959948542,-2.05850974727246e-14,-0.0429869122185295,1.24938539551573e-13,0,0,0,0,1,0.673086199299627,0.673086199299627,80.0000000000098,-2.32376972432034e-12,8.476774837618e-12
10.65,-4.29322247831418e-14,0.0790083585617857,-1.07971873059056e-13,-4.74837026923009e-15,7.89888382743676e-15,-1.36169794756863e-14,80.0000000000098,0.237788873409638,0.0790083585618915,7.54035667125462e-14,-1.05859765397996e-13,0.773758553262451,-6.42371420673967e-13,-9.77298959948542,-2.05850974727246e-14,-0.0429869122185295,1.24938539551573e-13,0,0,0,0,1,0.673086199299627,0.673086199299627,80.0000000000099,-2.33438637059774e-12,8.46878123184069e-12
10.66,-4.29904952121608e-14,0.0790083585617857,-1.08108504057026e-13,-4.74896255826634e-15,7.9399108074259e-15,-1.36239753032503e-14,80.0000000000099,0.237788873409638,0.0790083585618915,7.54028198203752e-14,-1.05759845325779e-13,0.773758553262451,-6.42367986997247e-13,-9.77298959948542,-2.05850974727246e-14,-0.0429869122185295,1.24938539551573e-13,0,0,0,0,1,0.673086199299627,0.673086199299627,80.0000000000099,-2.34500867679633e-12,8.46078762606339e-12
10.67,-4.30487770947749e-14,0.0790083585617858,-1.08245205240558e-13,-4.74955309367862e-15,7.98127301820498e-15,-1.36309727983299e-14,80.0000000000099,0.237788873409638,0.0790083585618915,7.54020714481427e-14,-1.05693231944302e-13,0.773758553262451,-6.423645422893e-13,-9.77298959948542,-2.05850974727246e-14,-0.0429869122185295,1.24938539551573e-13,0,0,0,0,1,0.673086199299627,0.673086199299627,80.0000000000099,-2.35563664392574e-12,8.45545855554519e-12
10.68,-4.31070704148021e-14,0.0790083585617859,-1.08381976626364e-13,-4.7501418825624e-15,8.02254093559482e-15,-1.36379719578473e-14,80.0000000000099,0.237788873409638,0.0790083585618915,7.54013216012318e-14,-1.05604414102332e-13,0.773758553262451,-6.42361086591286e-13,-9.77298959948543,-2.05850974727246e-14,-0.0429869122185295,1.24938539551573e-13,0,0,0,0,1,0.673086199299627,0.673086199299627,80.0000000000099,-2.36627027299443e-12,8.44835312818759e-12
10.69,-4.31653751561293e-14,0.079008358561786,-1.08518818231126e-13,-4.75072893198476e-15,8.0640063798439e-15,-1.36449727787379e-14,80.0000000000099,0.237788873409638,0.0790083585618915,7.54005702850044e-14,-1.05515596260362e-13,0.77375855326245,-6.42357619944199e-13,-9.77298959948543,-2.05850974727246e-14,-0.0429869122185295,1.24938539551573e-13,0,0,0,0,1,0.673086199299627,0.673086199299627,80.0000000000099,-2.3769095650097e-12,8.44124770082999e-12
10.7,-4.32236913027111e-14,0.0790083585617861,-1.08655730071493e-13,-4.75131424898449e-15,8.10539452130502e-15,-1.36519752579496e-14,80.0000000000099,0.237788873409638,0.0790083585618915,7.53998175048005e-14,-1.05437880648638e-13,0.77375855326245,-6.4235414238887e-13,-9.77298959948543,-2.05850974727246e-14,-0.0429869122185295,1.24938539551573e-13,0,0,0,0,1,0.673086199299627,0.673086199299627,80.0000000000099,-2.38755452097768e-12,8.43503045189209e-12
10.71,-4.32820188385702e-14,0.0790083585617862,-1.08792712164085e-13,-4.75189784057223e-15,8.14621682876402e-15,-1.36589793924429e-14,80.0000000000099,0.237788873409638,0.0790083585618915,7.53990632659389e-14,-1.05360165036914e-13,0.77375855326245,-6.42350653965963e-13,-9.77298959948544,-2.05850974727246e-14,-0.0429869122185295,1.24938539551573e-13,0,0,0,0,1,0.673086199299627,0.673086199299627,80.0000000000099,-2.39820514190334e-12,8.42881320295419e-12
10.72,-4.33403577477967e-14,0.0790083585617862,-1.08929764525493e-13,-4.75247971373056e-15,8.18678697507352e-15,-1.36659851791909e-14,80.0000000000099,0.237788873409638,0.0790083585618915,7.53983075737169e-14,-1.05271347194944e-13,0.77375855326245,-6.42347154715983e-13,-9.77298959948544,-2.05850974727246e-14,-0.0429869122185295,1.24938539551573e-13,0,0,0,0,1,0.673086199299627,0.673086199299627,80.00000000001,-2.4088614287905e-12,8.42170777559659e-12
10.73,-4.3398708014548e-14,0.0790083585617863,-1.09066887172275e-13,-4.75305987541409e-15,8.22691816786494e-15,-1.36729926151794e-14,80.00000000001,0.237788873409639,0.0790083585618915,7.53975504334106e-14,-1.05182529352974e-13,0.77375855326245,-6.42343644679269e-13,-9.77298959948545,-2.05850974727246e-14,-0.0429869122185295,1.24938539551573e-13,0,0,0,0,1,0.673086199299627,0.673086199299627,80.00000000001,-2.41952338264184e-12,8.41460234823899e-12
10.74,-4.34570696230487e-14,0.0790083585617864,-1.09204080120959e-13,-4.75363833254964e-15,8.26679997243304e-15,-1.36800016974065e-14,80.00000000001,0.237788873409639,0.0790083585618915,7.53967918502748e-14,-1.0510481374125e-13,0.773758553262449,-6.42340123895999e-13,-9.77298959948545,-2.05850974727246e-14,-0.0429869122185295,1.24938539551573e-13,0,0,0,0,1,0.673086199299627,0.673086199299627,80.00000000001,-2.43019100445889e-12,8.40838509930109e-12
10.75,-4.35154425575899e-14,0.0790083585617865,-1.09341343388045e-13,-4.75421509203629e-15,8.30724989467127e-15,-1.36870124228829e-14,80.00000000001,0.237788873409639,0.0790083585618915,7.53960318295435e-14,-1.0501599589928e-13,0.773758553262449,-6.42336592406192e-13,-9.77298959948545,-2.05850974727246e-14,-0.0429869122185295,1.24938539551573e-13,0,0,0,0,1,0.673086199299627,0.673086199299627,80.00000000001,-2.44086429524204e-12,8.40127967194348e-12
10.76,-4.35738268025294e-14,0.0790083585617866,-1.09478676990003e-13,-4.75479016074551e-15,8.34755594582421e-15,-1.36940247886317e-14,80.00000000001,0.237788873409639,0.0790083585618915,7.53952703764293e-14,-1.04916075827064e-13,0.773758553262449,-6.42333050249702e-13,-9.77298959948545,-2.05850974727246e-14,-0.0429869122185295,1.24938539551573e-13,0,0,0,0,1,0.673086199299627,0.673086199299627,80.00000000001,-2.45154325599056e-12,8.39328606616618e-12
10.77,-4.36322223422912e-14,0.0790083585617867,-1.0961608094327e-13,-4.75536354552127e-15,8.38825574554392e-15,-1.37010387916881e-14,80.00000000001,0.237788873409639,0.0790083585618915,7.53945074961241e-14,-1.04816155754848e-13,0.773758553262449,-6.42329497466229e-13,-9.77298959948546,-2.05850974727246e-14,-0.0429869122185295,1.24938539551573e-13,0,0,0,0,1,0.673086199299627,0.673086199299627,80.00000000001,-2.46222788770258e-12,8.38529246038888e-12
10.78,-4.36906291613651e-14,0.0790083585617867,-1.09753555264257e-13,-4.75593525318017e-15,8.429504690281e-15,-1.37080544291e-14,80.00000000001,0.237788873409639,0.0790083585618915,7.5393743193799e-14,-1.04738440143124e-13,0.773758553262448,-6.42325934095308e-13,-9.77298959948546,-2.05850974727246e-14,-0.0429869122185295,1.24938539551573e-13,0,0,0,0,1,0.673086199299627,0.673086199299627,80.00000000001,-2.47291819137511e-12,8.37907521145098e-12
10.79,-4.37490472443068e-14,0.0790083585617868,-1.09891099969343e-13,-4.75650529051152e-15,8.47093198212382e-15,-1.37150716979273e-14,80.00000000001,0.237788873409639,0.0790083585618915,7.53929774746042e-14,-1.04649622301154e-13,0.773758553262448,-6.42322360176318e-13,-9.77298959948546,-2.05850974727246e-14,-0.0429869122185295,1.24938539551573e-13,0,0,0,0,1,0.673086199299627,0.673086199299627,80.00000000001,-2.48361416800404e-12,8.37196978409338e-12
10.8,-4.38074765757372e-14,0.0790083585617869,-1.10028715074879e-13,-4.75707366427744e-15,8.51208706852224e-15,-1.3722090595242e-14,80.0000000000101,0.237788873409639,0.0790083585618915,7.53922103436692e-14,-1.0457190668943e-13,0.773758553262448,-6.42318775748482e-13,-9.77298959948547,-2.05850974727246e-14,-0.0429869122185295,1.24938539551573e-13,0,0,0,0,1,0.673086199299627,0.673086199299627,80.0000000000101,-2.49431581858417e-12,8.36575253515548e-12
10.81,-4.38659171403427e-14,0.079008358561787,-1.10166400597186e-13,-4.75764038121303e-15,8.55322533250189e-15,-1.37291111181284e-14,80.0000000000101,0.237788873409639,0.0790083585618915,7.5391441806103e-14,-1.0448308884746e-13,0.773758553262448,-6.42315180850861e-13,-9.77298959948547,-2.05850974727246e-14,-0.0429869122185295,1.24938539551573e-13,0,0,0,0,1,0.673086199299627,0.673086199299627,80.0000000000101,-2.50502314410914e-12,8.35864710779788e-12
10.82,-4.39243689228743e-14,0.0790083585617871,-1.10304156552557e-13,-4.75820544802641e-15,8.59408450667457e-15,-1.3736133263683e-14,80.0000000000101,0.237788873409639,0.0790083585618915,7.5390671866994e-14,-1.04405373235737e-13,0.773758553262448,-6.42311575522363e-13,-9.77298959948547,-2.05850974727246e-14,-0.0429869122185295,1.24938539551573e-13,0,0,0,0,1,0.673086199299627,0.673086199299627,80.0000000000101,-2.51573614557155e-12,8.35242985885998e-12
10.83,-4.39828319081478e-14,0.0790083585617872,-1.10441982957253e-13,-4.75876887139887e-15,8.63419633207086e-15,-1.37431570290143e-14,80.0000000000101,0.237788873409639,0.0790083585618915,7.53899005314103e-14,-1.04316555393767e-13,0.773758553262447,-6.42307959801739e-13,-9.77298959948548,-2.05850974727246e-14,-0.0429869122185295,1.24938539551573e-13,0,0,0,0,1,0.673086199299627,0.673086199299627,80.0000000000101,-2.52645482396285e-12,8.34532443150238e-12
10.84,-4.40413060810434e-14,0.0790083585617872,-1.1057987982751e-13,-4.75933065798495e-15,8.67298105168038e-15,-1.37501824112426e-14,80.0000000000101,0.237788873409639,0.0790083585618915,7.53891278043996e-14,-1.04238839782043e-13,0.773758553262447,-6.42304333727583e-13,-9.77298959948548,-2.05850974727246e-14,-0.0429869122185295,1.24938539551573e-13,0,0,0,0,1,0.673086199299627,0.673086199299627,80.0000000000101,-2.53717918027341e-12,8.33910718256448e-12
10.85,-4.40997914265055e-14,0.0790083585617873,-1.10717847179532e-13,-4.75989081441256e-15,8.71057413163377e-15,-1.37572094075003e-14,80.0000000000101,0.237788873409639,0.0790083585618915,7.53883536909891e-14,-1.04138919709826e-13,0.773758553262447,-6.42300697338335e-13,-9.77298959948548,-2.05850974727246e-14,-0.0429869122185295,1.24938539551573e-13,0,0,0,0,1,0.673086199299627,0.673086199299627,80.0000000000101,-2.54790921549254e-12,8.33111357678717e-12
10.86,-4.41582879295421e-14,0.0790083585617874,-1.10855885029496e-13,-4.7604493472831e-15,8.74892417734409e-15,-1.37642380149319e-14,80.0000000000101,0.237788873409639,0.0790083585618915,7.53875781961861e-14,-1.04050101867856e-13,0.773758553262448,-6.42297050672283e-13,-9.7729895994855,-2.05850974727246e-14,-0.0429869122185295,1.24938539551573e-13,0,0,0,0,1,0.673086199299627,0.673086199299627,80.0000000000102,-2.55864493060841e-12,8.32400814942957e-12
10.87,-4.42167955752251e-14,0.0790083585617875,-1.10993993393549e-13,-4.76100626317155e-15,8.78744157992092e-15,-1.37712682306935e-14,80.0000000000102,0.237788873409639,0.0790083585618915,7.53868013249778e-14,-1.0395018179564e-13,0.773758553262447,-6.42293393767558e-13,-9.7729895994855,-2.05850974727246e-14,-0.0429869122185295,1.24938539551573e-13,0,0,0,0,1,0.673086199299627,0.673086199299627,80.0000000000102,-2.56938632660817e-12,8.31601454365227e-12
10.88,-4.42753143486897e-14,0.0790083585617876,-1.11132172287812e-13,-4.76156156862657e-15,8.82673733800951e-15,-1.3778300051953e-14,80.0000000000102,0.237788873409639,0.0790083585618914,7.53860230823311e-14,-1.03850261723424e-13,0.773758553262447,-6.42289726662138e-13,-9.7729895994855,-2.05850974727246e-14,-0.0429869122185295,1.24938539551573e-13,0,0,0,0,1,0.673086199299627,0.673086199299627,80.0000000000102,-2.58013340447786e-12,8.30802093787497e-12
10.89,-4.43338442351342e-14,0.0790083585617877,-1.11270421728374e-13,-4.76211527017061e-15,8.86676201568747e-15,-1.37853334758903e-14,80.0000000000102,0.237788873409639,0.0790083585618914,7.53852434731931e-14,-1.03750341651208e-13,0.773758553262447,-6.42286049393852e-13,-9.7729895994855,-2.05850974727246e-14,-0.0429869122185295,1.24938539551573e-13,0,0,0,0,1,0.673086199299627,0.673086199299627,80.0000000000102,-2.59088616520244e-12,8.30002733209767e-12
10.9,-4.43923852198198e-14,0.0790083585617877,-1.114087417313e-13,-4.76266737430004e-15,8.90780598627788e-15,-1.37923684996969e-14,80.0000000000102,0.237788873409639,0.0790083585618914,7.53844625024912e-14,-1.03661523809238e-13,0.773758553262446,-6.42282362000375e-13,-9.77298959948551,-2.05850974727246e-14,-0.0429869122185295,1.24938539551573e-13,0,0,0,0,1,0.673086199299627,0.673086199299627,80.0000000000102,-2.60164460976583e-12,8.29292190474007e-12
10.91,-4.44509372880703e-14,0.0790083585617878,-1.11547132312623e-13,-4.76321788748521e-15,8.94914536037675e-15,-1.37994051205759e-14,80.0000000000102,0.237788873409639,0.0790083585618914,7.53836801751328e-14,-1.03561603737021e-13,0.773758553262446,-6.4227866451923e-13,-9.77298959948551,-2.05850974727246e-14,-0.0429869122185295,1.24938539551573e-13,0,0,0,0,1,0.673086199299627,0.673086199299627,80.0000000000102,-2.61240873915088e-12,8.28492829896277e-12
10.92,-4.45095004252717e-14,0.0790083585617879,-1.11685593488351e-13,-4.76376681617059e-15,8.99240994028363e-15,-1.38064433357421e-14,80.0000000000102,0.237788873409639,0.0790083585618914,7.53828964960056e-14,-1.03450581434559e-13,0.773758553262446,-6.42274956987791e-13,-9.77298959948551,-2.05850974727246e-14,-0.0429869122185295,1.24938539551573e-13,0,0,0,0,1,0.673086199299627,0.673086199299627,80.0000000000102,-2.62317855433938e-12,8.27604651476577e-12
10.93,-4.45680746168725e-14,0.079008358561788,-1.11824125274462e-13,-4.76431416677486e-15,9.03480775767666e-15,-1.3813483142422e-14,80.0000000000102,0.237788873409639,0.0790083585618914,7.53821114699777e-14,-1.03361763592589e-13,0.773758553262446,-6.42271239443281e-13,-9.77298959948551,-2.05850974727246e-14,-0.0429869122185295,1.24938539551573e-13,0,0,0,0,1,0.673086199299627,0.673086199299627,80.0000000000102,-2.63395405631207e-12,8.26894108740817e-12
10.94,-4.46266598483826e-14,0.0790083585617881,-1.11962727686907e-13,-4.76485994569101e-15,9.07885455712274e-15,-1.38205245378534e-14,80.0000000000103,0.237788873409639,0.0790083585618914,7.53813251018977e-14,-1.03272945750619e-13,0.773758553262445,-6.42267511922775e-13,-9.77298959948551,-2.05850974727246e-14,-0.0429869122185295,1.24938539551573e-13,0,0,0,0,1,0.673086199299627,0.673086199299627,80.0000000000102,-2.64473524604863e-12,8.26183566005056e-12
10.95,-4.4685256105374e-14,0.0790083585617882,-1.1210140074161e-13,-4.76540415928644e-15,9.1241888032566e-15,-1.38275675192858e-14,80.0000000000103,0.237788873409639,0.0790083585618913,7.53805373965947e-14,-1.03161923448156e-13,0.773758553262444,-6.42263774463196e-13,-9.77298959948551,-2.05850974727246e-14,-0.0429869122185295,1.24938539551573e-13,0,0,0,0,1,0.673086199299627,0.673086199299627,80.0000000000103,-2.65552212452773e-12,8.25295387585356e-12
10.96,-4.47438633734796e-14,0.0790083585617883,-1.12240144454467e-13,-4.76594681390308e-15,9.17022560880697e-15,-1.38346120839799e-14,80.0000000000103,0.237788873409639,0.0790083585618913,7.53797483588784e-14,-1.03050901145694e-13,0.773758553262444,-6.42260027101323e-13,-9.77298959948552,-2.05850974727246e-14,-0.0429869122185295,1.24938539551573e-13,0,0,0,0,1,0.673086199299627,0.673086199299627,80.0000000000103,-2.66631469272696e-12,8.24407209165656e-12
10.97,-4.48024816383937e-14,0.0790083585617884,-1.12378958841346e-13,-4.76648791585749e-15,9.21660330358459e-15,-1.38416582292082e-14,80.0000000000103,0.237788873409639,0.0790083585618913,7.53789579935391e-14,-1.02950981073478e-13,0.773758553262444,-6.42256269873786e-13,-9.77298959948552,-2.05850974727246e-14,-0.0429869122185295,1.24938539551573e-13,0,0,0,0,1,0.673086199299627,0.673086199299627,80.0000000000103,-2.67711295162291e-12,8.23607848587926e-12
10.98,-4.48611108858716e-14,0.0790083585617885,-1.12517843918088e-13,-4.76702747144093e-15,9.26235796563436e-15,-1.38487059522541e-14,80.0000000000103,0.23778887340964,0.0790083585618913,7.5378166305348e-14,-1.02851061001261e-13,0.773758553262444,-6.42252502817065e-13,-9.77298959948553,-2.05850974727246e-14,-0.0429869122185295,1.24938539551573e-13,0,0,0,0,1,0.673086199299627,0.673086199299627,80.0000000000103,-2.68791690219111e-12,8.22808488010196e-12
10.99,-4.49197511017288e-14,0.0790083585617886,-1.12656799700507e-13,-4.76756548691949e-15,9.30794359594241e-15,-1.38557552504126e-14,80.0000000000103,0.23778887340964,0.0790083585618913,7.5377373299057e-14,-1.02762243159291e-13,0.773758553262444,-6.42248725967498e-13,-9.77298959948553,-2.05850974727246e-14,-0.0429869122185295,1.24938539551573e-13,0,0,0,0,1,0.673086199299627,0.673086199299627,80.0000000000103,-2.6987265454061e-12,8.22097945274436e-12
11,-4.49784022718418e-14,0.0790083585617887,-1.1279582620439e-13,-4.76810196853421e-15,9.35293212420464e-15,-1.38628061209899e-14,80.0000000000103,0.23778887340964,0.0790083585618913,7.53765789793991e-14,-1.02662323087075e-13,0.773758553262443,-6.42244939361275e-13,-9.77298959948553,-2.05850974727246e-14,-0.0429869122185295,1.24938539551573e-13,0,0,0,0,1,0.673086199299627,0.673086199299627,80.0000000000103,-2.70954188224137e-12,8.21298584696706e-12
11.01,-4.50370643821467e-14,0.0790083585617888,-1.12934923445498e-13,-4.76863692250111e-15,9.39788455577882e-15,-1.38698585613033e-14,80.0000000000104,0.23778887340964,0.0790083585618913,7.5375783351088e-14,-1.02551300784612e-13,0.773758553262443,-6.4224114303444e-13,-9.77298959948553,-2.05850974727246e-14,-0.0429869122185295,1.24938539551573e-13,0,0,0,0,1,0.673086199299627,0.673086199299627,80.0000000000103,-2.7203629136694e-12,8.20410406277006e-12
11.02,-4.50957374186398e-14,0.0790083585617889,-1.13074091439563e-13,-4.76917035501136e-15,9.44287613773469e-15,-1.38769125686815e-14,80.0000000000104,0.23778887340964,0.0790083585618913,7.53749864188188e-14,-1.02451380712396e-13,0.773758553262443,-6.42237337022893e-13,-9.77298959948554,-2.05850974727246e-14,-0.0429869122185295,1.24938539551573e-13,0,0,0,0,1,0.673086199299627,0.673086199299627,80.0000000000104,-2.73118964066168e-12,8.19611045699276e-12
11.03,-4.51544213673771e-14,0.079008358561789,-1.13213330202291e-13,-4.76970227223137e-15,9.48762144492821e-15,-1.38839681404641e-14,80.0000000000104,0.23778887340964,0.0790083585618913,7.53741881872675e-14,-1.0235146064018e-13,0.773758553262442,-6.42233521362392e-13,-9.77298959948554,-2.05850974727246e-14,-0.0429869122185295,1.24938539551573e-13,0,0,0,0,1,0.673086199299627,0.673086199299627,80.0000000000104,-2.74202206418865e-12,8.18811685121545e-12
11.04,-4.52131162144738e-14,0.0790083585617891,-1.13352639749362e-13,-4.77023268030285e-15,9.53293403999892e-15,-1.3891025274002e-14,80.0000000000104,0.23778887340964,0.0790083585618913,7.53733886610913e-14,-1.0226264279821e-13,0.773758553262442,-6.42229696088548e-13,-9.77298959948554,-2.05850974727246e-14,-0.0429869122185295,1.24938539551573e-13,0,0,0,0,1,0.673086199299627,0.673086199299627,80.0000000000104,-2.7528601852198e-12,8.18101142385785e-12
11.05,-4.52718219461047e-14,0.0790083585617892,-1.1349202009643e-13,-4.77076158534293e-15,9.57714855213563e-15,-1.38980839666569e-14,80.0000000000104,0.23778887340964,0.0790083585618913,7.53725878449289e-14,-1.02162722725994e-13,0.773758553262442,-6.42225861236832e-13,-9.77298959948555,-2.05850974727246e-14,-0.0429869122185295,1.24938539551573e-13,0,0,0,0,1,0.673086199299627,0.673086199299627,80.0000000000104,-2.76370400472357e-12,8.17301781808055e-12
11.06,-4.53305385485032e-14,0.0790083585617893,-1.13631471259121e-13,-4.77128899344428e-15,9.62125705787615e-15,-1.39051442158017e-14,80.0000000000104,0.23778887340964,0.0790083585618913,7.53717857434002e-14,-1.02062802653777e-13,0.773758553262442,-6.42222016842571e-13,-9.77298959948555,-2.05850974727246e-14,-0.0429869122185295,1.24938539551573e-13,0,0,0,0,1,0.673086199299627,0.673086199299627,80.0000000000104,-2.77455352366744e-12,8.16502421230325e-12
11.07,-4.53892660079615e-14,0.0790083585617894,-1.13770993253035e-13,-4.77181491067517e-15,9.66454657048964e-15,-1.39122060188201e-14,80.0000000000104,0.23778887340964,0.0790083585618913,7.53709823611065e-14,-1.01951780351315e-13,0.773758553262442,-6.4221816294095e-13,-9.77298959948556,-2.05850974727246e-14,-0.0429869122185295,1.24938539551573e-13,0,0,0,0,1,0.673086199299627,0.673086199299627,80.0000000000104,-2.78540874301789e-12,8.15614242810625e-12
11.08,-4.54480043108305e-14,0.0790083585617894,-1.13910586093748e-13,-4.77233934307961e-15,9.70782057973544e-15,-1.39192693731068e-14,80.0000000000105,0.23778887340964,0.0790083585618913,7.53701777026309e-14,-1.01862962509345e-13,0.773758553262441,-6.42214299567014e-13,-9.77298959948556,-2.05850974727246e-14,-0.0429869122185295,1.24938539551573e-13,0,0,0,0,1,0.673086199299627,0.673086199299627,80.0000000000105,-2.79626966374041e-12,8.14903700074865e-12
11.09,-4.55067534435191e-14,0.0790083585617895,-1.14050249796806e-13,-4.77286229667739e-15,9.75128217778427e-15,-1.39263342760674e-14,80.0000000000105,0.23778887340964,0.0790083585618913,7.53693717725377e-14,-1.01763042437129e-13,0.773758553262441,-6.42210426755667e-13,-9.77298959948556,-2.05850974727246e-14,-0.0429869122185295,1.24938539551573e-13,0,0,0,0,1,0.673086199299627,0.673086199299627,80.0000000000105,-2.80713628679952e-12,8.14104339497135e-12
11.1,-4.55655133924944e-14,0.0790083585617896,-1.14189984377733e-13,-4.77338377746424e-15,9.79456940672974e-15,-1.39334007251182e-14,80.0000000000105,0.23778887340964,0.0790083585618913,7.53685645753731e-14,-1.01663122364912e-13,0.773758553262441,-6.42206544541672e-13,-9.77298959948557,-2.05850974727246e-14,-0.0429869122185295,1.24938539551573e-13,0,0,0,0,1,0.673086199299627,0.673086199299627,80.0000000000105,-2.81800861315874e-12,8.13304978919405e-12
11.11,-4.56242841442812e-14,0.0790083585617897,-1.14329789852024e-13,-4.77390379141188e-15,9.83763497254379e-15,-1.39404687176864e-14,80.0000000000105,0.23778887340964,0.0790083585618913,7.5367756115665e-14,-1.01563202292696e-13,0.773758553262441,-6.42202652959652e-13,-9.77298959948557,-2.05850974727246e-14,-0.0429869122185295,1.24938539551573e-13,0,0,0,0,1,0.673086199299627,0.673086199299627,80.0000000000105,-2.82888664378065e-12,8.12505618341675e-12
11.12,-4.56830656854619e-14,0.0790083585617898,-1.14469666235151e-13,-4.77442234446814e-15,9.88024093175204e-15,-1.39475382512098e-14,80.0000000000105,0.23778887340964,0.0790083585618913,7.53669463979231e-14,-1.01474384450726e-13,0.773758553262441,-6.42198752044095e-13,-9.77298959948557,-2.05850974727246e-14,-0.0429869122185295,1.24938539551573e-13,0,0,0,0,1,0.673086199299627,0.673086199299627,80.0000000000105,-2.83977037962683e-12,8.11795075605914e-12
11.13,-4.57418580026763e-14,0.0790083585617899,-1.14609613542559e-13,-4.77493944255704e-15,9.92084717474961e-15,-1.39546093231371e-14,80.0000000000105,0.23778887340964,0.0790083585618913,7.5366135426639e-14,-1.0137446437851e-13,0.773758553262441,-6.42194841829345e-13,-9.77298959948558,-2.05850974727246e-14,-0.0429869122185295,1.24938539551573e-13,0,0,0,0,1,0.673086199299627,0.673086199299627,80.0000000000105,-2.85065982165792e-12,8.10995715028184e-12
11.14,-4.58006610826212e-14,0.07900835856179,-1.14749631789665e-13,-4.77545509157891e-15,9.96121930494173e-15,-1.39616819309274e-14,80.0000000000105,0.23778887340964,0.0790083585618913,7.53653232062862e-14,-1.01274544306293e-13,0.77375855326244,-6.42190922349612e-13,-9.77298959948558,-2.05850974727246e-14,-0.0429869122185295,1.24938539551573e-13,0,0,0,0,1,0.673086199299627,0.673086199299627,80.0000000000105,-2.86155497083357e-12,8.10196354450454e-12
11.15,-4.58594749120504e-14,0.0790083585617901,-1.14889720991866e-13,-4.77596929741045e-15,1.00012402659257e-14,-1.39687560720506e-14,80.0000000000106,0.23778887340964,0.0790083585618913,7.53645097413202e-14,-1.01185726464323e-13,0.77375855326244,-6.42186993638968e-13,-9.77298959948559,-2.05850974727246e-14,-0.0429869122185295,1.24938539551573e-13,0,0,0,0,1,0.673086199299627,0.673086199299627,80.0000000000106,-2.87245582811252e-12,8.09485811714694e-12
11.16,-4.59182994777741e-14,0.0790083585617902,-1.15029881164529e-13,-4.77648206590485e-15,1.00406482462129e-14,-1.39758317439871e-14,80.0000000000106,0.23778887340964,0.0790083585618913,7.53636950361787e-14,-1.01085806392107e-13,0.77375855326244,-6.42183055731346e-13,-9.77298959948559,-2.05850974727246e-14,-0.0429869122185295,1.24938539551573e-13,0,0,0,0,1,0.673086199299627,0.673086199299627,80.0000000000106,-2.88336239445252e-12,8.08686451136964e-12
11.17,-4.59771347666593e-14,0.0790083585617903,-1.15170112322998e-13,-4.77699340289188e-15,1.00801340185462e-14,-1.39829089442277e-14,80.0000000000106,0.23778887340964,0.0790083585618913,7.53628790952815e-14,-1.00985886319891e-13,0.77375855326244,-6.42179108660546e-13,-9.77298959948559,-2.05850974727246e-14,-0.0429869122185295,1.24938539551573e-13,0,0,0,0,1,0.673086199299627,0.673086199299627,80.0000000000106,-2.89427467081038e-12,8.07887090559234e-12
11.18,-4.60359807656288e-14,0.0790083585617904,-1.15310414482591e-13,-4.77750331417798e-15,1.01195961438655e-14,-1.3989987670274e-14,80.0000000000106,0.23778887340964,0.0790083585618913,7.53620619230307e-14,-1.00885966247675e-13,0.77375855326244,-6.4217515246023e-13,-9.7729895994856,-2.05850974727246e-14,-0.0429869122185295,1.24938539551573e-13,0,0,0,0,1,0.673086199299627,0.673086199299627,80.0000000000106,-2.90519265814197e-12,8.07087729981504e-12
11.19,-4.60948374616617e-14,0.0790083585617905,-1.15450787658601e-13,-4.77801180554635e-15,1.01589522627886e-14,-1.39970679196376e-14,80.0000000000106,0.23778887340964,0.0790083585618913,7.53612435238106e-14,-1.00797148405705e-13,0.773758553262439,-6.42171187163926e-13,-9.7729895994856,-2.05850974727246e-14,-0.0429869122185295,1.24938539551573e-13,0,0,0,0,1,0.673086199299627,0.673086199299627,80.0000000000106,-2.91611635740223e-12,8.06377187245744e-12
11.2,-4.61537048417927e-14,0.0790083585617906,-1.15591231866298e-13,-4.77851888275705e-15,1.01976195507121e-14,-1.40041496898409e-14,80.0000000000106,0.23778887340964,0.0790083585618913,7.53604239019881e-14,-1.00708330563735e-13,0.773758553262439,-6.42167212805027e-13,-9.7729895994856,-2.05850974727246e-14,-0.0429869122185295,1.24938539551573e-13,0,0,0,0,1,0.673086199299627,0.673086199299627,80.0000000000106,-2.92704576954515e-12,8.05666644509984e-12
11.21,-4.6212582893112e-14,0.0790083585617907,-1.15731747120924e-13,-4.77902455154709e-15,1.02354566217599e-14,-1.40112329784164e-14,80.0000000000106,0.23778887340964,0.0790083585618913,7.53596030619122e-14,-1.00597308261272e-13,0.773758553262439,-6.42163229416793e-13,-9.7729895994856,-2.05850974727246e-14,-0.0429869122185295,1.24938539551573e-13,0,0,0,0,1,0.673086199299627,0.673086199299627,80.0000000000106,-2.9379808955238e-12,8.04778466090283e-12
11.22,-4.62714716027652e-14,0.0790083585617908,-1.15872333437698e-13,-4.77952881763053e-15,1.0272806648827e-14,-1.40183177829071e-14,80.0000000000106,0.23778887340964,0.0790083585618913,7.53587810079148e-14,-1.00497388189056e-13,0.773758553262439,-6.42159237032349e-13,-9.7729895994856,-2.05850974727246e-14,-0.0429869122185295,1.24938539551573e-13,0,0,0,0,1,0.673086199299627,0.673086199299627,80.0000000000106,-2.94892173629031e-12,8.03979105512553e-12
11.23,-4.63303709579529e-14,0.0790083585617909,-1.16012990831815e-13,-4.78003168669854e-15,1.03093735515054e-14,-1.40254041008661e-14,80.0000000000106,0.23778887340964,0.0790083585618913,7.53579577443102e-14,-1.00408570347086e-13,0.773758553262439,-6.42155235684686e-13,-9.7729895994856,-2.05850974727246e-14,-0.0429869122185295,1.24938539551573e-13,0,0,0,0,1,0.673086199299627,0.673086199299627,80.0000000000106,-2.9598682927959e-12,8.03268562776793e-12
11.24,-4.63892809459306e-14,0.079008358561791,-1.16153719318444e-13,-4.78053316441954e-15,1.03452296913536e-14,-1.40324919298568e-14,80.0000000000106,0.23778887340964,0.0790083585618913,7.53571332753954e-14,-1.0030865027487e-13,0.77375855326244,-6.42151225406667e-13,-9.7729895994856,-2.05850974727246e-14,-0.0429869122185295,1.24938539551573e-13,0,0,0,0,1,0.673086199299627,0.673086199299627,80.0000000000106,-2.97082056599086e-12,8.02469202199063e-12
11.25,-4.64482015540085e-14,0.0790083585617911,-1.16294518912731e-13,-4.78103325643926e-15,1.03804015411294e-14,-1.40395812674528e-14,80.0000000000106,0.23778887340964,0.0790083585618913,7.535630760545e-14,-1.00208730202653e-13,0.77375855326244,-6.42147206231017e-13,-9.7729895994856,-2.05850974727246e-14,-0.0429869122185295,1.24938539551573e-13,0,0,0,0,1,0.673086199299627,0.673086199299627,80.0000000000106,-2.98177855682458e-12,8.01669841621333e-12
11.26,-4.65071327695512e-14,0.0790083585617912,-1.16435389629798e-13,-4.78153196838084e-15,1.04149793425531e-14,-1.40466721112379e-14,80.0000000000106,0.23778887340964,0.0790083585618913,7.53554807387366e-14,-1.00108810130437e-13,0.77375855326244,-6.42143178190336e-13,-9.7729895994856,-2.05850974727246e-14,-0.0429869122185295,1.24938539551573e-13,0,0,0,0,1,0.673086199299627,0.673086199299627,80.0000000000106,-2.99274226624553e-12,8.00870481043603e-12
11.27,-4.65660745799774e-14,0.0790083585617913,-1.1657633148474e-13,-4.7820293058449e-15,1.04490541073703e-14,-1.40537644588059e-14,80.0000000000106,0.23778887340964,0.0790083585618913,7.53546526795006e-14,-9.99977878279746e-14,0.77375855326244,-6.42139141317087e-13,-9.7729895994856,-2.05850974727246e-14,-0.0429869122185295,1.24938539551573e-13,0,0,0,0,1,0.673086199299627,0.673086199299627,80.0000000000106,-3.00371169520127e-12,7.99982302623903e-12
11.28,-4.66250269727598e-14,0.0790083585617914,-1.16717344492631e-13,-4.78252527440966e-15,1.04822971680782e-14,-1.40608583077607e-14,80.0000000000106,0.23778887340964,0.0790083585618913,7.53538234319704e-14,-9.98867655255121e-14,0.77375855326244,-6.42135095643608e-13,-9.7729895994856,-2.05850974727246e-14,-0.0429869122185295,1.24938539551573e-13,0,0,0,0,1,0.673086199299627,0.673086199299627,80.0000000000106,-3.01468684463846e-12,7.99094124204203e-12
11.29,-4.66839899354252e-14,0.0790083585617915,-1.1685842866852e-13,-4.78301987963103e-15,1.05150997824746e-14,-1.40679536557164e-14,80.0000000000106,0.23778887340964,0.0790083585618913,7.53529930003572e-14,-9.97757432230496e-14,0.77375855326244,-6.42131041202104e-13,-9.7729895994856,-2.05850974727246e-14,-0.0429869122185295,1.24938539551573e-13,0,0,0,0,1,0.673086199299627,0.673086199299627,80.0000000000106,-3.02566771550286e-12,7.98205945784503e-12
11.3,-4.67429634555535e-14,0.0790083585617916,-1.16999584027432e-13,-4.78351312704267e-15,1.05471033743722e-14,-1.40750505002968e-14,80.0000000000106,0.23778887340964,0.0790083585618913,7.53521613888556e-14,-9.96647209205871e-14,0.77375855326244,-6.42126978024651e-13,-9.7729895994856,-2.05850974727246e-14,-0.0429869122185295,1.24938539551573e-13,0,0,0,0,1,0.673086199299627,0.673086199299627,80.0000000000106,-3.03665430873934e-12,7.97317767364802e-12
11.31,-4.68019475207783e-14,0.0790083585617918,-1.17140810584368e-13,-4.7840050221561e-15,1.05785129179176e-14,-1.40821488391359e-14,80.0000000000106,0.23778887340964,0.0790083585618913,7.53513286016429e-14,-9.95536986181246e-14,0.77375855326244,-6.42122906143197e-13,-9.7729895994856,-2.05850974727246e-14,-0.0429869122185295,1.24938539551573e-13,0,0,0,0,1,0.673086199299627,0.673086199299627,80.0000000000106,-3.04764662529187e-12,7.96429588945102e-12
11.32,-4.68609421187861e-14,0.0790083585617919,-1.17282108354305e-13,-4.78449557046079e-15,1.06094194248566e-14,-1.40892486698775e-14,80.0000000000106,0.23778887340964,0.0790083585618913,7.53504946428801e-14,-9.94537785459083e-14,0.77375855326244,-6.42118825589561e-13,-9.7729895994856,-2.05850974727246e-14,-0.0429869122185295,1.24938539551573e-13,0,0,0,0,1,0.673086199299627,0.673086199299627,80.0000000000106,-3.05864466610354e-12,7.95630228367372e-12
11.33,-4.69199472373165e-14,0.079008358561792,-1.17423477352198e-13,-4.78498477742424e-15,1.0639838887815e-14,-1.40963499901751e-14,80.0000000000106,0.23778887340964,0.0790083585618913,7.53496595167111e-14,-9.93427562434458e-14,0.77375855326244,-6.42114736395435e-13,-9.7729895994856,-2.05850974727246e-14,-0.0429869122185295,1.24938539551573e-13,0,0,0,0,1,0.673086199299627,0.673086199299627,80.0000000000106,-3.06964843211656e-12,7.94742049947672e-12
11.34,-4.69789628641618e-14,0.0790083585617921,-1.17564917592976e-13,-4.78547264849206e-15,1.06696643024213e-14,-1.41034527976924e-14,80.0000000000106,0.23778887340964,0.0790083585618913,7.53488232272633e-14,-9.92317339409833e-14,0.77375855326244,-6.42110638592384e-13,-9.7729895994856,-2.05850974727246e-14,-0.0429869122185295,1.24938539551573e-13,0,0,0,0,1,0.673086199299627,0.673086199299627,80.0000000000106,-3.08065792427225e-12,7.93853871527972e-12
11.35,-4.70379889871665e-14,0.0790083585617922,-1.17706429091547e-13,-4.78595918908808e-15,1.06988956686753e-14,-1.41105570901027e-14,80.0000000000106,0.23778887340964,0.0790083585618913,7.53479857786476e-14,-9.91207116385208e-14,0.773758553262439,-6.42106532211845e-13,-9.7729895994856,-2.05850974727246e-14,-0.0429869122185295,1.24938539551573e-13,0,0,0,0,1,0.673086199299627,0.673086199299627,80.0000000000106,-3.09167314351107e-12,7.92965693108272e-12
11.36,-4.70970255942279e-14,0.0790083585617923,-1.17848011862795e-13,-4.78644440461443e-15,1.0727623998323e-14,-1.41176628650889e-14,80.0000000000106,0.23778887340964,0.0790083585618913,7.53471471749582e-14,-9.90096893360583e-14,0.773758553262439,-6.4210241728513e-13,-9.7729895994856,-2.05850974727246e-14,-0.0429869122185295,1.24938539551573e-13,0,0,0,0,1,0.673086199299627,0.673086199299627,80.0000000000106,-3.10269409077259e-12,7.92077514688572e-12
11.37,-4.71560726732949e-14,0.0790083585617924,-1.1798966592158e-13,-4.78692830045162e-15,1.07558652839901e-14,-1.41247701203439e-14,80.0000000000106,0.23778887340964,0.0790083585618913,7.53463074202729e-14,-9.88986670335958e-14,0.773758553262439,-6.42098293843425e-13,-9.7729895994856,-2.05850974727246e-14,-0.0429869122185295,1.24938539551573e-13,0,0,0,0,1,0.673086199299627,0.673086199299627,80.0000000000106,-3.11372076699551e-12,7.91189336268872e-12
11.38,-4.72151302123687e-14,0.0790083585617925,-1.1813139128274e-13,-4.78741088195861e-15,1.07835125213051e-14,-1.41318788535701e-14,80.0000000000106,0.23778887340964,0.0790083585618913,7.53454665186532e-14,-9.87987469613796e-14,0.773758553262439,-6.42094161917789e-13,-9.7729895994856,-2.05850974727246e-14,-0.0429869122185295,1.24938539551573e-13,0,0,0,0,1,0.673086199299627,0.673086199299627,80.0000000000106,-3.1247531731177e-12,7.90389975691141e-12
11.39,-4.72741981995017e-14,0.0790083585617926,-1.18273187961089e-13,-4.78789215447294e-15,1.08106567220136e-14,-1.41389890624795e-14,80.0000000000106,0.23778887340964,0.0790083585618913,7.53446244741442e-14,-9.86877246589171e-14,0.773758553262439,-6.42090021539159e-13,-9.7729895994856,-2.05850974727246e-14,-0.0429869122185295,1.24938539551573e-13,0,0,0,0,1,0.673086199299627,0.673086199299627,80.0000000000106,-3.13579131007613e-12,7.89501797271441e-12
11.4,-4.73332766227982e-14,0.0790083585617928,-1.18415055971419e-13,-4.78837212331078e-15,1.08373138787416e-14,-1.41461007447939e-14,80.0000000000106,0.23778887340964,0.0790083585618913,7.53437812907747e-14,-9.85767023564546e-14,0.773758553262439,-6.42085872738347e-13,-9.7729895994856,-2.05850974727246e-14,-0.0429869122185295,1.24938539551573e-13,0,0,0,0,1,0.673086199299627,0.673086199299627,80.0000000000106,-3.14683517880694e-12,7.88613618851741e-12
11.41,-4.73923654704136e-14,0.0790083585617929,-1.18556995328499e-13,-4.78885079376703e-15,1.08633769871174e-14,-1.41532138982444e-14,80.0000000000106,0.23778887340964,0.0790083585618913,7.53429369725573e-14,-9.84656800539921e-14,0.773758553262439,-6.4208171554604e-13,-9.7729895994856,-2.05850974727246e-14,-0.0429869122185295,1.24938539551573e-13,0,0,0,0,1,0.673086199299627,0.673086199299627,80.0000000000106,-3.1578847802454e-12,7.87725440432041e-12
11.42,-4.74514647305541e-14,0.079008358561793,-1.18699006047074e-13,-4.78932817111539e-15,1.08892327973703e-14,-1.41603285205719e-14,80.0000000000106,0.23778887340964,0.0790083585618913,7.53420915234886e-14,-9.83546577515296e-14,0.773758553262439,-6.42077549992803e-13,-9.7729895994856,-2.05850974727246e-14,-0.0429869122185295,1.24938539551573e-13,0,0,0,0,1,0.673086199299627,0.673086199299627,80.0000000000106,-3.16894011532594e-12,7.86837262012341e-12
11.43,-4.75105743914772e-14,0.0790083585617931,-1.18841088141868e-13,-4.78980426060847e-15,1.09143289829151e-14,-1.41674446095265e-14,80.0000000000106,0.23778887340964,0.0790083585618913,7.53412449475491e-14,-9.82436354490671e-14,0.773758553262439,-6.42073376109078e-13,-9.7729895994856,-2.05850974727246e-14,-0.0429869122185295,1.24938539551573e-13,0,0,0,0,1,0.673086199299627,0.673086199299627,80.0000000000106,-3.18000118498215e-12,7.85949083592641e-12
11.44,-4.75696944414907e-14,0.0790083585617932,-1.18983241627582e-13,-4.79027906747786e-15,1.09390809975891e-14,-1.41745621628679e-14,80.0000000000106,0.23778887340964,0.0790083585618913,7.53403972487031e-14,-9.81326131466046e-14,0.773758553262439,-6.42069193925184e-13,-9.7729895994856,-2.05850974727246e-14,-0.0429869122185295,1.24938539551573e-13,0,0,0,0,1,0.673086199299627,0.673086199299627,80.0000000000106,-3.19106799014677e-12,7.85060905172941e-12
11.45,-4.76288248689529e-14,0.0790083585617933,-1.19125466518894e-13,-4.79075259693421e-15,1.0963293108943e-14,-1.41816811783653e-14,80.0000000000106,0.23778887340964,0.0790083585618913,7.53395484308993e-14,-9.80215908441421e-14,0.773758553262439,-6.42065003471321e-13,-9.7729895994856,-2.05850974727246e-14,-0.0429869122185295,1.24938539551573e-13,0,0,0,0,1,0.673086199299627,0.673086199299627,80.0000000000106,-3.2021405317517e-12,7.84172726753241e-12
11.46,-4.76879656622725e-14,0.0790083585617934,-1.19267762830462e-13,-4.79122485416732e-15,1.09869111719448e-14,-1.4188801653797e-14,80.0000000000106,0.23778887340964,0.0790083585618913,7.53386984980702e-14,-9.79105685416796e-14,0.773758553262439,-6.42060804777564e-13,-9.7729895994856,-2.05850974727246e-14,-0.0429869122185295,1.24938539551573e-13,0,0,0,0,1,0.673086199299627,0.673086199299627,80.0000000000106,-3.21321881072802e-12,7.8328454833354e-12
11.47,-4.77471168099081e-14,0.0790083585617935,-1.19410130576917e-13,-4.79169584434622e-15,1.10102930664229e-14,-1.41959235869509e-14,80.0000000000106,0.23778887340964,0.0790083585618913,7.53378474541327e-14,-9.77884440089708e-14,0.773758553262439,-6.42056597873868e-13,-9.7729895994856,-2.05850974727246e-14,-0.0429869122185295,1.24938539551573e-13,0,0,0,0,1,0.673086199299627,0.673086199299627,80.0000000000106,-3.22430282800596e-12,7.8230755207187e-12
11.48,-4.78062783003682e-14,0.0790083585617936,-1.19552569772873e-13,-4.79216557261927e-15,1.10331879169204e-14,-1.42030469756241e-14,80.0000000000106,0.23778887340964,0.0790083585618913,7.53369953029878e-14,-9.76774217065083e-14,0.773758553262439,-6.42052382790071e-13,-9.7729895994856,-2.05850974727246e-14,-0.0429869122185295,1.24938539551573e-13,0,0,0,0,1,0.673086199299627,0.673086199299627,80.0000000000106,-3.23539258451494e-12,7.8141937365217e-12
11.49,-4.78654501222108e-14,0.0790083585617938,-1.19695080432919e-13,-4.79263404411419e-15,1.1055683962257e-14,-1.42101718176228e-14,80.0000000000106,0.23778887340964,0.0790083585618913,7.53361420485211e-14,-9.75663994040458e-14,0.773758553262439,-6.42048159555887e-13,-9.7729895994856,-2.05850974727246e-14,-0.0429869122185295,1.24938539551573e-13,0,0,0,0,1,0.673086199299627,0.673086199299627,80.0000000000106,-3.24648808118354e-12,7.8053119523247e-12
11.5,-4.79246322640435e-14,0.0790083585617939,-1.19837662571623e-13,-4.79310126393823e-15,1.10776637512875e-14,-1.42172981107627e-14,80.0000000000106,0.23778887340964,0.0790083585618913,7.53352876946021e-14,-9.74553771015833e-14,0.773758553262439,-6.42043928200913e-13,-9.7729895994856,-2.05850974727246e-14,-0.0429869122185295,1.24938539551573e-13,0,0,0,0,1,0.673086199299627,0.673086199299627,80.0000000000106,-3.25758931893956e-12,7.7964301681277e-12
11.51,-4.79838247145231e-14,0.079008358561794,-1.19980316203531e-13,-4.79356723717818e-15,1.10991036369979e-14,-1.42244258528684e-14,80.0000000000106,0.23778887340964,0.0790083585618913,7.53344322450853e-14,-9.73443547991208e-14,0.773758553262439,-6.42039688754627e-13,-9.7729895994856,-2.05850974727246e-14,-0.0429869122185295,1.24938539551573e-13,0,0,0,0,1,0.673086199299627,0.673086199299627,80.0000000000106,-3.26869629870993e-12,7.7875483839307e-12
11.52,-4.80430274623555e-14,0.0790083585617941,-1.20123041343166e-13,-4.79403196890046e-15,1.11203073541847e-14,-1.4231555041774e-14,80.0000000000106,0.23778887340964,0.0790083585618913,7.53335757038093e-14,-9.72333324966583e-14,0.773758553262439,-6.42035441246388e-13,-9.7729895994856,-2.05850974727246e-14,-0.0429869122185295,1.24938539551573e-13,0,0,0,0,1,0.673086199299627,0.673086199299627,80.0000000000106,-3.2798090214208e-12,7.7786665997337e-12
11.53,-4.81022404962954e-14,0.0790083585617942,-1.20265838005032e-13,-4.79449546415124e-15,1.11412970626283e-14,-1.42386856753224e-14,80.0000000000106,0.23778887340964,0.0790083585618913,7.53327180745973e-14,-9.71223101941958e-14,0.773758553262439,-6.42031185705436e-13,-9.7729895994856,-2.05850974727246e-14,-0.0429869122185295,1.24938539551573e-13,0,0,0,0,1,0.673086199299627,0.673086199299627,80.0000000000106,-3.29092748799752e-12,7.7697848155367e-12
11.54,-4.8161463805146e-14,0.0790083585617943,-1.20408706203609e-13,-4.79495772795649e-15,1.1162133617981e-14,-1.42458177513656e-14,80.0000000000106,0.23778887340964,0.0790083585618913,7.53318593612574e-14,-9.70112878917333e-14,0.773758553262439,-6.42026922160897e-13,-9.7729895994856,-2.05850974727246e-14,-0.0429869122185295,1.24938539551573e-13,0,0,0,0,1,0.673086199299627,0.673086199299627,80.0000000000106,-3.3020516993646e-12,7.76090303133969e-12
11.55,-4.82206973777593e-14,0.0790083585617944,-1.20551645953357e-13,-4.79541876532206e-15,1.11823472545809e-14,-1.42529512677649e-14,80.0000000000106,0.23778887340964,0.0790083585618913,7.53309995675821e-14,-9.69002655892708e-14,0.773758553262439,-6.42022650641778e-13,-9.7729895994856,-2.05850974727246e-14,-0.0429869122185295,1.24938539551573e-13,0,0,0,0,1,0.673086199299627,0.673086199299627,80.0000000000106,-3.31318165644579e-12,7.75202124714269e-12
11.56,-4.82799412030352e-14,0.0790083585617945,-1.20694657268713e-13,-4.79587858123378e-15,1.12024226924321e-14,-1.42600862223902e-14,80.0000000000106,0.23778887340964,0.0790083585618913,7.53301386973489e-14,-9.68003455170546e-14,0.773758553262439,-6.42018371176967e-13,-9.7729895994856,-2.05850974727246e-14,-0.0429869122185295,1.24938539551573e-13,0,0,0,0,1,0.673086199299627,0.673086199299627,80.0000000000106,-3.32431736016401e-12,7.74402764136539e-12
11.57,-4.8339195269922e-14,0.0790083585617946,-1.20837740164094e-13,-4.79633718065752e-15,1.12220262880539e-14,-1.42672226131208e-14,80.0000000000106,0.23778887340964,0.0790083585618913,7.53292767543198e-14,-9.66893232145921e-14,0.773758553262439,-6.42014083795241e-13,-9.7729895994856,-2.05850974727246e-14,-0.0429869122185295,1.24938539551573e-13,0,0,0,0,1,0.673086199299627,0.673086199299627,80.0000000000106,-3.3354588114414e-12,7.73514585716839e-12
11.58,-4.83984595674157e-14,0.0790083585617948,-1.20980894653895e-13,-4.79679456853929e-15,1.12410899803556e-14,-1.42743604378446e-14,80.0000000000106,0.23778887340964,0.0790083585618913,7.53284137422419e-14,-9.65783009121296e-14,0.773758553262439,-6.42009788525257e-13,-9.7729895994856,-2.05850974727246e-14,-0.0429869122185295,1.24938539551573e-13,0,0,0,0,1,0.673086199299627,0.673086199299627,80.0000000000106,-3.34660601119931e-12,7.72626407297139e-12
11.59,-4.845773408456e-14,0.0790083585617949,-1.21124120752492e-13,-4.79725074980528e-15,1.1259826492388e-14,-1.42814996944585e-14,80.0000000000106,0.23778887340964,0.0790083585618913,7.53275496648472e-14,-9.64672786096671e-14,0.773758553262439,-6.42005485395559e-13,-9.7729895994856,-2.05850974727246e-14,-0.0429869122185295,1.24938539551573e-13,0,0,0,0,1,0.673086199299627,0.673086199299627,80.0000000000106,-3.35775896035829e-12,7.71738228877439e-12
11.6,-4.85170188104461e-14,0.079008358561795,-1.21267418474236e-13,-4.79770572936201e-15,1.12782419913054e-14,-1.42886403808684e-14,80.0000000000106,0.23778887340964,0.0790083585618913,7.53266845258526e-14,-9.63451540769583e-14,0.773758553262439,-6.42001174434577e-13,-9.7729895994856,-2.05850974727246e-14,-0.0429869122185295,1.24938539551573e-13,0,0,0,0,1,0.673086199299627,0.673086199299627,80.0000000000106,-3.36891765983814e-12,7.70761232615769e-12
11.61,-4.85763137342127e-14,0.0790083585617951,-1.2141078783346e-13,-4.79815951209633e-15,1.12963844549855e-14,-1.42957824949887e-14,80.0000000000106,0.23778887340964,0.0790083585618913,7.53258183289603e-14,-9.62341317744958e-14,0.773758553262439,-6.41996855670626e-13,-9.7729895994856,-2.05850974727246e-14,-0.0429869122185295,1.24938539551573e-13,0,0,0,0,1,0.673086199299627,0.673086199299627,80.0000000000106,-3.38008211055784e-12,7.69873054196069e-12
11.62,-4.86356188450453e-14,0.0790083585617952,-1.21554228844476e-13,-4.79861210287555e-15,1.13141540441867e-14,-1.43029260347429e-14,80.0000000000106,0.23778887340964,0.0790083585618913,7.53249510778573e-14,-9.61231094720333e-14,0.773758553262439,-6.41992529131905e-13,-9.7729895994856,-2.05850974727246e-14,-0.0429869122185295,1.24938539551573e-13,0,0,0,0,1,0.673086199299627,0.673086199299627,80.0000000000106,-3.39125231343561e-12,7.68984875776368e-12
11.63,-4.86949341321766e-14,0.0790083585617953,-1.21697741521574e-13,-4.79906350654752e-15,1.13313064272799e-14,-1.43100709980631e-14,80.0000000000106,0.23778887340964,0.0790083585618913,7.53240827762159e-14,-9.60120871695708e-14,0.77375855326244,-6.41988194846505e-13,-9.77298959948561,-2.05850974727246e-14,-0.0429869122185295,1.24938539551573e-13,0,0,0,0,1,0.673086199299627,0.673086199299627,80.0000000000106,-3.40242826938891e-12,7.68096697356668e-12
11.64,-4.87542595848859e-14,0.0790083585617954,-1.21841325879024e-13,-4.79951372794065e-15,1.13478647620209e-14,-1.43172173828903e-14,80.0000000000106,0.23778887340964,0.0790083585618913,7.53232134276938e-14,-9.59010648671083e-14,0.77375855326244,-6.41983852842399e-13,-9.77298959948561,-2.05850974727246e-14,-0.0429869122185295,1.24938539551573e-13,0,0,0,0,1,0.673086199299627,0.673086199299627,80.0000000000106,-3.4136099793344e-12,7.67208518936968e-12
11.65,-4.88135951924992e-14,0.0790083585617955,-1.21984981931075e-13,-4.79996277186406e-15,1.1364102083647e-14,-1.43243651871738e-14,80.0000000000106,0.23778887340964,0.0790083585618913,7.53223430359336e-14,-9.57900425646458e-14,0.77375855326244,-6.4197950314745e-13,-9.77298959948561,-2.05850974727246e-14,-0.0429869122185295,1.24938539551573e-13,0,0,0,0,1,0.673086199299627,0.673086199299627,80.0000000000106,-3.42479744418801e-12,7.66320340517268e-12
11.66,-4.88729409443886e-14,0.0790083585617956,-1.22128709691956e-13,-4.80041064310762e-15,1.13800663700359e-14,-1.43315144088719e-14,80.0000000000106,0.23778887340964,0.0790083585618913,7.53214716045637e-14,-9.56790202621833e-14,0.77375855326244,-6.4197514578941e-13,-9.77298959948561,-2.05850974727246e-14,-0.0429869122185295,1.24938539551573e-13,0,0,0,0,1,0.673086199299627,0.673086199299627,80.0000000000106,-3.43599066486487e-12,7.65432162097568e-12
11.67,-4.89322968299728e-14,0.0790083585617957,-1.22272509175876e-13,-4.80085734644203e-15,1.13957096433098e-14,-1.43386650459515e-14,80.0000000000106,0.23778887340964,0.0790083585618913,7.53205991371975e-14,-9.55679979597208e-14,0.77375855326244,-6.41970780795916e-13,-9.77298959948561,-2.05850974727246e-14,-0.0429869122185295,1.24938539551573e-13,0,0,0,0,1,0.673086199299627,0.673086199299627,80.0000000000106,-3.44718964227938e-12,7.64543983677868e-12
11.68,-4.89916628387162e-14,0.0790083585617959,-1.22416380397021e-13,-4.80130288661891e-15,1.14109929810371e-14,-1.43458170963878e-14,80.0000000000106,0.23778887340964,0.0790083585618913,7.53197256374343e-14,-9.54569756572583e-14,0.77375855326244,-6.41966408194499e-13,-9.77298959948561,-2.05850974727246e-14,-0.0429869122185295,1.24938539551573e-13,0,0,0,0,1,0.673086199299627,0.673086199299627,80.0000000000106,-3.45839437734518e-12,7.63655805258168e-12
11.69,-4.90510389601291e-14,0.079008358561796,-1.22560323369561e-13,-4.80174726837085e-15,1.14262402220763e-14,-1.43529705581649e-14,80.0000000000106,0.23778887340964,0.0790083585618913,7.53188511088584e-14,-9.53459533547958e-14,0.77375855326244,-6.41962028012574e-13,-9.77298959948561,-2.05850974727246e-14,-0.0429869122185295,1.24938539551573e-13,0,0,0,0,1,0.673086199299627,0.673086199299627,80.0000000000106,-3.46960487097513e-12,7.62767626838468e-12
11.7,-4.91104251837674e-14,0.0790083585617961,-1.22704338107642e-13,-4.8021904964115e-15,1.14409475597954e-14,-1.43601254292751e-14,80.0000000000106,0.23778887340964,0.0790083585618913,7.53179755550402e-14,-9.52349310523333e-14,0.77375855326244,-6.41957640277451e-13,-9.77298959948561,-2.05850974727246e-14,-0.0429869122185295,1.24938539551573e-13,0,0,0,0,1,0.673086199299627,0.673086199299627,80.0000000000106,-3.48082112408137e-12,7.61879448418767e-12
11.71,-4.91698214992325e-14,0.0790083585617962,-1.22848424625391e-13,-4.80263257543568e-15,1.14556007524824e-14,-1.43672817077194e-14,80.0000000000106,0.23778887340964,0.0790083585618913,7.53170989795354e-14,-9.51239087498708e-14,0.77375855326244,-6.41953245016327e-13,-9.77298959948561,-2.05850974727246e-14,-0.0429869122185295,1.24938539551573e-13,0,0,0,0,1,0.673086199299627,0.673086199299627,80.0000000000106,-3.4920431375753e-12,7.60991269999067e-12
11.72,-4.92292278961712e-14,0.0790083585617963,-1.22992582936917e-13,-4.80307351011938e-15,1.14697140418493e-14,-1.43744393915072e-14,80.0000000000106,0.23778887340964,0.0790083585618913,7.53162213858855e-14,-9.50128864474083e-14,0.77375855326244,-6.4194884225629e-13,-9.77298959948561,-2.05850974727246e-14,-0.0429869122185295,1.24938539551573e-13,0,0,0,0,1,0.673086199299627,0.673086199299627,80.0000000000106,-3.50327091236754e-12,7.60103091579367e-12
11.73,-4.92886443642751e-14,0.0790083585617964,-1.23136813056307e-13,-4.80351330511992e-15,1.14837731861842e-14,-1.43815984786561e-14,80.0000000000106,0.23778887340964,0.0790083585618913,7.53153427776178e-14,-9.48907619146995e-14,0.77375855326244,-6.41944432024321e-13,-9.77298959948561,-2.05850974727246e-14,-0.0429869122185295,1.24938539551573e-13,0,0,0,0,1,0.673086199299627,0.673086199299627,80.0000000000106,-3.514504449368e-12,7.59126095317697e-12
11.74,-4.9348070893281e-14,0.0790083585617965,-1.23281114997627e-13,-4.80395196507596e-15,1.14974723949723e-14,-1.43887589671924e-14,80.0000000000106,0.23778887340964,0.0790083585618913,7.53144631582454e-14,-9.4779739612237e-14,0.77375855326244,-6.41940014347291e-13,-9.77298959948561,-2.05850974727246e-14,-0.0429869122185295,1.24938539551573e-13,0,0,0,0,1,0.673086199299627,0.673086199299627,80.0000000000106,-3.52574374948585e-12,7.58237916897997e-12
11.75,-4.94075074729703e-14,0.0790083585617966,-1.23425488774927e-13,-4.80438949460759e-15,1.15111355070724e-14,-1.43959208551506e-14,80.0000000000106,0.23778887340964,0.0790083585618913,7.53135825312672e-14,-9.46687173097745e-14,0.77375855326244,-6.41935589251963e-13,-9.77298959948561,-2.05850974727246e-14,-0.0429869122185295,1.24938539551573e-13,0,0,0,0,1,0.673086199299627,0.673086199299627,80.0000000000106,-3.53698881362953e-12,7.57349738478297e-12
11.76,-4.94669540931689e-14,0.0790083585617967,-1.23569934402234e-13,-4.80482589831644e-15,1.15242587158523e-14,-1.44030841405734e-14,80.0000000000106,0.23778887340964,0.0790083585618913,7.5312700900168e-14,-9.4557695007312e-14,0.77375855326244,-6.41931156764993e-13,-9.77298959948561,-2.05850974727246e-14,-0.0429869122185295,1.24938539551573e-13,0,0,0,0,1,0.673086199299627,0.673086199299627,80.0000000000106,-3.54823964270674e-12,7.56461560058597e-12
11.77,-4.95264107437471e-14,0.0790083585617969,-1.23714451893557e-13,-4.80526118078571e-15,1.15373277796002e-14,-1.4410248821512e-14,80.0000000000106,0.23778887340964,0.0790083585618913,7.53118182684188e-14,-9.44466727048495e-14,0.77375855326244,-6.41926716912931e-13,-9.77298959948561,-2.05850974727246e-14,-0.0429869122185295,1.24938539551573e-13,0,0,0,0,1,0.673086199299627,0.673086199299627,80.0000000000106,-3.55949623762445e-12,7.55573381638897e-12
11.78,-4.95858774146197e-14,0.079008358561797,-1.23859041262885e-13,-4.80569534658026e-15,1.15501238081108e-14,-1.44174148960256e-14,80.0000000000106,0.23778887340964,0.0790083585618913,7.53109346394765e-14,-9.43467526326333e-14,0.77375855326244,-6.41922269722218e-13,-9.77298959948561,-2.05850974727246e-14,-0.0429869122185295,1.24938539551573e-13,0,0,0,0,1,0.673086199299627,0.673086199299627,80.0000000000106,-3.57075859928893e-12,7.54774021061166e-12
11.79,-4.9645354095745e-14,0.0790083585617971,-1.24003702524188e-13,-4.80612840024669e-15,1.15625988235065e-14,-1.44245823621818e-14,80.0000000000106,0.23778887340964,0.0790083585618913,7.53100500167839e-14,-9.42357303301708e-14,0.77375855326244,-6.41917815219191e-13,-9.77298959948561,-2.05850974727246e-14,-0.0429869122185295,1.24938539551573e-13,0,0,0,0,1,0.673086199299627,0.673086199299627,80.0000000000106,-3.58202672860571e-12,7.53885842641466e-12
11.8,-4.97048407771255e-14,0.0790083585617972,-1.24148435691415e-13,-4.80656034631341e-15,1.15748008036648e-14,-1.44317512180563e-14,80.0000000000106,0.23778887340964,0.0790083585618913,7.53091644037703e-14,-9.41358102579545e-14,0.77375855326244,-6.41913353430079e-13,-9.77298959948561,-2.05850974727246e-14,-0.0429869122185295,1.24938539551573e-13,0,0,0,0,1,0.673086199299627,0.673086199299627,80.0000000000106,-3.59330062647961e-12,7.53086482063736e-12
11.81,-4.97643374488074e-14,0.0790083585617973,-1.24293240778499e-13,-4.80699118929069e-15,1.15866817707083e-14,-1.4438921461733e-14,80.0000000000106,0.23778887340964,0.0790083585618913,7.53082778038509e-14,-9.4024787955492e-14,0.77375855326244,-6.41908884381008e-13,-9.77298959948561,-2.05850974727246e-14,-0.0429869122185295,1.24938539551573e-13,0,0,0,0,1,0.673086199299627,0.673086199299627,80.0000000000106,-3.60458029381474e-12,7.52198303644036e-12
11.82,-4.98238441008802e-14,0.0790083585617974,-1.2443811779935e-13,-4.80742093367078e-15,1.15985627377519e-14,-1.44460930913038e-14,80.0000000000106,0.23778887340964,0.0790083585618913,7.53073902204275e-14,-9.39137656530295e-14,0.77375855326244,-6.41904408097997e-13,-9.77298959948561,-2.05850974727246e-14,-0.0429869122185295,1.24938539551573e-13,0,0,0,0,1,0.673086199299627,0.673086199299627,80.0000000000106,-3.6158657315145e-12,7.51310125224336e-12
11.83,-4.98833607234769e-14,0.0790083585617975,-1.24583066767862e-13,-4.80784958392793e-15,1.16100837692487e-14,-1.44532661048687e-14,80.0000000000106,0.23778887340964,0.0790083585618913,7.53065016568878e-14,-9.3802743350567e-14,0.77375855326244,-6.41899924606963e-13,-9.77298959948561,-2.05850974727246e-14,-0.0429869122185295,1.24938539551573e-13,0,0,0,0,1,0.673086199299627,0.673086199299627,80.0000000000106,-3.62715694048157e-12,7.50421946804636e-12
11.84,-4.99428873067734e-14,0.0790083585617976,-1.24728087697909e-13,-4.8082771445185e-15,1.16215687040574e-14,-1.44604405005359e-14,80.0000000000106,0.23778887340964,0.0790083585618913,7.53056121166063e-14,-9.36917210481045e-14,0.77375855326244,-6.41895433933715e-13,-9.77298959948561,-2.05850974727246e-14,-0.0429869122185295,1.24938539551573e-13,0,0,0,0,1,0.673086199299627,0.673086199299627,80.0000000000106,-3.63845392161794e-12,7.49533768384936e-12
11.85,-5.0002423840989e-14,0.0790083585617977,-1.24873180603344e-13,-4.80870361988103e-15,1.16327806036288e-14,-1.44676162764215e-14,80.0000000000106,0.23778887340964,0.0790083585618913,7.53047216029435e-14,-9.35695965153958e-14,0.77375855326244,-6.41890936103961e-13,-9.77298959948561,-2.05850974727246e-14,-0.0429869122185295,1.24938539551573e-13,0,0,0,0,1,0.673086199299627,0.673086199299627,80.0000000000106,-3.6497566758249e-12,7.48556772123266e-12
11.86,-5.00619703163853e-14,0.0790083585617979,-1.25018345498005e-13,-4.80912901443627e-15,1.16436714900854e-14,-1.44747934306496e-14,80.0000000000106,0.23778887340964,0.0790083585618913,7.53038301192468e-14,-9.34585742129333e-14,0.77375855326244,-6.41886431143306e-13,-9.77298959948561,-2.05850974727246e-14,-0.0429869122185295,1.24938539551573e-13,0,0,0,0,1,0.673086199299627,0.673086199299627,80.0000000000106,-3.66106520400304e-12,7.47668593703565e-12
11.87,-5.01215267232669e-14,0.079008358561798,-1.25163582395708e-13,-4.8095533325873e-15,1.16545623765419e-14,-1.44819719613521e-14,80.0000000000106,0.23778887340964,0.0790083585618913,7.53029376688497e-14,-9.33475519104708e-14,0.77375855326244,-6.41881919077251e-13,-9.77298959948561,-2.05850974727246e-14,-0.0429869122185295,1.24938539551573e-13,0,0,0,0,1,0.673086199299627,0.673086199299627,80.0000000000106,-3.67237950705226e-12,7.46780415283865e-12
11.88,-5.01810930519808e-14,0.0790083585617981,-1.25308891310252e-13,-4.80997657871958e-15,1.16649133596784e-14,-1.44891518666692e-14,80.0000000000106,0.23778887340964,0.0790083585618913,7.53020442550727e-14,-9.32365296080083e-14,0.77375855326244,-6.41877399931195e-13,-9.77298959948561,-2.05850974727246e-14,-0.0429869122185295,1.24938539551573e-13,0,0,0,0,1,0.673086199299627,0.673086199299627,80.0000000000106,-3.68369958587175e-12,7.45892236864165e-12
11.89,-5.02406692929163e-14,0.0790083585617982,-1.25454272255417e-13,-4.81039875720102e-15,1.16752101977828e-14,-1.44963331447486e-14,80.0000000000106,0.23778887340964,0.0790083585618913,7.53011498812226e-14,-9.31255073055458e-14,0.77375855326244,-6.41872873730435e-13,-9.77298959948561,-2.05850974727246e-14,-0.0429869122185295,1.24938539551573e-13,0,0,0,0,1,0.673086199299627,0.673086199299627,80.0000000000106,-3.69502544136003e-12,7.45004058444465e-12
11.9,-5.03002554365046e-14,0.0790083585617983,-1.25599725244964e-13,-4.81081987238205e-15,1.16854551745231e-14,-1.4503515793746e-14,80.0000000000106,0.23778887340964,0.0790083585618913,7.53002545505931e-14,-9.30144850030833e-14,0.77375855326244,-6.41868340500165e-13,-9.77298959948561,-2.05850974727246e-14,-0.0429869122185295,1.24938539551573e-13,0,0,0,0,1,0.673086199299627,0.673086199299627,80.0000000000106,-3.70635707441494e-12,7.44115880024765e-12
11.91,-5.03598514732192e-14,0.0790083585617984,-1.25745250292636e-13,-4.81123992859569e-15,1.16953559803927e-14,-1.4510699811825e-14,80.0000000000106,0.23778887340964,0.0790083585618913,7.52993582664647e-14,-9.29034627006208e-14,0.77375855326244,-6.4186380026548e-13,-9.77298959948561,-2.05850974727246e-14,-0.0429869122185295,1.24938539551573e-13,0,0,0,0,1,0.673086199299627,0.673086199299627,80.0000000000106,-3.71769448593362e-12,7.43227701605065e-12
11.92,-5.04194573935752e-14,0.0790083585617985,-1.25890847412157e-13,-4.81165893015764e-15,1.17054092763527e-14,-1.4517885197157e-14,80.0000000000106,0.23778887340964,0.0790083585618913,7.52984610321044e-14,-9.27924403981583e-14,0.77375855326244,-6.41859253051373e-13,-9.77298959948561,-2.05850974727246e-14,-0.0429869122185295,1.24938539551573e-13,0,0,0,0,1,0.673086199299627,0.673086199299627,80.0000000000106,-3.72903767681254e-12,7.42339523185365e-12
11.93,-5.04790731881294e-14,0.0790083585617986,-1.26036516617234e-13,-4.81207688136631e-15,1.17154784857121e-14,-1.45250719479209e-14,80.0000000000106,0.23778887340964,0.0790083585618913,7.52975628507664e-14,-9.2692520325942e-14,0.773758553262441,-6.41854698882736e-13,-9.77298959948561,-2.05850974727246e-14,-0.0429869122185295,1.24938539551573e-13,0,0,0,0,1,0.673086199299627,0.673086199299627,80.0000000000106,-3.74038664794751e-12,7.41540162607635e-12
11.94,-5.053869884748e-14,0.0790083585617987,-1.26182257921554e-13,-4.81249378650292e-15,1.17235452851611e-14,-1.45322600623037e-14,80.0000000000106,0.23778887340964,0.0790083585618913,7.52966637256916e-14,-9.25926002537258e-14,0.773758553262441,-6.41850137784363e-13,-9.77298959948561,-2.05850974727246e-14,-0.0429869122185295,1.24938539551573e-13,0,0,0,0,1,0.673086199299627,0.673086199299627,80.0000000000106,-3.75174140023365e-12,7.40740802029904e-12
11.95,-5.05983343622665e-14,0.0790083585617989,-1.26328071338788e-13,-4.81290964983155e-15,1.17311123296472e-14,-1.45394495384998e-14,80.0000000000106,0.23778887340964,0.0790083585618914,7.52957636601079e-14,-9.24926801815095e-14,0.773758553262441,-6.41845569780945e-13,-9.77298959948561,-2.05850974727246e-14,-0.0429869122185295,1.24938539551573e-13,0,0,0,0,1,0.673086199299627,0.673086199299627,80.0000000000106,-3.7631019345654e-12,7.39941441452174e-12
11.96,-5.06579797231696e-14,0.079008358561799,-1.26473956882586e-13,-4.81332447559924e-15,1.17376468615211e-14,-1.45466403747116e-14,80.0000000000106,0.23778887340964,0.0790083585618914,7.52948626572303e-14,-9.2381657879047e-14,0.773758553262441,-6.41840994897078e-13,-9.77298959948561,-2.05850974727246e-14,-0.0429869122185295,1.24938539551573e-13,0,0,0,0,1,0.673086199299627,0.673086199299627,80.0000000000106,-3.77446825183656e-12,7.39053263032474e-12
11.97,-5.07176349209108e-14,0.0790083585617991,-1.26619914566583e-13,-4.813738268036e-15,1.17438437858113e-14,-1.45538325691487e-14,80.0000000000106,0.23778887340964,0.0790083585618914,7.52939607202606e-14,-9.2292840037077e-14,0.773758553262441,-6.41836413157255e-13,-9.77298959948562,-2.05850974727246e-14,-0.0429869122185295,1.24938539551573e-13,0,0,0,0,1,0.673086199299627,0.673086199299627,80.0000000000106,-3.78584035294025e-12,7.38342720296714e-12
11.98,-5.07772999462526e-14,0.0790083585617992,-1.26765944404395e-13,-4.81415103135496e-15,1.17487941887461e-14,-1.45610261200287e-14,80.0000000000106,0.23778887340964,0.0790083585618914,7.52930578523881e-14,-9.21818177346145e-14,0.773758553262441,-6.41831824585873e-13,-9.77298959948562,-2.05850974727246e-14,-0.0429869122185295,1.24938539551573e-13,0,0,0,0,1,0.673086199299627,0.673086199299627,80.0000000000106,-3.79721823876894e-12,7.37454541877014e-12
11.99,-5.08369747899981e-14,0.0790083585617993,-1.2691204640962e-13,-4.81456276975236e-15,1.17537445916809e-14,-1.45682210255765e-14,80.0000000000106,0.23778887340964,0.0790083585618914,7.52921540567889e-14,-9.2070795432152e-14,0.773758553262441,-6.41827229207232e-13,-9.77298959948562,-2.05850974727246e-14,-0.0429869122185295,1.24938539551573e-13,0,0,0,0,1,0.673086199299627,0.673086199299627,80.0000000000106,-3.80860191021442e-12,7.36566363457314e-12
12,-5.08966594429907e-14,0.0790083585617994,-1.27058220595837e-13,-4.81497348740765e-15,1.17586949946157e-14,-1.45754172840248e-14,80.0000000000106,0.23778887340964,0.0790083585618914,7.52912493366266e-14,-9.19597731296895e-14,0.773758553262441,-6.41822627045531e-13,-9.77298959948562,-2.05850974727246e-14,-0.0429869122185295,1.24938539551573e-13,0,0,0,0,1,0.673086199299627,0.673086199299627,80.0000000000106,-3.81999136816787e-12,7.35678185037614e-12
12.01,-5.09563538961144e-14,0.0790083585617995,-1.27204466976609e-13,-4.81538318848357e-15,1.17636453975505e-14,-1.45826148936137e-14,80.0000000000106,0.23778887340964,0.0790083585618914,7.52903436950519e-14,-9.1848750827227e-14,0.773758553262441,-6.41818018124875e-13,-9.77298959948562,-2.05850974727246e-14,-0.0429869122185295,1.24938539551573e-13,0,0,0,0,1,0.673086199299627,0.673086199299627,80.0000000000106,-3.83138661351976e-12,7.34790006617914e-12
12.02,-5.1016058140293e-14,0.0790083585617996,-1.27350785565482e-13,-4.8157918771262e-15,1.17685958004853e-14,-1.45898138525907e-14,80.0000000000106,0.23778887340964,0.0790083585618914,7.52894371352029e-14,-9.17377285247645e-14,0.773758553262441,-6.41813402469269e-13,-9.77298959948562,-2.05850974727246e-14,-0.0429869122185295,1.24938539551573e-13,0,0,0,0,1,0.673086199299627,0.673086199299627,80.0000000000106,-3.84278764715996e-12,7.33901828198213e-12
12.03,-5.10757721664907e-14,0.0790083585617997,-1.27497176375982e-13,-4.81619955746503e-15,1.17732731681827e-14,-1.45970141592108e-14,80.0000000000106,0.23778887340964,0.0790083585618914,7.5288529660205e-14,-9.1626706222302e-14,0.773758553262441,-6.41808780102624e-13,-9.77298959948562,-2.05850974727246e-14,-0.0429869122185295,1.24938539551573e-13,0,0,0,0,1,0.673086199299627,0.673086199299627,80.0000000000106,-3.85419446997768e-12,7.33013649778513e-12
12.04,-5.11354959657112e-14,0.0790083585617999,-1.27643639421619e-13,-4.81660623361302e-15,1.17774998693552e-14,-1.46042158117366e-14,80.0000000000106,0.23778887340964,0.0790083585618914,7.52876212731711e-14,-9.15156839198395e-14,0.773758553262441,-6.41804151048755e-13,-9.77298959948562,-2.05850974727246e-14,-0.0429869122185295,1.24938539551573e-13,0,0,0,0,1,0.673086199299627,0.673086199299627,80.0000000000106,-3.86560708286148e-12,7.32125471358813e-12
12.05,-5.1195229528998e-14,0.0790083585618,-1.27790174715886e-13,-4.81701190966668e-15,1.17817265705276e-14,-1.46114188084379e-14,80.0000000000106,0.23778887340964,0.0790083585618914,7.52867119772015e-14,-9.14157638476233e-14,0.773758553262441,-6.41799515331379e-13,-9.77298959948562,-2.05850974727246e-14,-0.0429869122185295,1.24938539551573e-13,0,0,0,0,1,0.673086199299627,0.673086199299627,80.0000000000106,-3.87702548669927e-12,7.31326110781083e-12
12.06,-5.12549728474341e-14,0.0790083585618001,-1.27936782272259e-13,-4.81741658970612e-15,1.17850928445233e-14,-1.4618623147592e-14,80.0000000000106,0.23778887340964,0.0790083585618914,7.5285801775384e-14,-9.13047415451608e-14,0.773758553262441,-6.4179487297412e-13,-9.77298959948562,-2.05850974727246e-14,-0.0429869122185295,1.24938539551573e-13,0,0,0,0,1,0.673086199299627,0.673086199299627,80.0000000000106,-3.88844968237836e-12,7.30437932361383e-12
12.07,-5.1314725912142e-14,0.0790083585618002,-1.28083462104194e-13,-4.81782027779515e-15,1.17884591185189e-14,-1.46258288274833e-14,80.0000000000106,0.23778887340964,0.0790083585618914,7.52848906707941e-14,-9.11937192426983e-14,0.773758553262441,-6.41790224000506e-13,-9.77298959948562,-2.05850974727246e-14,-0.0429869122185295,1.24938539551573e-13,0,0,0,0,1,0.673086199299627,0.673086199299627,80.0000000000106,-3.8998796707854e-12,7.29549753941683e-12
12.08,-5.13744887142831e-14,0.0790083585618003,-1.28230214225133e-13,-4.81822297798129e-15,1.17918253925146e-14,-1.46330358464039e-14,80.0000000000106,0.23778887340964,0.0790083585618914,7.52839786664949e-14,-9.10826969402358e-14,0.773758553262441,-6.4178556843397e-13,-9.77298959948562,-2.05850974727246e-14,-0.0429869122185295,1.24938539551573e-13,0,0,0,0,1,0.673086199299627,0.673086199299627,80.0000000000106,-3.91131545280641e-12,7.28661575521983e-12
12.09,-5.14342612450582e-14,0.0790083585618004,-1.28377038648499e-13,-4.81862469429587e-15,1.17951916665103e-14,-1.46402442026529e-14,80.0000000000106,0.23778887340964,0.0790083585618914,7.52830657655369e-14,-9.09716746377733e-14,0.773758553262441,-6.41780906297851e-13,-9.77298959948562,-2.05850974727246e-14,-0.0429869122185295,1.24938539551573e-13,0,0,0,0,1,0.673086199299627,0.673086199299627,80.0000000000106,-3.92275702932678e-12,7.27773397102283e-12
12.1,-5.14940434957067e-14,0.0790083585618005,-1.28523935387699e-13,-4.8190254307541e-15,1.17984801484598e-14,-1.46474538945367e-14,80.0000000000106,0.23778887340964,0.0790083585618914,7.52821519709588e-14,-9.08606523353108e-14,0.773758553262441,-6.41776237615396e-13,-9.77298959948562,-2.05850974727246e-14,-0.0429869122185295,1.24938539551573e-13,0,0,0,0,1,0.673086199299627,0.673086199299627,80.0000000000106,-3.93420440123129e-12,7.26885218682582e-12
12.11,-5.15538354575068e-14,0.0790083585618007,-1.28670904456123e-13,-4.81942519135513e-15,1.18009147665195e-14,-1.46546649203689e-14,80.0000000000106,0.23778887340964,0.0790083585618914,7.52812372857866e-14,-9.0738527802602e-14,0.773758553262442,-6.41771562409757e-13,-9.77298959948562,-2.05850974727246e-14,-0.0429869122185295,1.24938539551573e-13,0,0,0,0,1,0.673086199299627,0.673086199299627,80.0000000000106,-3.94565756940408e-12,7.25908222420912e-12
12.12,-5.16136371217754e-14,0.0790083585618008,-1.28817945867144e-13,-4.81982398008208e-15,1.18021028632239e-14,-1.46618772784704e-14,80.0000000000106,0.23778887340964,0.0790083585618914,7.52803217130344e-14,-9.06164032698933e-14,0.773758553262442,-6.41766880703992e-13,-9.77298959948562,-2.05850974727246e-14,-0.0429869122185295,1.24938539551573e-13,0,0,0,0,1,0.673086199299627,0.673086199299627,80.0000000000106,-3.95711653472869e-12,7.24931226159242e-12
12.13,-5.16734484798677e-14,0.0790083585618009,-1.28965059634116e-13,-4.82022180090217e-15,1.18032909599282e-14,-1.46690909671692e-14,80.0000000000106,0.23778887340964,0.0790083585618914,7.52794052557041e-14,-9.04942787371845e-14,0.773758553262442,-6.41762192521068e-13,-9.77298959948562,-2.05850974727246e-14,-0.0429869122185295,1.24938539551573e-13,0,0,0,0,1,0.673086199299627,0.673086199299627,80.0000000000106,-3.96858129808802e-12,7.23954229897572e-12
12.14,-5.17332695231773e-14,0.079008358561801,-1.29112245770381e-13,-4.82061865776671e-15,1.18044790566326e-14,-1.46763059848005e-14,80.0000000000106,0.23778887340964,0.0790083585618914,7.52784879167855e-14,-9.03610519742295e-14,0.773758553262442,-6.41757497883859e-13,-9.77298959948562,-2.05850974727246e-14,-0.0429869122185295,1.24938539551573e-13,0,0,0,0,1,0.673086199299627,0.673086199299627,80.0000000000106,-3.98005186036437e-12,7.22888415793932e-12
12.15,-5.17931002431358e-14,0.0790083585618012,-1.2925950428926e-13,-4.82101455461124e-15,1.18056671533369e-14,-1.46835223297064e-14,80.0000000000106,0.23778887340964,0.0790083585618914,7.52775696992563e-14,-9.02389274415208e-14,0.773758553262442,-6.41752796815147e-13,-9.77298959948562,-2.05850974727246e-14,-0.0429869122185295,1.24938539551573e-13,0,0,0,0,1,0.673086199299627,0.673086199299627,80.0000000000106,-3.99152822243944e-12,7.21911419532262e-12
12.16,-5.18529406312127e-14,0.0790083585618013,-1.29406835204059e-13,-4.82140949535551e-15,1.18068552500413e-14,-1.46907400002364e-14,80.0000000000106,0.23778887340964,0.0790083585618914,7.52766506060823e-14,-9.0116802908812e-14,0.773758553262442,-6.41748089337622e-13,-9.77298959948562,-2.05850974727246e-14,-0.0429869122185295,1.24938539551573e-13,0,0,0,0,1,0.673086199299627,0.673086199299627,80.0000000000106,-4.00301038519429e-12,7.20934423270592e-12
12.17,-5.19127906789155e-14,0.0790083585618014,-1.29554238528068e-13,-4.82180348390361e-15,1.18080433467456e-14,-1.46979589947468e-14,80.0000000000106,0.23778887340964,0.0790083585618914,7.52757306402174e-14,-9.00057806063495e-14,0.773758553262442,-6.41743375473884e-13,-9.77298959948562,-2.05850974727246e-14,-0.0429869122185295,1.24938539551573e-13,0,0,0,0,1,0.673086199299627,0.673086199299627,80.0000000000106,-4.01449834950941e-12,7.20046244850892e-12
12.18,-5.19726503777893e-14,0.0790083585618015,-1.2970171427456e-13,-4.82219652414402e-15,1.18091017900398e-14,-1.4705179311601e-14,80.0000000000106,0.23778887340964,0.0790083585618914,7.52748098046036e-14,-8.98836560736407e-14,0.773758553262442,-6.41738655246442e-13,-9.77298959948562,-2.05850974727246e-14,-0.0429869122185295,1.24938539551573e-13,0,0,0,0,1,0.673086199299627,0.673086199299627,80.0000000000106,-4.02599211626467e-12,7.19069248589221e-12
12.19,-5.20325197194167e-14,0.0790083585618017,-1.29849262456791e-13,-4.82258861994964e-15,1.18101602333339e-14,-1.47124009491695e-14,80.0000000000106,0.23778887340964,0.0790083585618914,7.52738881021708e-14,-8.9761531540932e-14,0.773758553262442,-6.41733928677714e-13,-9.77298959948562,-2.05850974727246e-14,-0.0429869122185295,1.24938539551573e-13,0,0,0,0,1,0.673086199299627,0.673086199299627,80.0000000000106,-4.03749168633933e-12,7.18092252327551e-12
12.2,-5.20923986954176e-14,0.0790083585618018,-1.29996883088002e-13,-4.82297977517787e-15,1.18112186766281e-14,-1.47196239058296e-14,80.0000000000106,0.23778887340964,0.0790083585618914,7.52729655358374e-14,-8.96505092384695e-14,0.773758553262442,-6.41729195790026e-13,-9.77298959948562,-2.05850974727246e-14,-0.0429869122185295,1.24938539551573e-13,0,0,0,0,1,0.673086199299627,0.673086199299627,80.0000000000106,-4.04899706061207e-12,7.17204073907851e-12
12.21,-5.21522872974493e-14,0.0790083585618019,-1.30144576181417e-13,-4.82336999367071e-15,1.18114166927455e-14,-1.47268481799655e-14,80.0000000000106,0.23778887340964,0.0790083585618914,7.527204210851e-14,-8.95283847057607e-14,0.773758553262442,-6.41724456605618e-13,-9.77298959948562,-2.05850974727246e-14,-0.0429869122185295,1.24938539551573e-13,0,0,0,0,1,0.673086199299627,0.673086199299627,80.0000000000106,-4.06050823996098e-12,7.16227077646181e-12
12.22,-5.22121855172059e-14,0.079008358561802,-1.30292341750244e-13,-4.82375927925476e-15,1.18116147088629e-14,-1.47340737699687e-14,80.0000000000106,0.23778887340964,0.0790083585618914,7.52711178230834e-14,-8.93951579428057e-14,0.773758553262442,-6.41719711146637e-13,-9.77298959948562,-2.05850974727246e-14,-0.0429869122185295,1.24938539551573e-13,0,0,0,0,1,0.673086199299627,0.673086199299627,80.0000000000106,-4.07202522526353e-12,7.15161263542541e-12
12.23,-5.22720933464186e-14,0.0790083585618022,-1.30440179807674e-13,-4.8241476357413e-15,1.18118127249803e-14,-1.4741300674237e-14,80.0000000000106,0.23778887340964,0.0790083585618914,7.52701926824408e-14,-8.9273033410097e-14,0.773758553262442,-6.41714959435145e-13,-9.77298959948562,-2.05850974727246e-14,-0.0429869122185295,1.24938539551573e-13,0,0,0,0,1,0.673086199299627,0.673086199299627,80.0000000000106,-4.08354801739664e-12,7.14184267280871e-12
12.24,-5.23320107768554e-14,0.0790083585618023,-1.30588090366884e-13,-4.82453506692639e-15,1.18120107410977e-14,-1.47485288911756e-14,80.0000000000106,0.23778887340964,0.0790083585618914,7.52692666894538e-14,-8.9139806647142e-14,0.773758553262442,-6.41710201493111e-13,-9.77298959948562,-2.05850974727246e-14,-0.0429869122185295,1.24938539551573e-13,0,0,0,0,1,0.673086199299627,0.673086199299627,80.0000000000106,-4.0950766172366e-12,7.13118453177231e-12
12.25,-5.23919378003207e-14,0.0790083585618024,-1.30736073441033e-13,-4.82492157659088e-15,1.1812208757215e-14,-1.47557584191962e-14,80.0000000000106,0.23778887340964,0.0790083585618914,7.52683398469824e-14,-8.90176821144332e-14,0.773758553262442,-6.41705437342419e-13,-9.77298959948562,-2.05850974727246e-14,-0.0429869122185295,1.24938539551573e-13,0,0,0,0,1,0.673086199299627,0.673086199299627,80.0000000000106,-4.10661102565916e-12,7.1214145691556e-12
12.26,-5.24518744086557e-14,0.0790083585618025,-1.30884129043265e-13,-4.82530716850051e-15,1.18124067733324e-14,-1.47629892567175e-14,80.0000000000106,0.23778887340964,0.0790083585618914,7.52674121578751e-14,-8.88955575817245e-14,0.773758553262442,-6.41700667004862e-13,-9.77298959948562,-2.05850974727246e-14,-0.0429869122185295,1.24938539551573e-13,0,0,0,0,1,0.673086199299627,0.673086199299627,80.0000000000106,-4.11815124353946e-12,7.1116446065389e-12
12.27,-5.25118205937377e-14,0.0790083585618027,-1.31032257186708e-13,-4.82569184640593e-15,1.18126047894498e-14,-1.47702214021647e-14,80.0000000000106,0.23778887340964,0.0790083585618914,7.52664836249689e-14,-8.87734330490157e-14,0.773758553262442,-6.41695890502148e-13,-9.77298959948562,-2.05850974727246e-14,-0.0429869122185295,1.24938539551573e-13,0,0,0,0,1,0.673086199299627,0.673086199299627,80.0000000000106,-4.12969727175207e-12,7.1018746439222e-12
12.28,-5.25717763474803e-14,0.0790083585618028,-1.31180457884474e-13,-4.82607561404281e-15,1.18128028055672e-14,-1.477745485397e-14,80.0000000000106,0.23778887340964,0.0790083585618914,7.52655542510895e-14,-8.8651308516307e-14,0.773758553262442,-6.41691107855897e-13,-9.77298959948562,-2.05850974727246e-14,-0.0429869122185295,1.24938539551573e-13,0,0,0,0,1,0.673086199299627,0.673086199299627,80.0000000000106,-4.14124911117099e-12,7.0921046813055e-12
12.29,-5.2631741661833e-14,0.0790083585618029,-1.31328731149661e-13,-4.82645847513184e-15,1.18130008216846e-14,-1.47846896105723e-14,80.0000000000106,0.23778887340964,0.0790083585618914,7.52646240390511e-14,-8.8518081753352e-14,0.773758553262442,-6.41686319087642e-13,-9.77298959948562,-2.05850974727246e-14,-0.0429869122185295,1.24938539551573e-13,0,0,0,0,1,0.673086199299627,0.673086199299627,80.0000000000106,-4.15280676266964e-12,7.0814465402691e-12
12.3,-5.26917165287814e-14,0.079008358561803,-1.31477076995348e-13,-4.82684043337887e-15,1.1813198837802e-14,-1.47919256704171e-14,80.0000000000106,0.23778887340964,0.0790083585618914,7.52636929916565e-14,-8.83959572206432e-14,0.773758553262442,-6.41681524218828e-13,-9.77298959948562,-2.05850974727246e-14,-0.0429869122185295,1.24938539551573e-13,0,0,0,0,1,0.673086199299627,0.673086199299627,80.0000000000106,-4.16437022712088e-12,7.0716765776524e-12
12.31,-5.27517009403467e-14,0.0790083585618032,-1.31625495434602e-13,-4.82722149247487e-15,1.18133968539194e-14,-1.47991630319567e-14,80.0000000000106,0.23778887340964,0.0790083585618914,7.52627611116974e-14,-8.82738326879345e-14,0.773758553262442,-6.41676723270816e-13,-9.77298959948562,-2.05850974727246e-14,-0.0429869122185295,1.24938539551573e-13,0,0,0,0,1,0.673086199299627,0.673086199299627,80.0000000000106,-4.17593950539698e-12,7.0619066150357e-12
12.32,-5.28116948885857e-14,0.0790083585618033,-1.31773986480473e-13,-4.82760165609608e-15,1.18135948700368e-14,-1.48064016936497e-14,80.0000000000106,0.23778887340964,0.0790083585618914,7.52618284019541e-14,-8.81517081552257e-14,0.773758553262442,-6.41671916264881e-13,-9.77298959948562,-2.05850974727246e-14,-0.0429869122185295,1.24938539551573e-13,0,0,0,0,1,0.673086199299627,0.673086199299627,80.0000000000106,-4.18751459836968e-12,7.05213665241899e-12
12.33,-5.28716983655909e-14,0.0790083585618034,-1.31922550145995e-13,-4.82798092790401e-15,1.18137928861542e-14,-1.48136416539618e-14,80.0000000000106,0.23778887340964,0.0790083585618914,7.52608948651957e-14,-8.80184813922707e-14,0.773758553262442,-6.41667103222209e-13,-9.77298959948562,-2.05850974727246e-14,-0.0429869122185295,1.24938539551573e-13,0,0,0,0,1,0.673086199299627,0.673086199299627,80.0000000000106,-4.19909550691012e-12,7.04147851138259e-12
12.34,-5.29317113634898e-14,0.0790083585618035,-1.32071186444187e-13,-4.82835931154554e-15,1.18139909022716e-14,-1.4820882911365e-14,80.0000000000106,0.23778887340964,0.0790083585618914,7.52599605041804e-14,-8.78852546293157e-14,0.773758553262442,-6.41662284163906e-13,-9.77298959948562,-2.05850974727246e-14,-0.0429869122185295,1.24938539551573e-13,0,0,0,0,1,0.673086199299627,0.673086199299627,80.0000000000106,-4.21068223188891e-12,7.03082037034619e-12
12.35,-5.29917338744454e-14,0.0790083585618037,-1.32219895388052e-13,-4.82873681065295e-15,1.1814188918389e-14,-1.48281254643378e-14,80.0000000000106,0.23778887340964,0.0790083585618914,7.5259025321655e-14,-8.7763130096607e-14,0.773758553262442,-6.41657459110989e-13,-9.77298959948562,-2.05850974727246e-14,-0.0429869122185295,1.24938539551573e-13,0,0,0,0,1,0.673086199299627,0.673086199299627,80.0000000000106,-4.22227477417609e-12,7.02105040772949e-12
12.36,-5.30517658906555e-14,0.0790083585618038,-1.32368676990581e-13,-4.82911342884397e-15,1.18143869345064e-14,-1.48353693113655e-14,80.0000000000106,0.23778887340964,0.0790083585618914,7.52580893203554e-14,-8.76410055638982e-14,0.773758553262442,-6.41652628084392e-13,-9.77298959948562,-2.05850974727246e-14,-0.0429869122185295,1.24938539551573e-13,0,0,0,0,1,0.673086199299627,0.673086199299627,80.0000000000106,-4.23387313464114e-12,7.01128044511279e-12
12.37,-5.31118074043529e-14,0.0790083585618039,-1.32517531264745e-13,-4.82948916972189e-15,1.18145849506238e-14,-1.48426144509397e-14,80.0000000000106,0.23778887340964,0.0790083585618914,7.52571525030062e-14,-8.75188810311895e-14,0.773758553262442,-6.41647791104966e-13,-9.77298959948562,-2.05850974727246e-14,-0.0429869122185295,1.24938539551573e-13,0,0,0,0,1,0.673086199299627,0.673086199299627,80.0000000000106,-4.24547731415301e-12,7.00151048249609e-12
12.38,-5.31718584078053e-14,0.079008358561804,-1.32666458223505e-13,-4.82986403687555e-15,1.18147829667412e-14,-1.48498608815586e-14,80.0000000000106,0.23778887340964,0.0790083585618914,7.52562148723215e-14,-8.73856542682345e-14,0.773758553262442,-6.41642948193475e-13,-9.77298959948562,-2.05850974727246e-14,-0.0429869122185295,1.24938539551573e-13,0,0,0,0,1,0.673086199299627,0.673086199299627,80.0000000000106,-4.25708731358007e-12,6.99085234145969e-12
12.39,-5.32319188933148e-14,0.0790083585618042,-1.32815457879802e-13,-4.83023803387945e-15,1.18149809828585e-14,-1.48571086017266e-14,80.0000000000106,0.23778887340964,0.0790083585618914,7.52552764310041e-14,-8.72635297355257e-14,0.773758553262442,-6.41638099370604e-13,-9.77298959948562,-2.05850974727246e-14,-0.0429869122185295,1.24938539551573e-13,0,0,0,0,1,0.673086199299627,0.673086199299627,80.0000000000106,-4.26870313379017e-12,6.98108237884298e-12
12.4,-5.32919888532181e-14,0.0790083585618043,-1.32964530246565e-13,-4.83061116429378e-15,1.18152149219218e-14,-1.4864357609955e-14,80.0000000000106,0.23778887340964,0.0790083585618914,7.5254337181746e-14,-8.71525074330632e-14,0.773758553262443,-6.41633244656951e-13,-9.77298959948563,-2.05850974727246e-14,-0.0429869122185295,1.24938539551573e-13,0,0,0,0,1,0.673086199299627,0.673086199299627,80.0000000000106,-4.28032477565059e-12,6.97220059464598e-12
12.41,-5.33520682798863e-14,0.0790083585618044,-1.33113675336708e-13,-4.8309834316645e-15,1.18144322867911e-14,-1.4871607904761e-14,80.0000000000106,0.23778887340964,0.0790083585618914,7.52533971272284e-14,-8.70303829003545e-14,0.773758553262443,-6.41628384073031e-13,-9.77298959948563,-2.05850974727246e-14,-0.0429869122185295,1.24938539551573e-13,0,0,0,0,1,0.673086199299627,0.673086199299627,80.0000000000106,-4.2919522400281e-12,6.96243063202928e-12
12.42,-5.34121571657247e-14,0.0790083585618045,-1.33262893163129e-13,-4.83135483952336e-15,1.18150263351433e-14,-1.48788594846686e-14,80.0000000000106,0.23778887340964,0.0790083585618914,7.52524562701217e-14,-8.69082583676457e-14,0.773758553262443,-6.4162351763928e-13,-9.77298959948563,-2.05850974727246e-14,-0.0429869122185295,1.24938539551573e-13,0,0,0,0,1,0.673086199299627,0.673086199299627,80.0000000000106,-4.30358552778891e-12,6.95266066941258e-12
12.43,-5.34722555031726e-14,0.0790083585618047,-1.33412183738712e-13,-4.83172539138801e-15,1.18156203834955e-14,-1.48861123482079e-14,80.0000000000106,0.23778887340964,0.0790083585618914,7.52515146130855e-14,-8.67750316046907e-14,0.773758553262443,-6.4161864537605e-13,-9.77298959948563,-2.05850974727246e-14,-0.0429869122185295,1.24938539551573e-13,0,0,0,0,1,0.673086199299627,0.673086199299627,80.0000000000106,-4.31522463979869e-12,6.94200252837618e-12
12.44,-5.35323632847033e-14,0.0790083585618048,-1.33561547076327e-13,-4.83209509076199e-15,1.18162144318477e-14,-1.48933664939154e-14,80.0000000000106,0.23778887340964,0.0790083585618914,7.52505721587687e-14,-8.66418048417357e-14,0.773758553262443,-6.41613767303609e-13,-9.77298959948563,-2.05850974727246e-14,-0.0429869122185295,1.24938539551573e-13,0,0,0,0,1,0.673086199299627,0.673086199299627,80.0000000000106,-4.32686957692259e-12,6.93134438733978e-12
12.45,-5.3592480502824e-14,0.0790083585618049,-1.33710983188827e-13,-4.83246394113485e-15,1.18168084801998e-14,-1.49006219203339e-14,80.0000000000106,0.23778887340964,0.0790083585618914,7.52496289098095e-14,-8.6519680309027e-14,0.773758553262443,-6.41608883442146e-13,-9.77298959948563,-2.05850974727246e-14,-0.0429869122185295,1.24938539551573e-13,0,0,0,0,1,0.673086199299627,0.673086199299627,80.0000000000106,-4.33852034002522e-12,6.92157442472308e-12
12.46,-5.36526071500753e-14,0.079008358561805,-1.33860492089053e-13,-4.83283194598217e-15,1.1817402528552e-14,-1.49078786260126e-14,80.0000000000106,0.23778887340964,0.0790083585618914,7.52486848688355e-14,-8.63975557763182e-14,0.773758553262443,-6.41603993811769e-13,-9.77298959948563,-2.05850974727246e-14,-0.0429869122185295,1.24938539551573e-13,0,0,0,0,1,0.673086199299627,0.673086199299627,80.0000000000106,-4.35017692997067e-12,6.91180446210637e-12
12.47,-5.37127432190317e-14,0.0790083585618052,-1.34010073789831e-13,-4.83319910876562e-15,1.18179965769042e-14,-1.49151366095066e-14,80.0000000000106,0.23778887340964,0.0790083585618914,7.52477400384638e-14,-8.62643290133632e-14,0.773758553262443,-6.41599098432504e-13,-9.77298959948563,-2.05850974727246e-14,-0.0429869122185295,1.24938539551573e-13,0,0,0,0,1,0.673086199299627,0.673086199299627,80.0000000000106,-4.36183934762249e-12,6.90114632106997e-12
12.48,-5.37728887023009e-14,0.0790083585618053,-1.3415972830397e-13,-4.83356543293303e-15,1.18185906252564e-14,-1.49223958693777e-14,80.0000000000106,0.23778887340964,0.0790083585618914,7.52467944213007e-14,-8.61422044806545e-14,0.773758553262443,-6.41594197324296e-13,-9.77298959948563,-2.05850974727246e-14,-0.0429869122185295,1.24938539551573e-13,0,0,0,0,1,0.673086199299627,0.673086199299627,80.0000000000106,-4.3735075938437e-12,6.89137635845327e-12
12.49,-5.38330435925238e-14,0.0790083585618054,-1.34309455644268e-13,-4.83393092191843e-15,1.18191846736085e-14,-1.49296564041936e-14,80.0000000000106,0.23778887340964,0.0790083585618914,7.52458480199424e-14,-8.60200799479457e-14,0.773758553262443,-6.41589290507012e-13,-9.77298959948563,-2.05850974727246e-14,-0.0429869122185295,1.24938539551573e-13,0,0,0,0,1,0.673086199299627,0.673086199299627,80.0000000000106,-4.38518166949683e-12,6.88160639583657e-12
12.5,-5.38932078823747e-14,0.0790083585618055,-1.34459255823506e-13,-4.83429557914211e-15,1.18197787219607e-14,-1.49369182125282e-14,80.0000000000106,0.23778887340964,0.0790083585618914,7.52449008369742e-14,-8.5897955415237e-14,0.773758553262443,-6.41584378000436e-13,-9.77298959948563,-2.05850974727246e-14,-0.0429869122185295,1.24938539551573e-13,0,0,0,0,1,0.673086199299627,0.673086199299627,80.0000000000106,-4.39686157544385e-12,6.87183643321987e-12
12.51,-5.39533815645606e-14,0.0790083585618057,-1.34609128854453e-13,-4.83465940801068e-15,1.18203727703129e-14,-1.49441812929617e-14,80.0000000000106,0.23778887340964,0.0790083585618914,7.52439528749713e-14,-8.57758308825282e-14,0.773758553262443,-6.41579459824275e-13,-9.77298959948563,-2.05850974727246e-14,-0.0429869122185295,1.24938539551573e-13,0,0,0,0,1,0.673086199299627,0.673086199299627,80.0000000000106,-4.40854731254626e-12,6.86206647060317e-12
12.52,-5.40135646318216e-14,0.0790083585618058,-1.34759074749863e-13,-4.83502241191711e-15,1.18209668186651e-14,-1.49514456440803e-14,80.0000000000106,0.23778887340964,0.0790083585618914,7.52430041364983e-14,-8.56426041195732e-14,0.773758553262443,-6.41574535998155e-13,-9.77298959948563,-2.05850974727246e-14,-0.0429869122185295,1.24938539551573e-13,0,0,0,0,1,0.673086199299627,0.673086199299627,80.0000000000106,-4.42023888166499e-12,6.85140832956677e-12
12.53,-5.40737570769304e-14,0.0790083585618059,-1.34909093522474e-13,-4.83538459424082e-15,1.18215608670172e-14,-1.49587112644763e-14,80.0000000000106,0.23778887340964,0.0790083585618914,7.52420546241098e-14,-8.55315818171107e-14,0.773758553262443,-6.41569606541625e-13,-9.77298959948563,-2.05850974727246e-14,-0.0429869122185295,1.24938539551573e-13,0,0,0,0,1,0.673086199299627,0.673086199299627,80.0000000000106,-4.43193628366051e-12,6.84252654536976e-12
12.54,-5.41339588926925e-14,0.079008358561806,-1.35059185185013e-13,-4.83574595834767e-15,1.18221549153694e-14,-1.49659781527483e-14,80.0000000000106,0.23778887340964,0.0790083585618914,7.52411043403497e-14,-8.5409457284402e-14,0.773758553262443,-6.41564671474154e-13,-9.77298959948563,-2.05850974727246e-14,-0.0429869122185295,1.24938539551573e-13,0,0,0,0,1,0.673086199299627,0.673086199299627,80.0000000000106,-4.44363951939275e-12,6.83275658275306e-12
12.55,-5.41941700719457e-14,0.0790083585618062,-1.3520934975019e-13,-4.8361065075901e-15,1.18227489637216e-14,-1.49732463075005e-14,80.0000000000106,0.23778887340964,0.0790083585618914,7.52401532877518e-14,-8.52873327516932e-14,0.773758553262443,-6.41559730815132e-13,-9.77298959948563,-2.05850974727246e-14,-0.0429869122185295,1.24938539551573e-13,0,0,0,0,1,0.673086199299627,0.673086199299627,80.0000000000106,-4.45534858972113e-12,6.82298662013636e-12
12.56,-5.42543906075602e-14,0.0790083585618063,-1.35359587230704e-13,-4.8364662453071e-15,1.18233430120738e-14,-1.49805157273437e-14,80.0000000000106,0.23778887340964,0.0790083585618914,7.52392014688398e-14,-8.51652082189845e-14,0.773758553262443,-6.41554784583872e-13,-9.77298959948563,-2.05850974727246e-14,-0.0429869122185295,1.24938539551573e-13,0,0,0,0,1,0.673086199299627,0.673086199299627,80.0000000000106,-4.46706349550459e-12,6.81321665751966e-12
12.57,-5.43146204924385e-14,0.0790083585618064,-1.35509897639237e-13,-4.83682517482432e-15,1.1823937060426e-14,-1.49877864108943e-14,80.0000000000106,0.23778887340964,0.0790083585618914,7.52382488861272e-14,-8.50430836862757e-14,0.773758553262443,-6.4154983279961e-13,-9.77298959948563,-2.05850974727246e-14,-0.0429869122185295,1.24938539551573e-13,0,0,0,0,1,0.673086199299627,0.673086199299627,80.0000000000106,-4.47878423760155e-12,6.80344669490296e-12
12.58,-5.43748597195151e-14,0.0790083585618065,-1.3566028098846e-13,-4.8371832994541e-15,1.18245311087781e-14,-1.49950583567747e-14,80.0000000000106,0.23778887340964,0.0790083585618914,7.52372955421172e-14,-8.49098569233207e-14,0.773758553262443,-6.41544875481503e-13,-9.77298959948563,-2.05850974727246e-14,-0.0429869122185295,1.24938539551573e-13,0,0,0,0,1,0.673086199299627,0.673086199299627,80.0000000000106,-4.49051081686993e-12,6.79278855386656e-12
12.59,-5.44351082817566e-14,0.0790083585618067,-1.35810737291028e-13,-4.83754062249553e-15,1.18251251571303e-14,-1.50023315636136e-14,80.0000000000106,0.23778887340964,0.0790083585618914,7.52363414393031e-14,-8.4787732390612e-14,0.773758553262443,-6.41539912648632e-13,-9.77298959948563,-2.05850974727246e-14,-0.0429869122185295,1.24938539551573e-13,0,0,0,0,1,0.673086199299627,0.673086199299627,80.0000000000106,-4.50224323416715e-12,6.78301859124986e-12
12.6,-5.44953661721613e-14,0.0790083585618068,-1.35961266559584e-13,-4.8378971472345e-15,1.18257192054825e-14,-1.50096060300453e-14,80.0000000000106,0.23778887340964,0.0790083585618914,7.52353865801681e-14,-8.46656078579032e-14,0.773758553262443,-6.41534944320001e-13,-9.77298959948563,-2.05850974727246e-14,-0.0429869122185295,1.24938539551573e-13,0,0,0,0,1,0.673086199299627,0.673086199299627,80.0000000000106,-4.51398149035015e-12,6.77324862863316e-12
12.61,-5.45556333837592e-14,0.0790083585618069,-1.36111868806756e-13,-4.83825287694375e-15,1.18263132538347e-14,-1.50168817547101e-14,80.0000000000106,0.23778887340964,0.0790083585618914,7.52344309671853e-14,-8.45434833251944e-14,0.773758553262443,-6.41529970514537e-13,-9.77298959948563,-2.05850974727246e-14,-0.0429869122185295,1.24938539551573e-13,0,0,0,0,1,0.673086199299627,0.673086199299627,80.0000000000106,-4.52572558627536e-12,6.76347866601645e-12
12.62,-5.46159099096121e-14,0.079008358561807,-1.36262544045159e-13,-4.83860781488294e-15,1.18269073021868e-14,-1.50241587362542e-14,80.0000000000106,0.23778887340964,0.0790083585618914,7.52334746028179e-14,-8.44213587924857e-14,0.773758553262443,-6.41524991251092e-13,-9.77298959948563,-2.05850974727246e-14,-0.0429869122185295,1.24938539551573e-13,0,0,0,0,1,0.673086199299627,0.673086199299627,80.0000000000106,-4.53747552279873e-12,6.75370870339975e-12
12.63,-5.46761957428131e-14,0.0790083585618072,-1.36413292287395e-13,-4.83896196429867e-15,1.1827501350539e-14,-1.50314369733298e-14,80.0000000000106,0.23778887340964,0.0790083585618914,7.52325174895193e-14,-8.42881320295307e-14,0.773758553262443,-6.41520006548442e-13,-9.77298959948563,-2.05850974727246e-14,-0.0429869122185295,1.24938539551573e-13,0,0,0,0,1,0.673086199299627,0.673086199299627,80.0000000000106,-4.54923130077572e-12,6.74305056236335e-12
12.64,-5.47364908764865e-14,0.0790083585618073,-1.3656411354605e-13,-4.83931532842457e-15,1.18278223636539e-14,-1.50387164645947e-14,80.0000000000106,0.23778887340964,0.0790083585618914,7.52315596297328e-14,-8.41660074968219e-14,0.773758553262443,-6.41515016425285e-13,-9.77298959948563,-2.05850974727246e-14,-0.0429869122185295,1.24938539551573e-13,0,0,0,0,1,0.673086199299627,0.673086199299627,80.0000000000106,-4.56099292106129e-12,6.73328059974665e-12
12.65,-5.47967953037881e-14,0.0790083585618074,-1.36715007833701e-13,-4.83966791048131e-15,1.18281495439233e-14,-1.50459972087127e-14,80.0000000000106,0.23778887340964,0.0790083585618914,7.52306010258919e-14,-8.40438829641132e-14,0.773758553262443,-6.41510020900248e-13,-9.77298959948563,-2.05850974727246e-14,-0.0429869122185295,1.24938539551573e-13,0,0,0,0,1,0.673086199299627,0.673086199299627,80.0000000000106,-4.57276038450993e-12,6.72351063712995e-12
12.66,-5.48571090179047e-14,0.0790083585618075,-1.36865975162907e-13,-4.84001971367671e-15,1.18281495439233e-14,-1.50532792043533e-14,80.0000000000106,0.23778887340964,0.0790083585618914,7.52296416804203e-14,-8.39217584314044e-14,0.773758553262443,-6.4150501999188e-13,-9.77298959948563,-2.05850974727246e-14,-0.0429869122185295,1.24938539551573e-13,0,0,0,0,1,0.673086199299627,0.673086199299627,80.0000000000106,-4.58453369197566e-12,6.71374067451325e-12
12.67,-5.49174320120539e-14,0.0790083585618077,-1.37017015546216e-13,-4.84037074120572e-15,1.18281495439233e-14,-1.50605624501919e-14,80.0000000000106,0.23778887340964,0.0790083585618914,7.52286815957321e-14,-8.37774294382032e-14,0.773758553262443,-6.41500013718655e-13,-9.77298959948563,-2.05850974727246e-14,-0.0429869122185295,1.24938539551573e-13,0,0,0,0,1,0.673086199299627,0.673086199299627,80.0000000000106,-4.596312844312e-12,6.70219435505715e-12
12.68,-5.49777642794843e-14,0.0790083585618078,-1.37168128996164e-13,-4.84072099625053e-15,1.18281495439233e-14,-1.50678469449094e-14,80.0000000000106,0.23778887340964,0.0790083585618914,7.52277207742314e-14,-8.36553049054945e-14,0.773758553262443,-6.41495002098975e-13,-9.77298959948563,-2.05850974727246e-14,-0.0429869122185295,1.24938539551573e-13,0,0,0,0,1,0.673086199299627,0.673086199299627,80.0000000000106,-4.60809784237199e-12,6.69242439244044e-12
12.69,-5.50381058134752e-14,0.0790083585618079,-1.37319315525271e-13,-4.84107048198059e-15,1.18281495439233e-14,-1.50751326871928e-14,80.0000000000106,0.23778887340964,0.0790083585618914,7.52267592183127e-14,-8.35331803727857e-14,0.773758553262443,-6.41489985151167e-13,-9.77298959948563,-2.05850974727246e-14,-0.0429869122185295,1.24938539551573e-13,0,0,0,0,1,0.673086199299627,0.673086199299627,80.0000000000106,-4.61988868700822e-12,6.68265442982374e-12
12.7,-5.50984566073364e-14,0.079008358561808,-1.37470575146045e-13,-4.84141920155268e-15,1.18281495439233e-14,-1.50824196757344e-14,80.0000000000106,0.23778887340964,0.0790083585618914,7.5225796930361e-14,-8.34110558400769e-14,0.773758553262443,-6.41484962893482e-13,-9.77298959948563,-2.05850974727246e-14,-0.0429869122185295,1.24938539551573e-13,0,0,0,0,1,0.673086199299627,0.673086199299627,80.0000000000106,-4.63168537907278e-12,6.67288446720704e-12
12.71,-5.51588166544083e-14,0.0790083585618082,-1.37621907870982e-13,-4.84176715811094e-15,1.18281495439233e-14,-1.50897079092325e-14,80.0000000000106,0.23778887340964,0.0790083585618914,7.52248339127515e-14,-8.32889313073682e-14,0.773758553262443,-6.41479935344102e-13,-9.77298959948563,-2.05850974727246e-14,-0.0429869122185295,1.24938539551573e-13,0,0,0,0,1,0.673086199299627,0.673086199299627,80.0000000000106,-4.64348791941731e-12,6.66311450459034e-12
12.72,-5.52191859480616e-14,0.0790083585618083,-1.37773313712563e-13,-4.84211435478694e-15,1.18281495439233e-14,-1.50969973863909e-14,80.0000000000106,0.23778887340964,0.0790083585618914,7.52238701678499e-14,-8.31557045444132e-14,0.773758553262443,-6.41474902521132e-13,-9.77298959948563,-2.05850974727246e-14,-0.0429869122185295,1.24938539551573e-13,0,0,0,0,1,0.673086199299627,0.673086199299627,80.0000000000106,-4.65529630889298e-12,6.65245636355394e-12
12.73,-5.52795644816972e-14,0.0790083585618084,-1.37924792683257e-13,-4.84246079469971e-15,1.18281495439233e-14,-1.5104288105919e-14,80.0000000000106,0.23778887340964,0.0790083585618914,7.52229056980123e-14,-8.30335800117044e-14,0.773758553262443,-6.41469864442607e-13,-9.77298959948563,-2.05850974727246e-14,-0.0429869122185295,1.24938539551573e-13,0,0,0,0,1,0.673086199299627,0.673086199299627,80.0000000000106,-4.66711054835048e-12,6.64268640093724e-12
12.74,-5.53399522487461e-14,0.0790083585618085,-1.38076344795521e-13,-4.84280648095581e-15,1.18281495439233e-14,-1.5111580066532e-14,80.0000000000106,0.23778887340964,0.0790083585618914,7.52219405055854e-14,-8.29114554789957e-14,0.773758553262443,-6.41464821126486e-13,-9.77298959948563,-2.05850974727246e-14,-0.0429869122185295,1.24938539551573e-13,0,0,0,0,1,0.673086199299627,0.673086199299627,80.0000000000106,-4.67893063864004e-12,6.63291643832054e-12
12.75,-5.54003492426693e-14,0.0790083585618087,-1.38227970061798e-13,-4.84315141664938e-15,1.18281495439233e-14,-1.51188732669505e-14,80.0000000000106,0.23778887340964,0.0790083585618914,7.52209745929064e-14,-8.27893309462869e-14,0.773758553262443,-6.41459772590659e-13,-9.77298959948563,-2.05850974727246e-14,-0.0429869122185295,1.24938539551573e-13,0,0,0,0,1,0.673086199299627,0.673086199299627,80.0000000000106,-4.69075658061145e-12,6.62314647570383e-12
12.76,-5.54607554569577e-14,0.0790083585618088,-1.38379668494519e-13,-4.84349560486217e-15,1.18281495439233e-14,-1.51261677059008e-14,80.0000000000106,0.23778887340964,0.0790083585618914,7.5220007962303e-14,-8.26672064135782e-14,0.773758553262443,-6.41454718852942e-13,-9.77298959948563,-2.05850974727246e-14,-0.0429869122185295,1.24938539551573e-13,0,0,0,0,1,0.673086199299627,0.673086199299627,80.0000000000106,-4.70258837511401e-12,6.61337651308713e-12
12.77,-5.5521170885132e-14,0.0790083585618089,-1.385314401061e-13,-4.8438390486636e-15,1.18281495439233e-14,-1.51334633821146e-14,80.0000000000106,0.23778887340964,0.0790083585618914,7.52190406160935e-14,-8.25339796506232e-14,0.773758553262443,-6.41449659931081e-13,-9.77298959948563,-2.05850974727246e-14,-0.0429869122185295,1.24938539551573e-13,0,0,0,0,1,0.673086199299627,0.673086199299627,80.0000000000106,-4.71442602299659e-12,6.60271837205073e-12
12.78,-5.55815955207423e-14,0.079008358561809,-1.38683284908948e-13,-4.84418175111082e-15,1.18281495439233e-14,-1.51407602943293e-14,80.0000000000106,0.23778887340964,0.0790083585618914,7.52180725565871e-14,-8.24007528876682e-14,0.773758553262443,-6.41444595842748e-13,-9.77298959948563,-2.05850974727246e-14,-0.0429869122185295,1.24938539551573e-13,0,0,0,0,1,0.673086199299627,0.673086199299627,80.0000000000106,-4.72626952510759e-12,6.59206023101433e-12
12.79,-5.56420293573686e-14,0.0790083585618092,-1.38835202915454e-13,-4.84452371524875e-15,1.18281495439233e-14,-1.51480584412877e-14,80.0000000000106,0.23778887340964,0.0790083585618914,7.52171037860834e-14,-8.22786283549594e-14,0.773758553262443,-6.41439526605547e-13,-9.77298959948563,-2.05850974727246e-14,-0.0429869122185295,1.24938539551573e-13,0,0,0,0,1,0.673086199299627,0.673086199299627,80.0000000000106,-4.73811888229496e-12,6.58229026839763e-12
12.8,-5.57024723886199e-14,0.0790083585618093,-1.38987194137998e-13,-4.84486494411012e-15,1.18281495439233e-14,-1.51553578217381e-14,80.0000000000106,0.23778887340964,0.0790083585618914,7.52161343068729e-14,-8.21565038222507e-14,0.773758553262443,-6.41434452237009e-13,-9.77298959948563,-2.05850974727246e-14,-0.0429869122185295,1.24938539551573e-13,0,0,0,0,1,0.673086199299627,0.673086199299627,80.0000000000106,-4.74997409540621e-12,6.57252030578093e-12
12.81,-5.57629246081346e-14,0.0790083585618094,-1.39139258588947e-13,-4.84520544071552e-15,1.18281495439233e-14,-1.51626584344342e-14,80.0000000000106,0.23778887340964,0.0790083585618914,7.52151641212367e-14,-8.20232770592957e-14,0.773758553262443,-6.41429372754594e-13,-9.77298959948563,-2.05850974727246e-14,-0.0429869122185295,1.24938539551573e-13,0,0,0,0,1,0.673086199299627,0.673086199299627,80.0000000000106,-4.76183516528837e-12,6.56186216474453e-12
12.82,-5.58233860095805e-14,0.0790083585618095,-1.39291396280657e-13,-4.84554520807349e-15,1.18281495439233e-14,-1.51699602781353e-14,80.0000000000106,0.23778887340964,0.0790083585618914,7.52141932314469e-14,-8.19011525265869e-14,0.773758553262443,-6.41424288175695e-13,-9.77298959948563,-2.05850974727246e-14,-0.0429869122185295,1.24938539551573e-13,0,0,0,0,1,0.673086199299627,0.673086199299627,80.0000000000106,-4.77370209278807e-12,6.55209220212782e-12
12.83,-5.58838565866542e-14,0.0790083585618097,-1.3944360722547e-13,-4.84588424918049e-15,1.18281495439233e-14,-1.51772633516059e-14,80.0000000000106,0.23778887340964,0.0790083585618914,7.52132216397663e-14,-8.17790279938782e-14,0.773758553262443,-6.41419198517631e-13,-9.77298959948563,-2.05850974727246e-14,-0.0429869122185295,1.24938539551573e-13,0,0,0,0,1,0.673086199299627,0.673086199299627,80.0000000000106,-4.78557487875146e-12,6.54232223951112e-12
12.84,-5.59443363330812e-14,0.0790083585618098,-1.39595891435715e-13,-4.84622256702103e-15,1.18281495439233e-14,-1.51845676536161e-14,80.0000000000106,0.23778887340964,0.0790083585618914,7.52122493484485e-14,-8.16569034611694e-14,0.773758553262443,-6.41414103797654e-13,-9.77298959948563,-2.05850974727246e-14,-0.0429869122185295,1.24938539551573e-13,0,0,0,0,1,0.673086199299627,0.673086199299627,80.0000000000106,-4.79745352402427e-12,6.53255227689442e-12
12.85,-5.60048252426159e-14,0.0790083585618099,-1.39748248923711e-13,-4.84656016456766e-15,1.18281495439233e-14,-1.51918731829412e-14,80.0000000000106,0.23778887340964,0.0790083585618914,7.52112763597383e-14,-8.15347789284607e-14,0.773758553262443,-6.41409004032944e-13,-9.77298959948563,-2.05850974727246e-14,-0.0429869122185295,1.24938539551573e-13,0,0,0,0,1,0.673086199299627,0.673086199299627,80.0000000000106,-4.80933802945177e-12,6.52278231427772e-12
12.86,-5.60653233090415e-14,0.07900835856181,-1.39900679701762e-13,-4.84689704478104e-15,1.18281495439233e-14,-1.5199179938362e-14,80.0000000000106,0.23778887340964,0.0790083585618914,7.52103026758712e-14,-8.14015521655057e-14,0.773758553262443,-6.41403899240616e-13,-9.77298959948563,-2.05850974727246e-14,-0.0429869122185295,1.24938539551573e-13,0,0,0,0,1,0.673086199299627,0.673086199299627,80.0000000000106,-4.82122839587881e-12,6.51212417324132e-12
12.87,-5.61258305261696e-14,0.0790083585618102,-1.40053183782163e-13,-4.84723321061e-15,1.18281495439233e-14,-1.52064879186645e-14,80.0000000000106,0.23778887340964,0.0790083585618914,7.52093282990737e-14,-8.12794276327969e-14,0.773758553262443,-6.41398789437711e-13,-9.77298959948563,-2.05850974727246e-14,-0.0429869122185295,1.24938539551573e-13,0,0,0,0,1,0.673086199299627,0.673086199299627,80.0000000000106,-4.8331246241498e-12,6.50235421062462e-12
12.88,-5.61863468878404e-14,0.0790083585618103,-1.40205761177193e-13,-4.84756866499155e-15,1.18281495439233e-14,-1.521379712264e-14,80.0000000000106,0.23778887340964,0.0790083585618914,7.52083532315634e-14,-8.11684053303344e-14,0.773758553262443,-6.41393674641205e-13,-9.77298959948563,-2.05850974727246e-14,-0.0429869122185295,1.24938539551573e-13,0,0,0,0,1,0.673086199299627,0.673086199299627,80.0000000000106,-4.84502671510872e-12,6.49347242642762e-12
12.89,-5.62468723879223e-14,0.0790083585618104,-1.40358411899123e-13,-4.84790341085098e-15,1.18281495439233e-14,-1.52211075490853e-14,80.0000000000106,0.23778887340964,0.0790083585618914,7.52073774755489e-14,-8.10351785673794e-14,0.773758553262443,-6.41388554868005e-13,-9.77298959948563,-2.05850974727246e-14,-0.0429869122185295,1.24938539551573e-13,0,0,0,0,1,0.673086199299627,0.673086199299627,80.0000000000106,-4.8569346695991e-12,6.48281428539121e-12
12.9,-5.63074070203122e-14,0.0790083585618105,-1.40511135960208e-13,-4.84823745110185e-15,1.18281495439233e-14,-1.52284191968023e-14,80.0000000000106,0.23778887340964,0.0790083585618914,7.520640103323e-14,-8.09130540346707e-14,0.773758553262443,-6.4138343013495e-13,-9.77298959948563,-2.05850974727246e-14,-0.0429869122185295,1.24938539551573e-13,0,0,0,0,1,0.673086199299627,0.673086199299627,80.0000000000106,-4.86884848846406e-12,6.47304432277451e-12
12.91,-5.63679507789348e-14,0.0790083585618107,-1.40663933372695e-13,-4.84857078864608e-15,1.18281495439233e-14,-1.5235732064598e-14,80.0000000000106,0.23778887340964,0.0790083585618914,7.52054239067974e-14,-8.07909295019619e-14,0.773758553262443,-6.41378300458809e-13,-9.77298959948563,-2.05850974727246e-14,-0.0429869122185295,1.24938539551573e-13,0,0,0,0,1,0.673086199299627,0.673086199299627,80.0000000000106,-4.88076817254629e-12,6.46327436015781e-12
12.92,-5.64285036577432e-14,0.0790083585618108,-1.40816804148815e-13,-4.84890342637398e-15,1.18281495439233e-14,-1.52430461512849e-14,80.0000000000106,0.23778887340964,0.0790083585618914,7.52044460984331e-14,-8.06577027390069e-14,0.773758553262443,-6.41373165856286e-13,-9.77298959948563,-2.05850974727246e-14,-0.0429869122185295,1.24938539551573e-13,0,0,0,0,1,0.673086199299627,0.673086199299627,80.0000000000106,-4.89269372268806e-12,6.45261621912141e-12
12.93,-5.64890656507181e-14,0.0790083585618109,-1.40969748300791e-13,-4.8492353671643e-15,1.18281495439233e-14,-1.52503614556806e-14,80.0000000000106,0.23778887340964,0.0790083585618914,7.52034676103104e-14,-8.05355782062982e-14,0.773758553262443,-6.41368026344018e-13,-9.77298959948563,-2.05850974727246e-14,-0.0429869122185295,1.24938539551573e-13,0,0,0,0,1,0.673086199299627,0.673086199299627,80.0000000000106,-4.90462513973119e-12,6.44284625650471e-12
12.94,-5.65496367518681e-14,0.079008358561811,-1.41122765840831e-13,-4.84956661388425e-15,1.18281495439233e-14,-1.52576779766079e-14,80.0000000000106,0.23778887340964,0.0790083585618914,7.52024884445937e-14,-8.04134536735894e-14,0.773758553262443,-6.41362881938573e-13,-9.77298959948563,-2.05850974727246e-14,-0.0429869122185295,1.24938539551573e-13,0,0,0,0,1,0.673086199299627,0.673086199299627,80.0000000000106,-4.91656242451712e-12,6.43307629388801e-12
12.95,-5.66102169552294e-14,0.0790083585618112,-1.41275856781133e-13,-4.84989716938961e-15,1.18281495439233e-14,-1.52649957128946e-14,80.0000000000106,0.23778887340964,0.0790083585618914,7.52015086034387e-14,-8.02913291408807e-14,0.773758553262443,-6.41357732656453e-13,-9.77298959948563,-2.05850974727246e-14,-0.0429869122185295,1.24938539551573e-13,0,0,0,0,1,0.673086199299627,0.673086199299627,80.0000000000106,-4.92850557788684e-12,6.42330633127131e-12
12.96,-5.66708062548661e-14,0.0790083585618113,-1.41429021133883e-13,-4.85022703652471e-15,1.18281495439233e-14,-1.52723146633738e-14,80.0000000000106,0.23778887340964,0.0790083585618914,7.52005280889923e-14,-8.01581023779257e-14,0.773758553262443,-6.41352578514095e-13,-9.77298959948563,-2.05850974727246e-14,-0.0429869122185295,1.24938539551573e-13,0,0,0,0,1,0.673086199299627,0.673086199299627,80.0000000000106,-4.94045460068094e-12,6.4126481902349e-12
12.97,-5.67314046448693e-14,0.0790083585618114,-1.41582258911254e-13,-4.85055621812251e-15,1.18281495439233e-14,-1.52796348268838e-14,80.0000000000106,0.23778887340964,0.0790083585618914,7.51995469033929e-14,-8.00359778452169e-14,0.773758553262443,-6.41347419527868e-13,-9.77298959948563,-2.05850974727246e-14,-0.0429869122185295,1.24938539551573e-13,0,0,0,0,1,0.673086199299627,0.673086199299627,80.0000000000106,-4.95240949373958e-12,6.4028782276182e-12
12.98,-5.67920121193578e-14,0.0790083585618115,-1.4173557012541e-13,-4.85088471700463e-15,1.18281495439233e-14,-1.52869562022678e-14,80.0000000000106,0.23778887340964,0.0790083585618914,7.51985650487702e-14,-7.99138533125082e-14,0.773758553262443,-6.41342255714075e-13,-9.77298959948563,-2.05850974727246e-14,-0.0429869122185295,1.24938539551573e-13,0,0,0,0,1,0.673086199299627,0.673086199299627,80.0000000000106,-4.96437025790252e-12,6.3931082650015e-12
12.99,-5.68526286724775e-14,0.0790083585618117,-1.418889547885e-13,-4.85121253598141e-15,1.18281495439234e-14,-1.52942787883742e-14,80.0000000000106,0.23778887340964,0.0790083585618914,7.51975825272453e-14,-7.97917287797994e-14,0.773758553262443,-6.41337087088956e-13,-9.77298959948563,-2.05850974727246e-14,-0.0429869122185295,1.24938539551573e-13,0,0,0,0,1,0.673086199299627,0.673086199299627,80.0000000000106,-4.9763368940091e-12,6.3833383023848e-12
13,-5.69132542984014e-14,0.0790083585618118,-1.42042412912665e-13,-4.85153967785194e-15,1.18281495439234e-14,-1.53016025840564e-14,80.0000000000106,0.23778887340964,0.0790083585618914,7.51965993409308e-14,-7.96696042470907e-14,0.773758553262443,-6.41331913668682e-13,-9.77298959948563,-2.05850974727246e-14,-0.0429869122185295,1.24938539551573e-13,0,0,0,0,1,0.673086199299627,0.673086199299627,80.0000000000106,-4.98830940289827e-12,6.3735683397681e-12
13.01,-5.69738889913297e-14,0.0790083585618119,-1.42195944510033e-13,-4.85186614540413e-15,1.18281495439234e-14,-1.5308927588173e-14,80.0000000000106,0.23778887340964,0.0790083585618914,7.51956154919306e-14,-7.95252752538894e-14,0.773758553262443,-6.41326735469361e-13,-9.77298959948563,-2.05850974727246e-14,-0.0429869122185295,1.24938539551573e-13,0,0,0,0,1,0.673086199299627,0.673086199299627,80.0000000000106,-5.00028778540854e-12,6.362022020312e-12
13.02,-5.70345327454893e-14,0.079008358561812,-1.42349549592719e-13,-4.85219194141472e-15,1.18281495439234e-14,-1.53162537995873e-14,80.0000000000106,0.23778887340964,0.0790083585618914,7.51946309823404e-14,-7.94031507211807e-14,0.773758553262443,-6.41321552507037e-13,-9.77298959948563,-2.05850974727246e-14,-0.0429869122185295,1.24938539551573e-13,0,0,0,0,1,0.673086199299627,0.673086199299627,80.0000000000106,-5.01227204237805e-12,6.3522520576953e-12
13.03,-5.70951855551342e-14,0.0790083585618122,-1.42503228172829e-13,-4.85251706864934e-15,1.18281495439234e-14,-1.53235812171678e-14,80.0000000000106,0.23778887340964,0.0790083585618914,7.51936458142471e-14,-7.92810261884719e-14,0.773758553262443,-6.41316364797687e-13,-9.77298959948563,-2.05850974727246e-14,-0.0429869122185295,1.24938539551573e-13,0,0,0,0,1,0.673086199299627,0.673086199299627,80.0000000000106,-5.02426217464452e-12,6.34248209507859e-12
13.04,-5.71558474145448e-14,0.0790083585618123,-1.42656980262457e-13,-4.85284152986258e-15,1.18281495439234e-14,-1.53309098397881e-14,80.0000000000106,0.23778887340964,0.0790083585618914,7.51926599897295e-14,-7.91589016557632e-14,0.773758553262443,-6.41311172357225e-13,-9.77298959948563,-2.05850974727246e-14,-0.0429869122185295,1.24938539551573e-13,0,0,0,0,1,0.673086199299627,0.673086199299627,80.0000000000106,-5.03625818304527e-12,6.33271213246189e-12
13.05,-5.72165183180282e-14,0.0790083585618124,-1.42810805873684e-13,-4.85316532779799e-15,1.18281495439234e-14,-1.53382396663266e-14,80.0000000000106,0.23778887340964,0.0790083585618914,7.51916735108578e-14,-7.90367771230544e-14,0.773758553262443,-6.413059752015e-13,-9.77298959948563,-2.05850974727246e-14,-0.0429869122185295,1.24938539551573e-13,0,0,0,0,1,0.673086199299627,0.673086199299627,80.0000000000106,-5.04826006841721e-12,6.32294216984519e-12
13.06,-5.72771982599182e-14,0.0790083585618125,-1.42964705018583e-13,-4.85348846518816e-15,1.18281495439234e-14,-1.53455706956665e-14,80.0000000000106,0.23778887340964,0.0790083585618914,7.51906863796938e-14,-7.89035503600994e-14,0.773758553262443,-6.413007733463e-13,-9.77298959948563,-2.05850974727246e-14,-0.0429869122185295,1.24938539551573e-13,0,0,0,0,1,0.673086199299627,0.673086199299627,80.0000000000106,-5.06026783159689e-12,6.31228402880879e-12
13.07,-5.73378872345747e-14,0.0790083585618127,-1.43118677709214e-13,-4.85381094475473e-15,1.18281495439234e-14,-1.53529029266963e-14,80.0000000000106,0.23778887340964,0.0790083585618914,7.51896985982913e-14,-7.87814258273907e-14,0.773758553262443,-6.41295566807345e-13,-9.77298959948563,-2.05850974727246e-14,-0.0429869122185295,1.24938539551573e-13,0,0,0,0,1,0.673086199299627,0.673086199299627,80.0000000000106,-5.07228147342042e-12,6.30251406619209e-12
13.08,-5.73985852363839e-14,0.0790083585618128,-1.43272723957625e-13,-4.85413276920847e-15,1.18281495439234e-14,-1.53602363583091e-14,80.0000000000106,0.23778887340964,0.0790083585618914,7.51887101686955e-14,-7.86593012946819e-14,0.773758553262443,-6.41290355600294e-13,-9.77298959948563,-2.05850974727246e-14,-0.0429869122185295,1.24938539551573e-13,0,0,0,0,1,0.673086199299627,0.673086199299627,80.0000000000106,-5.08430099472355e-12,6.29274410357539e-12
13.09,-5.74592922597585e-14,0.0790083585618129,-1.43426843775854e-13,-4.8544539412493e-15,1.18281495439234e-14,-1.53675709894029e-14,80.0000000000106,0.23778887340964,0.0790083585618914,7.51877210929433e-14,-7.85371767619732e-14,0.773758553262443,-6.41285139740745e-13,-9.77298959948563,-2.05850974727246e-14,-0.0429869122185295,1.24938539551573e-13,0,0,0,0,1,0.673086199299627,0.673086199299627,80.0000000000106,-5.09632639634162e-12,6.28297414095869e-12
13.1,-5.7520008299137e-14,0.079008358561813,-1.43581037175928e-13,-4.85477446356634e-15,1.18281495439234e-14,-1.53749068188806e-14,80.0000000000106,0.23778887340964,0.0790083585618914,7.51867313730637e-14,-7.84039499990181e-14,0.773758553262443,-6.4127991924423e-13,-9.77298959948563,-2.05850974727246e-14,-0.0429869122185295,1.24938539551573e-13,0,0,0,0,1,0.673086199299627,0.673086199299627,80.0000000000106,-5.10835767910959e-12,6.27231599992228e-12
13.11,-5.75807333489839e-14,0.0790083585618132,-1.43735304169863e-13,-4.85509433883795e-15,1.18281495439234e-14,-1.53822438456501e-14,80.0000000000106,0.23778887340964,0.0790083585618914,7.51857410110773e-14,-7.82818254663094e-14,0.773758553262443,-6.41274694126219e-13,-9.77298959948563,-2.05850974727246e-14,-0.0429869122185295,1.24938539551573e-13,0,0,0,0,1,0.673086199299627,0.673086199299627,80.0000000000106,-5.12039484386203e-12,6.26254603730558e-12
13.12,-5.76414674037895e-14,0.0790083585618133,-1.43889644769664e-13,-4.85541356973178e-15,1.18281495439234e-14,-1.53895820686239e-14,80.0000000000106,0.23778887340964,0.0790083585618914,7.51847500089965e-14,-7.81597009336006e-14,0.773758553262443,-6.41269464402121e-13,-9.77298959948563,-2.05850974727246e-14,-0.0429869122185295,1.24938539551573e-13,0,0,0,0,1,0.673086199299627,0.673086199299627,80.0000000000106,-5.13243789143312e-12,6.25277607468888e-12
13.13,-5.77022104580701e-14,0.0790083585618134,-1.44044058987325e-13,-4.85573215890482e-15,1.18281495439234e-14,-1.53969214867195e-14,80.0000000000106,0.23778887340964,0.0790083585618914,7.51837583688257e-14,-7.80375764008919e-14,0.773758553262443,-6.41264230087282e-13,-9.77298959948563,-2.05850974727246e-14,-0.0429869122185295,1.24938539551573e-13,0,0,0,0,1,0.673086199299627,0.673086199299627,80.0000000000106,-5.14448682265667e-12,6.24300611207218e-12
13.14,-5.77629625063675e-14,0.0790083585618135,-1.44198546834828e-13,-4.85605010900342e-15,1.18281495439234e-14,-1.54042620988589e-14,80.0000000000106,0.23778887340964,0.0790083585618914,7.51827660925611e-14,-7.79154518681831e-14,0.773758553262443,-6.41258991196986e-13,-9.77298959948563,-2.05850974727246e-14,-0.0429869122185295,1.24938539551573e-13,0,0,0,0,1,0.673086199299627,0.673086199299627,80.0000000000106,-5.15654163836609e-12,6.23323614945548e-12
13.15,-5.78237235432491e-14,0.0790083585618137,-1.44353108324148e-13,-4.85636742266334e-15,1.18281495439234e-14,-1.54116039039691e-14,80.0000000000106,0.23778887340964,0.0790083585618914,7.51817731821909e-14,-7.77822251052281e-14,0.773758553262443,-6.41253747746456e-13,-9.77298959948563,-2.05850974727246e-14,-0.0429869122185295,1.24938539551573e-13,0,0,0,0,1,0.673086199299627,0.673086199299627,80.0000000000106,-5.16860233939443e-12,6.22257800841908e-12
13.16,-5.78844935633076e-14,0.0790083585618138,-1.44507743467244e-13,-4.8566841025098e-15,1.18281495439234e-14,-1.54189469009818e-14,80.0000000000106,0.23778887340964,0.0790083585618914,7.51807796396953e-14,-7.76601005725194e-14,0.773758553262443,-6.41248499750854e-13,-9.77298959948563,-2.05850974727246e-14,-0.0429869122185295,1.24938539551573e-13,0,0,0,0,1,0.673086199299627,0.673086199299627,80.0000000000106,-5.18066892657434e-12,6.21280804580238e-12
13.17,-5.79452725611613e-14,0.0790083585618139,-1.44662452276069e-13,-4.85700015115753e-15,1.18282273359695e-14,-1.54262910888334e-14,80.0000000000106,0.23778887340964,0.0790083585618914,7.51797854670465e-14,-7.75379760398106e-14,0.773758553262443,-6.4124324722528e-13,-9.77298959948564,-2.05850974727246e-14,-0.0429869122185295,1.24938539551573e-13,0,0,0,0,1,0.673086199299627,0.673086199299627,80.0000000000106,-5.19274140073812e-12,6.20303808318567e-12
13.18,-5.80060605314536e-14,0.079008358561814,-1.44817234762562e-13,-4.85731557121078e-15,1.18277115689216e-14,-1.54336364664651e-14,80.0000000000106,0.23778887340964,0.0790083585618914,7.51787906662086e-14,-7.74158515071019e-14,0.773758553262443,-6.41237990184773e-13,-9.77298959948564,-2.05850974727246e-14,-0.0429869122185295,1.24938539551573e-13,0,0,0,0,1,0.673086199299627,0.673086199299627,80.0000000000106,-5.20481976271768e-12,6.19326812056897e-12
13.19,-5.80668574688532e-14,0.0790083585618142,-1.44972090938654e-13,-4.85763036526341e-15,1.18275229821431e-14,-1.54409830328226e-14,80.0000000000106,0.23778887340964,0.0790083585618914,7.51777952391379e-14,-7.72937269743931e-14,0.773758553262443,-6.41232728644312e-13,-9.77298959948564,-2.05850974727246e-14,-0.0429869122185295,1.24938539551573e-13,0,0,0,0,1,0.673086199299627,0.673086199299627,80.0000000000106,-5.21690401334456e-12,6.18349815795227e-12
13.2,-5.81276633680537e-14,0.0790083585618143,-1.45127020816263e-13,-4.85794453589888e-15,1.18273343953647e-14,-1.54483307868564e-14,80.0000000000106,0.23778887340964,0.0790083585618914,7.51767991877828e-14,-7.71605002114381e-14,0.773758553262443,-6.41227462618816e-13,-9.77298959948564,-2.05850974727246e-14,-0.0429869122185295,1.24938539551573e-13,0,0,0,0,1,0.673086199299627,0.673086199299627,80.0000000000106,-5.22899415344992e-12,6.17284001691587e-12
13.21,-5.81884782237736e-14,0.0790083585618144,-1.45282024407298e-13,-4.85825808569034e-15,1.18271458085862e-14,-1.54556797275217e-14,80.0000000000106,0.23778887340964,0.0790083585618914,7.51758025140838e-14,-7.70383756787294e-14,0.773758553262443,-6.41222192123144e-13,-9.77298959948564,-2.05850974727246e-14,-0.0429869122185295,1.24938539551573e-13,0,0,0,0,1,0.673086199299627,0.673086199299627,80.0000000000106,-5.24109018386458e-12,6.16307005429917e-12
13.22,-5.82493020307566e-14,0.0790083585618145,-1.45437101723658e-13,-4.85857101720062e-15,1.18269572218077e-14,-1.54630298537782e-14,80.0000000000106,0.23778887340964,0.0790083585618914,7.51748052199736e-14,-7.69162511460206e-14,0.773758553262443,-6.41216917172094e-13,-9.77298959948564,-2.05850974727246e-14,-0.0429869122185295,1.24938539551573e-13,0,0,0,0,1,0.673086199299627,0.673086199299627,80.0000000000106,-5.25319210541895e-12,6.15330009168247e-12
13.23,-5.83101347837707e-14,0.0790083585618147,-1.45592252777229e-13,-4.85888333298231e-15,1.18267686350293e-14,-1.54703811645902e-14,80.0000000000106,0.23778887340964,0.0790083585618914,7.5173807307377e-14,-7.67830243830656e-14,0.773758553262443,-6.41211637780406e-13,-9.77298959948564,-2.05850974727246e-14,-0.0429869122185295,1.24938539551573e-13,0,0,0,0,1,0.673086199299627,0.673086199299627,80.0000000000106,-5.26529991894312e-12,6.14264195064607e-12
13.24,-5.83709764776089e-14,0.0790083585618148,-1.4574747757989e-13,-4.85919503557781e-15,1.18265800482508e-14,-1.54777336589268e-14,80.0000000000106,0.23778887340964,0.0790083585618914,7.51728087782111e-14,-7.66720020806031e-14,0.773758553262443,-6.41206353962758e-13,-9.77298959948564,-2.05850974727246e-14,-0.0429869122185295,1.24938539551573e-13,0,0,0,0,1,0.673086199299627,0.673086199299627,80.0000000000106,-5.2774136252668e-12,6.13376016644906e-12
13.25,-5.84318271070885e-14,0.0790083585618149,-1.45902776143508e-13,-4.85950612751932e-15,1.18263914614723e-14,-1.54850873357615e-14,80.0000000000106,0.23778887340964,0.0790083585618914,7.51718096343853e-14,-7.65387753176481e-14,0.773758553262443,-6.41201065733772e-13,-9.77298959948564,-2.05850974727246e-14,-0.0429869122185295,1.24938539551573e-13,0,0,0,0,1,0.673086199299627,0.673086199299627,80.0000000000106,-5.28953322521932e-12,6.12310202541266e-12
13.26,-5.84926866670516e-14,0.079008358561815,-1.4605814847994e-13,-4.85981661132893e-15,1.18262028746938e-14,-1.54924421940724e-14,80.0000000000106,0.23778887340964,0.0790083585618914,7.51708098778012e-14,-7.64166507849394e-14,0.773758553262443,-6.41195773108008e-13,-9.77298959948564,-2.05850974727246e-14,-0.0429869122185295,1.24938539551573e-13,0,0,0,0,1,0.673086199299627,0.673086199299627,80.0000000000106,-5.30165871962968e-12,6.11333206279596e-12
13.27,-5.85535551523643e-14,0.0790083585618152,-1.46213594601032e-13,-4.86012648951864e-15,1.18260142879154e-14,-1.54997982328421e-14,80.0000000000106,0.23778887340964,0.0790083585618914,7.51698095103528e-14,-7.62945262522306e-14,0.773758553262443,-6.41190476099971e-13,-9.77298959948564,-2.05850974727246e-14,-0.0429869122185295,1.24938539551573e-13,0,0,0,0,1,0.673086199299627,0.673086199299627,80.0000000000106,-5.31379010932649e-12,6.10356210017926e-12
13.28,-5.86144325579172e-14,0.0790083585618153,-1.4636911451862e-13,-4.86043576459039e-15,1.18258257011369e-14,-1.55071554510579e-14,80.0000000000106,0.23778887340964,0.0790083585618914,7.51688085339263e-14,-7.61724017195219e-14,0.773758553262443,-6.41185174724104e-13,-9.77298959948564,-2.05850974727246e-14,-0.0429869122185295,1.24938539551573e-13,0,0,0,0,1,0.673086199299627,0.673086199299627,80.0000000000106,-5.32592739513805e-12,6.09379213756256e-12
13.29,-5.86753188786249e-14,0.0790083585618154,-1.46524708244532e-13,-4.86074443903613e-15,1.18256371143584e-14,-1.55145138477114e-14,80.0000000000106,0.23778887340964,0.0790083585618914,7.51678069504004e-14,-7.60502771868131e-14,0.773758553262443,-6.41179868994793e-13,-9.77298959948564,-2.05850974727246e-14,-0.0429869122185295,1.24938539551573e-13,0,0,0,0,1,0.673086199299627,0.673086199299627,80.0000000000106,-5.33807057789226e-12,6.08402217494586e-12
13.3,-5.87362141094263e-14,0.0790083585618155,-1.46680375790583e-13,-4.86105251533784e-15,1.182544852758e-14,-1.55218734217987e-14,80.0000000000106,0.23778887340964,0.0790083585618914,7.51668047616463e-14,-7.59170504238581e-14,0.773758553262443,-6.41174558926368e-13,-9.77298959948564,-2.05850974727246e-14,-0.0429869122185295,1.24938539551573e-13,0,0,0,0,1,0.673086199299627,0.673086199299627,80.0000000000106,-5.35021965841669e-12,6.07336403390946e-12
13.31,-5.8797118245284e-14,0.0790083585618157,-1.46836117168579e-13,-4.86135999596755e-15,1.18252599408015e-14,-1.55292341723206e-14,80.0000000000106,0.23778887340964,0.0790083585618914,7.51658019695274e-14,-7.57949258911494e-14,0.773758553262443,-6.41169244533098e-13,-9.77298959948564,-2.05850974727246e-14,-0.0429869122185295,1.24938539551573e-13,0,0,0,0,1,0.673086199299627,0.673086199299627,80.0000000000106,-5.36237463753856e-12,6.06359407129275e-12
13.32,-5.88580312811848e-14,0.0790083585618158,-1.46991932390316e-13,-4.86166688338743e-15,1.18255070995644e-14,-1.55365960982821e-14,80.0000000000106,0.23778887340964,0.0790083585618914,7.51647985758997e-14,-7.56728013584406e-14,0.773758553262443,-6.41163925829196e-13,-9.77298959948564,-2.05850974727246e-14,-0.0429869122185295,1.24938539551573e-13,0,0,0,0,1,0.673086199299627,0.673086199299627,80.0000000000106,-5.37453551608473e-12,6.05382410867605e-12
13.33,-5.8918953212139e-14,0.0790083585618159,-1.47147821467582e-13,-4.86197318004978e-15,1.18257145450207e-14,-1.55439591986926e-14,80.0000000000106,0.23778887340964,0.0790083585618914,7.51637945826119e-14,-7.55506768257319e-14,0.773758553262443,-6.41158602828819e-13,-9.77298959948564,-2.05850974727246e-14,-0.0429869122185295,1.24938539551573e-13,0,0,0,0,1,0.673086199299627,0.673086199299627,80.0000000000106,-5.38670229488173e-12,6.04405414605935e-12
13.34,-5.89798840331807e-14,0.079008358561816,-1.47303784412151e-13,-4.86227888839712e-15,1.1825921990477e-14,-1.55513234725663e-14,80.0000000000106,0.23778887340964,0.0790083585618914,7.51627899915049e-14,-7.54174500627769e-14,0.773758553262443,-6.41153275546065e-13,-9.77298959948564,-2.05850974727246e-14,-0.0429869122185295,1.24938539551573e-13,0,0,0,0,1,0.673086199299627,0.673086199299627,80.0000000000106,-5.39887497475574e-12,6.03339600502295e-12
13.35,-5.90408237393676e-14,0.0790083585618161,-1.47459821235791e-13,-4.86258401086218e-15,1.18261294359333e-14,-1.55586889189213e-14,80.0000000000106,0.23778887340964,0.0790083585618914,7.51617848044123e-14,-7.52842232998219e-14,0.773758553262443,-6.41147943994976e-13,-9.77298959948564,-2.05850974727246e-14,-0.0429869122185295,1.24938539551573e-13,0,0,0,0,1,0.673086199299627,0.673086199299627,80.0000000000106,-5.41105355653258e-12,6.02273786398655e-12
13.36,-5.91017723257809e-14,0.0790083585618163,-1.47615931950258e-13,-4.86288854986795e-15,1.18263368813897e-14,-1.55660555367804e-14,80.0000000000106,0.23778887340964,0.0790083585618914,7.51607790231602e-14,-7.51620987671131e-14,0.773758553262443,-6.41142608189538e-13,-9.77298959948564,-2.05850974727246e-14,-0.0429869122185295,1.24938539551573e-13,0,0,0,0,1,0.673086199299627,0.673086199299627,80.0000000000106,-5.42323804103775e-12,6.01296790136985e-12
13.37,-5.91627297875253e-14,0.0790083585618164,-1.47772116567299e-13,-4.86319250782775e-15,1.1826544326846e-14,-1.55734233251706e-14,80.0000000000106,0.23778887340964,0.0790083585618914,7.51597726495676e-14,-7.50399742344044e-14,0.773758553262443,-6.41137268143678e-13,-9.77298959948564,-2.05850974727246e-14,-0.0429869122185295,1.24938539551573e-13,0,0,0,0,1,0.673086199299627,0.673086199299627,80.0000000000106,-5.43542842909638e-12,6.00319793875315e-12
13.38,-5.92236961197286e-14,0.0790083585618165,-1.47928375098651e-13,-4.86349588714524e-15,1.18267517723023e-14,-1.55807922831235e-14,80.0000000000106,0.23778887340964,0.0790083585618914,7.51587656854459e-14,-7.49178497016956e-14,0.773758553262443,-6.4113192387127e-13,-9.77298959948564,-2.05850974727246e-14,-0.0429869122185295,1.24938539551573e-13,0,0,0,0,1,0.673086199299627,0.673086199299627,80.0000000000106,-5.44762472153331e-12,5.99342797613645e-12
13.39,-5.9284671317542e-14,0.0790083585618166,-1.48084707556041e-13,-4.86379869021446e-15,1.18269592177586e-14,-1.55881624096747e-14,80.0000000000106,0.23778887340964,0.0790083585618914,7.51577581325992e-14,-7.47846229387406e-14,0.773758553262443,-6.41126575386132e-13,-9.77298959948564,-2.05850974727246e-14,-0.0429869122185295,1.24938539551573e-13,0,0,0,0,1,0.673086199299627,0.673086199299627,80.0000000000106,-5.459826919173e-12,5.98276983510004e-12
13.4,-5.93456553761399e-14,0.0790083585618168,-1.48241113951187e-13,-4.86410091941989e-15,1.18271666632149e-14,-1.55955337038644e-14,80.0000000000106,0.23778887340964,0.0790083585618914,7.51567499928244e-14,-7.46624984060319e-14,0.773758553262443,-6.41121222702023e-13,-9.77298959948564,-2.05850974727246e-14,-0.0429869122185295,1.24938539551573e-13,0,0,0,0,1,0.673086199299627,0.673086199299627,80.0000000000106,-5.4720350228396e-12,5.97299987248334e-12
13.41,-5.94066482907195e-14,0.0790083585618169,-1.48397594295797e-13,-4.86440257713645e-15,1.18273741086712e-14,-1.56029061647368e-14,80.0000000000106,0.23778887340964,0.0790083585618914,7.5155741267911e-14,-7.45403738733231e-14,0.773758553262443,-6.4111586583265e-13,-9.77298959948564,-2.05850974727246e-14,-0.0429869122185295,1.24938539551573e-13,0,0,0,0,1,0.673086199299627,0.673086199299627,80.0000000000106,-5.48424903335691e-12,5.96322990986664e-12
13.42,-5.9467650056501e-14,0.079008358561817,-1.4855414860157e-13,-4.86470366572958e-15,1.18275815541276e-14,-1.56102797913406e-14,80.0000000000106,0.23778887340964,0.0790083585618914,7.51547319596414e-14,-7.44182493406144e-14,0.773758553262443,-6.41110504791663e-13,-9.77298959948564,-2.05850974727246e-14,-0.0429869122185295,1.24938539551573e-13,0,0,0,0,1,0.673086199299627,0.673086199299627,80.0000000000106,-5.4964689515484e-12,5.95345994724994e-12
13.43,-5.95286606687277e-14,0.0790083585618171,-1.48710776880195e-13,-4.86500418755526e-15,1.18277889995839e-14,-1.56176545827287e-14,80.0000000000106,0.23778887340964,0.0790083585618914,7.51537220697908e-14,-7.42961248079056e-14,0.773758553262443,-6.41105139592659e-13,-9.77298959948564,-2.05850974727246e-14,-0.0429869122185295,1.24938539551573e-13,0,0,0,0,1,0.673086199299627,0.673086199299627,80.0000000000106,-5.50869477823723e-12,5.94368998463324e-12
13.44,-5.95896801226654e-14,0.0790083585618173,-1.48867479143352e-13,-4.86530414496002e-15,1.18279964450402e-14,-1.56250305379582e-14,80.0000000000106,0.23778887340964,0.0790083585618914,7.51527116001271e-14,-7.41628980449506e-14,0.773758553262443,-6.41099770249176e-13,-9.77298959948564,-2.05850974727246e-14,-0.0429869122185295,1.24938539551573e-13,0,0,0,0,1,0.673086199299627,0.673086199299627,80.0000000000106,-5.52092651424621e-12,5.93303184359684e-12
13.45,-5.96507084136027e-14,0.0790083585618174,-1.49024255402709e-13,-4.86560354028104e-15,1.18279898817533e-14,-1.56324076560905e-14,80.0000000000106,0.23778887340964,0.0790083585618914,7.51517005524113e-14,-7.40407735122419e-14,0.773758553262443,-6.41094396774702e-13,-9.77298959948564,-2.05850974727246e-14,-0.0429869122185295,1.24938539551573e-13,0,0,0,0,1,0.673086199299627,0.673086199299627,80.0000000000106,-5.53316416039783e-12,5.92326188098014e-12
13.46,-5.97117455368506e-14,0.0790083585618175,-1.49181105669929e-13,-4.86590237584614e-15,1.18279833184664e-14,-1.56397859361912e-14,80.0000000000106,0.23778887340964,0.0790083585618914,7.51506889283969e-14,-7.39075467492869e-14,0.773758553262443,-6.41089019182667e-13,-9.77298959948564,-2.05850974727246e-14,-0.0429869122185295,1.24938539551573e-13,0,0,0,0,1,0.673086199299627,0.673086199299627,80.0000000000106,-5.54540771751426e-12,5.91260373994373e-12
13.47,-5.9772791487743e-14,0.0790083585618176,-1.49338029956663e-13,-4.86620065397382e-15,1.18279767551795e-14,-1.56471653773301e-14,80.0000000000106,0.23778887340964,0.0790083585618914,7.51496767298306e-14,-7.37854222165781e-14,0.773758553262443,-6.4108363748645e-13,-9.77298959948564,-2.05850974727246e-14,-0.0429869122185295,1.24938539551573e-13,0,0,0,0,1,0.673086199299627,0.673086199299627,80.0000000000106,-5.55765718641736e-12,5.90283377732703e-12
13.48,-5.98338462616357e-14,0.0790083585618178,-1.49495028274552e-13,-4.86649837697331e-15,1.18279701918925e-14,-1.5654545978581e-14,80.0000000000106,0.23778887340964,0.0790083585618914,7.5148663958452e-14,-7.36632976838694e-14,0.773758553262443,-6.41078251699374e-13,-9.77298959948564,-2.05850974727246e-14,-0.0429869122185295,1.24938539551573e-13,0,0,0,0,1,0.673086199299627,0.673086199299627,80.0000000000106,-5.56991256792862e-12,5.89306381471033e-12
13.49,-5.98949098539072e-14,0.0790083585618179,-1.4965210063523e-13,-4.86679554714461e-15,1.18281415406608e-14,-1.5661927739022e-14,80.0000000000106,0.23778887340964,0.0790083585618914,7.51476506159936e-14,-7.35300709209144e-14,0.773758553262443,-6.41072861834709e-13,-9.77298959948564,-2.05850974727246e-14,-0.0429869122185295,1.24938539551573e-13,0,0,0,0,1,0.673086199299627,0.673086199299627,80.0000000000106,-5.58217386286927e-12,5.88240567367393e-12
13.5,-5.9955982259958e-14,0.079008358561818,-1.4980924705032e-13,-4.86709216677852e-15,1.18281349773739e-14,-1.56693106577355e-14,80.0000000000106,0.23778887340964,0.0790083585618914,7.51466367041809e-14,-7.34079463882056e-14,0.773758553262443,-6.41067467905672e-13,-9.77298959948564,-2.05850974727246e-14,-0.0429869122185295,1.24938539551573e-13,0,0,0,0,1,0.673086199299627,0.673086199299627,80.0000000000106,-5.59444107206018e-12,5.87263571105723e-12
13.51,-6.00170634752109e-14,0.0790083585618181,-1.49966467531436e-13,-4.86738823815668e-15,1.1828128414087e-14,-1.56766947338078e-14,80.0000000000106,0.23778887340964,0.0790083585618914,7.51456222247325e-14,-7.32858218554969e-14,0.773758553262443,-6.41062069925425e-13,-9.77298959948564,-2.05850974727246e-14,-0.0429869122185295,1.24938539551573e-13,0,0,0,0,1,0.673086199299627,0.673086199299627,80.0000000000106,-5.60671419632192e-12,5.86286574844053e-12
13.52,-6.00781534951107e-14,0.0790083585618183,-1.50123762090183e-13,-4.86768376355161e-15,1.18281218508001e-14,-1.56840799663292e-14,80.0000000000106,0.23778887340964,0.0790083585618914,7.514460717936e-14,-7.31636973227881e-14,0.773758553262443,-6.41056667907078e-13,-9.77298959948564,-2.05850974727246e-14,-0.0429869122185295,1.24938539551573e-13,0,0,0,0,1,0.673086199299627,0.673086199299627,80.0000000000106,-5.61899323647475e-12,5.85309578582383e-12
13.53,-6.0139252315124e-14,0.0790083585618184,-1.50281130738159e-13,-4.86797874522671e-15,1.18281152875132e-14,-1.56914663543946e-14,80.0000000000106,0.23778887340964,0.0790083585618914,7.51435915697681e-14,-7.30304705598331e-14,0.773758553262443,-6.41051261863689e-13,-9.77298959948564,-2.05850974727246e-14,-0.0429869122185295,1.24938539551573e-13,0,0,0,0,1,0.673086199299627,0.673086199299627,80.0000000000106,-5.63127819333861e-12,5.84243764478742e-12
13.54,-6.02003599307394e-14,0.0790083585618185,-1.50438573486949e-13,-4.86827318543636e-15,1.18281087242262e-14,-1.56988538971023e-14,80.0000000000106,0.23778887340964,0.0790083585618914,7.51425753976546e-14,-7.29083460271244e-14,0.773758553262443,-6.41045851808262e-13,-9.77298959948564,-2.05850974727246e-14,-0.0429869122185295,1.24938539551573e-13,0,0,0,0,1,0.673086199299627,0.673086199299627,80.0000000000106,-5.64356906773311e-12,5.83266768217072e-12
13.55,-6.02614763374674e-14,0.0790083585618186,-1.50596090348133e-13,-4.86856708642592e-15,1.18281021609393e-14,-1.57062425935553e-14,80.0000000000106,0.23778887340964,0.0790083585618914,7.51415586647103e-14,-7.27862214944156e-14,0.773758553262443,-6.41040437753749e-13,-9.77298959948564,-2.05850974727246e-14,-0.0429869122185295,1.24938539551573e-13,0,0,0,0,1,0.673086199299627,0.673086199299627,80.0000000000106,-5.65586586047759e-12,5.82289771955402e-12
13.56,-6.03226015308401e-14,0.0790083585618188,-1.50753681333278e-13,-4.86886045043177e-15,1.18280955976524e-14,-1.57136324428601e-14,80.0000000000106,0.23778887340964,0.0790083585618914,7.51405413726194e-14,-7.26640969617069e-14,0.773758553262443,-6.41035019713049e-13,-9.77298959948564,-2.05850974727246e-14,-0.0429869122185295,1.24938539551573e-13,0,0,0,0,1,0.673086199299627,0.673086199299627,80.0000000000106,-5.66816857239105e-12,5.81312775693732e-12
13.57,-6.03837355064111e-14,0.0790083585618189,-1.50911346453945e-13,-4.86915327968132e-15,1.18280890343655e-14,-1.57210234441277e-14,80.0000000000106,0.23778887340964,0.0790083585618914,7.51395235230592e-14,-7.25419724289981e-14,0.773758553262443,-6.41029597699012e-13,-9.77298959948564,-2.05850974727246e-14,-0.0429869122185295,1.24938539551573e-13,0,0,0,0,1,0.673086199299627,0.673086199299627,80.0000000000106,-5.6804772042922e-12,5.80335779432062e-12
13.58,-6.04448782597558e-14,0.079008358561819,-1.51069085721686e-13,-4.8694455763931e-15,1.18280824710786e-14,-1.57284155964727e-14,80.0000000000106,0.23778887340964,0.0790083585618914,7.51385051177e-14,-7.24087456660431e-14,0.773758553262443,-6.41024171724432e-13,-9.77298959948564,-2.05850974727246e-14,-0.0429869122185295,1.24938539551573e-13,0,0,0,0,1,0.673086199299627,0.673086199299627,80.0000000000106,-5.69279175699943e-12,5.79269965328422e-12
13.59,-6.05060297864706e-14,0.0790083585618191,-1.51226899148043e-13,-4.86973734277677e-15,1.18280759077917e-14,-1.5735808899014e-14,80.0000000000106,0.23778887340964,0.0790083585618914,7.51374861582058e-14,-7.22866211333344e-14,0.773758553262443,-6.41018741802053e-13,-9.77298959948564,-2.05850974727246e-14,-0.0429869122185295,1.24938539551573e-13,0,0,0,0,1,0.673086199299627,0.673086199299627,80.0000000000106,-5.70511223133083e-12,5.78292969066752e-12
13.6,-6.05671900821738e-14,0.0790083585618193,-1.51384786744548e-13,-4.87002858103313e-15,1.18280693445048e-14,-1.57432033508743e-14,80.0000000000106,0.23778887340964,0.0790083585618914,7.51364666462335e-14,-7.21755988308718e-14,0.773758553262443,-6.4101330794457e-13,-9.77298959948564,-2.05850974727246e-14,-0.0429869122185295,1.24938539551573e-13,0,0,0,0,1,0.673086199299627,0.673086199299627,80.0000000000106,-5.7174386281042e-12,5.77404790647051e-12
13.61,-6.06283591425045e-14,0.0790083585618194,-1.51542748522728e-13,-4.87031929335419e-15,1.18280627812179e-14,-1.57505989511804e-14,80.0000000000106,0.23778887340964,0.0790083585618914,7.51354465834333e-14,-7.20534742981631e-14,0.773758553262443,-6.41007870164623e-13,-9.77298959948564,-2.05850974727246e-14,-0.0429869122185295,1.24938539551573e-13,0,0,0,0,1,0.673086199299627,0.673086199299627,80.0000000000106,-5.72977094813703e-12,5.76427794385381e-12
13.62,-6.06895369631234e-14,0.0790083585618195,-1.51700784494098e-13,-4.8706094819232e-15,1.18280521064946e-14,-1.57579956990629e-14,80.0000000000106,0.23778887340964,0.0790083585618914,7.51344259714489e-14,-7.19313497654543e-14,0.773758553262443,-6.41002428474804e-13,-9.77298959948564,-2.05850974727246e-14,-0.0429869122185295,1.24938539551573e-13,0,0,0,0,1,0.673086199299627,0.673086199299627,80.0000000000106,-5.74210919224652e-12,5.75450798123711e-12
13.63,-6.07507235397119e-14,0.0790083585618196,-1.51858894670165e-13,-4.87089914891467e-15,1.18280414317713e-14,-1.57653935936564e-14,80.0000000000106,0.23778887340964,0.0790083585618914,7.51334048119174e-14,-7.18092252327456e-14,0.773758553262443,-6.40996982887652e-13,-9.77298959948564,-2.05850974727246e-14,-0.0429869122185295,1.24938539551573e-13,0,0,0,0,1,0.673086199299627,0.673086199299627,80.0000000000106,-5.75445336124954e-12,5.74473801862041e-12
13.64,-6.08119188679726e-14,0.0790083585618198,-1.52017079062429e-13,-4.87118829649441e-15,1.1828030757048e-14,-1.57727926340995e-14,80.0000000000106,0.23778887340964,0.0790083585618914,7.5132383106469e-14,-7.16759984697906e-14,0.773758553262443,-6.40991533415658e-13,-9.77298959948564,-2.05850974727246e-14,-0.0429869122185295,1.24938539551573e-13,0,0,0,0,1,0.673086199299627,0.673086199299627,80.0000000000106,-5.76680345596272e-12,5.73407987758401e-12
13.65,-6.08731229436292e-14,0.0790083585618199,-1.52175337682378e-13,-4.87147692681958e-15,1.18280200823246e-14,-1.57801928195346e-14,80.0000000000106,0.23778887340964,0.0790083585618914,7.51313608567275e-14,-7.15538739370818e-14,0.773758553262443,-6.40986080071258e-13,-9.77298959948564,-2.05850974727246e-14,-0.0429869122185295,1.24938539551573e-13,0,0,0,0,1,0.673086199299627,0.673086199299627,80.0000000000106,-5.77915947720234e-12,5.72430991496731e-12
13.66,-6.0934335762426e-14,0.07900835856182,-1.52333670541495e-13,-4.87176504203871e-15,1.18280135190377e-14,-1.57875941491081e-14,80.0000000000106,0.23778887340964,0.0790083585618914,7.51303380643101e-14,-7.14317494043731e-14,0.773758553262443,-6.40980622866844e-13,-9.77298959948564,-2.05850974727246e-14,-0.0429869122185295,1.24938539551573e-13,0,0,0,0,1,0.673086199299627,0.673086199299627,80.0000000000106,-5.79152142578443e-12,5.71453995235061e-12
13.67,-6.09955573201282e-14,0.0790083585618201,-1.52492077651253e-13,-4.87205264429172e-15,1.18280069557508e-14,-1.579499662197e-14,80.0000000000106,0.23778887340964,0.0790083585618914,7.51293147308275e-14,-7.13096248716643e-14,0.773758553262443,-6.40975161814754e-13,-9.77298959948564,-2.05850974727246e-14,-0.0429869122185295,1.24938539551573e-13,0,0,0,0,1,0.673086199299627,0.673086199299627,80.0000000000106,-5.80388930252469e-12,5.7047699897339e-12
13.68,-6.10567876125215e-14,0.0790083585618203,-1.52650559023115e-13,-4.87233973571e-15,1.18280003924639e-14,-1.58024002372744e-14,80.0000000000106,0.23778887340964,0.0790083585618914,7.51282908578838e-14,-7.11652958784631e-14,0.773758553262443,-6.40969696927276e-13,-9.77298959948564,-2.05850974727246e-14,-0.0429869122185295,1.24938539551573e-13,0,0,0,0,1,0.673086199299627,0.673086199299627,80.0000000000106,-5.81626310823857e-12,5.6932236702778e-12
13.69,-6.11180266354126e-14,0.0790083585618204,-1.52809114668538e-13,-4.8726263184164e-15,1.1827993829177e-14,-1.58098049941792e-14,80.0000000000106,0.23778887340964,0.0790083585618914,7.51272664470767e-14,-7.10431713457543e-14,0.773758553262443,-6.40964228216649e-13,-9.77298959948564,-2.05850974727246e-14,-0.0429869122185295,1.24938539551573e-13,0,0,0,0,1,0.673086199299627,0.673086199299627,80.0000000000106,-5.82864284374121e-12,5.6834537076611e-12
13.7,-6.11792743846282e-14,0.0790083585618205,-1.5296774459897e-13,-4.87291239452528e-15,1.18279872658901e-14,-1.58172108918462e-14,80.0000000000106,0.23778887340964,0.0790083585618914,7.51262414999973e-14,-7.09210468130456e-14,0.773758553262443,-6.40958755695066e-13,-9.77298959948564,-2.05850974727246e-14,-0.0429869122185295,1.24938539551573e-13,0,0,0,0,1,0.673086199299627,0.673086199299627,80.0000000000106,-5.84102850984746e-12,5.6736837450444e-12
13.71,-6.12405308560159e-14,0.0790083585618206,-1.5312644882585e-13,-4.87319796614255e-15,1.18279807026032e-14,-1.58246179294407e-14,80.0000000000106,0.23778887340964,0.0790083585618914,7.51252160182304e-14,-7.07989222803368e-14,0.773758553262443,-6.40953279374665e-13,-9.77298959948564,-2.05850974727246e-14,-0.0429869122185295,1.24938539551573e-13,0,0,0,0,1,0.673086199299627,0.673086199299627,80.0000000000106,-5.85342010737189e-12,5.6639137824277e-12
13.72,-6.13017960454434e-14,0.0790083585618208,-1.53285227360607e-13,-4.8734830353657e-15,1.18279741393163e-14,-1.58320261061322e-14,80.0000000000106,0.23778887340964,0.0790083585618914,7.51241900033543e-14,-7.06767977476281e-14,0.773758553262443,-6.4094779926754e-13,-9.77298959948564,-2.05850974727246e-14,-0.0429869122185295,1.24938539551573e-13,0,0,0,0,1,0.673086199299627,0.673086199299627,80.0000000000106,-5.86581763712879e-12,5.654143819811e-12
13.73,-6.13630699487988e-14,0.0790083585618209,-1.53444080214665e-13,-4.87376760428381e-15,1.18281454880845e-14,-1.58394354210936e-14,80.0000000000106,0.23778887340964,0.0790083585618914,7.51231634569409e-14,-7.05435709846731e-14,0.773758553262443,-6.40942315385734e-13,-9.77298959948564,-2.05850974727246e-14,-0.0429869122185295,1.24938539551573e-13,0,0,0,0,1,0.673086199299627,0.673086199299627,80.0000000000106,-5.87822109993217e-12,5.6434856787746e-12
13.74,-6.14243525619902e-14,0.079008358561821,-1.53603007399439e-13,-4.87405167497765e-15,1.18281389247976e-14,-1.58468458735019e-14,80.0000000000106,0.23778887340964,0.0790083585618914,7.51221363805558e-14,-7.04214464519643e-14,0.773758553262443,-6.4093682774124e-13,-9.77298959948564,-2.05850974727246e-14,-0.0429869122185295,1.24938539551573e-13,0,0,0,0,1,0.673086199299627,0.673086199299627,80.0000000000106,-5.89063049659574e-12,5.63371571615789e-12
13.75,-6.14856438809461e-14,0.0790083585618211,-1.53762008926333e-13,-4.87433524951962e-15,1.18281323615107e-14,-1.58542574625376e-14,80.0000000000106,0.23778887340964,0.0790083585618914,7.51211087757584e-14,-7.02993219192556e-14,0.773758553262443,-6.40931336346006e-13,-9.77298959948564,-2.05850974727246e-14,-0.0429869122185295,1.24938539551573e-13,0,0,0,0,1,0.673086199299627,0.673086199299627,80.0000000000106,-5.90304582793297e-12,5.62394575354119e-12
13.76,-6.15469439016148e-14,0.0790083585618213,-1.53921084806746e-13,-4.87461832997386e-15,1.18281257982238e-14,-1.58616701873851e-14,80.0000000000106,0.23778887340964,0.0790083585618914,7.51200806441014e-14,-7.01771973865468e-14,0.773758553262443,-6.40925841211928e-13,-9.77298959948564,-2.05850974727246e-14,-0.0429869122185295,1.24938539551573e-13,0,0,0,0,1,0.673086199299627,0.673086199299627,80.0000000000106,-5.915467094757e-12,5.61417579092449e-12
13.77,-6.16082526199647e-14,0.0790083585618214,-1.54080235052067e-13,-4.87490091839626e-15,1.18281192349369e-14,-1.58690840472324e-14,80.0000000000106,0.23778887340964,0.0790083585618914,7.51190519871316e-14,-7.00550728538381e-14,0.773758553262443,-6.40920342350858e-13,-9.77298959948564,-2.05850974727246e-14,-0.0429869122185295,1.24938539551573e-13,0,0,0,0,1,0.673086199299627,0.673086199299627,80.0000000000106,-5.92789429788074e-12,5.60440582830779e-12
13.78,-6.1669570031984e-14,0.0790083585618215,-1.54239459673678e-13,-4.87518301683447e-15,1.182811267165e-14,-1.58764990412712e-14,80.0000000000106,0.23778887340964,0.0790083585618914,7.51180228063893e-14,-6.99218460908831e-14,0.773758553262443,-6.40914839774597e-13,-9.77298959948564,-2.05850974727246e-14,-0.0429869122185295,1.24938539551573e-13,0,0,0,0,1,0.673086199299627,0.673086199299627,80.0000000000106,-5.94032743811679e-12,5.59374768727139e-12
13.79,-6.17308961336807e-14,0.0790083585618216,-1.54398758682952e-13,-4.87546462732796e-15,1.18281061083631e-14,-1.5883915168697e-14,80.0000000000106,0.23778887340964,0.0790083585618914,7.51169931034087e-14,-6.97886193279281e-14,0.773758553262443,-6.409093334949e-13,-9.77298959948564,-2.05850974727246e-14,-0.0429869122185295,1.24938539551573e-13,0,0,0,0,1,0.673086199299627,0.673086199299627,80.0000000000106,-5.95276651627751e-12,5.58308954623499e-12
13.8,-6.17922309210825e-14,0.0790083585618218,-1.54558132091254e-13,-4.87574575190804e-15,1.18280995450762e-14,-1.58913324287089e-14,80.0000000000106,0.23778887340964,0.0790083585618914,7.51159628797178e-14,-6.96664947952193e-14,0.773758553262443,-6.40903823523473e-13,-9.77298959948564,-2.05850974727246e-14,-0.0429869122185295,1.24938539551573e-13,0,0,0,0,1,0.673086199299627,0.673086199299627,80.0000000000106,-5.96521153317496e-12,5.57331958361829e-12
13.81,-6.18535743902369e-14,0.0790083585618219,-1.54717579909942e-13,-4.87602639259791e-15,1.18280929817893e-14,-1.58987508205097e-14,80.0000000000106,0.23778887340964,0.0790083585618914,7.51149321368382e-14,-6.95443702625106e-14,0.773758553262443,-6.40898309871978e-13,-9.77298959948564,-2.05850974727246e-14,-0.0429869122185295,1.24938539551573e-13,0,0,0,0,1,0.673086199299627,0.673086199299627,80.0000000000106,-5.97766248962095e-12,5.56354962100158e-12
13.82,-6.19149265372108e-14,0.079008358561822,-1.54877102150365e-13,-4.87630655141266e-15,1.18280864185023e-14,-1.59061703433058e-14,80.0000000000106,0.23778887340964,0.0790083585618914,7.51139008762856e-14,-6.94111434995556e-14,0.773758553262443,-6.40892792552025e-13,-9.77298959948564,-2.05850974727246e-14,-0.0429869122185295,1.24938539551573e-13,0,0,0,0,1,0.673086199299627,0.673086199299627,80.0000000000106,-5.990119386427e-12,5.55289147996518e-12
13.83,-6.19762873580905e-14,0.0790083585618221,-1.55036698823864e-13,-4.87658623035934e-15,1.18280798552154e-14,-1.59135909963072e-14,80.0000000000106,0.23778887340964,0.0790083585618914,7.51128690995695e-14,-6.92890189668468e-14,0.773758553262443,-6.40887271575182e-13,-9.77298959948564,-2.05850974727246e-14,-0.0429869122185295,1.24938539551573e-13,0,0,0,0,1,0.673086199299627,0.673086199299627,80.0000000000106,-6.00258222440439e-12,5.54312151734848e-12
13.84,-6.2037656848982e-14,0.0790083585618223,-1.55196369941773e-13,-4.87686543143696e-15,1.18280732919285e-14,-1.59210127787275e-14,80.0000000000106,0.23778887340964,0.0790083585618914,7.51118368081932e-14,-6.91668944341381e-14,0.773758553262443,-6.40881746952968e-13,-9.77298959948564,-2.05850974727246e-14,-0.0429869122185295,1.24938539551573e-13,0,0,0,0,1,0.673086199299627,0.673086199299627,80.0000000000106,-6.0150510043641e-12,5.53335155473178e-12
13.85,-6.20990350060103e-14,0.0790083585618224,-1.55356115515418e-13,-4.87714415663655e-15,1.18280667286416e-14,-1.59284356897841e-14,80.0000000000106,0.23778887340964,0.0790083585618914,7.51108040036539e-14,-6.90447699014293e-14,0.773758553262443,-6.40876218696855e-13,-9.77298959948564,-2.05850974727246e-14,-0.0429869122185295,1.24938539551573e-13,0,0,0,0,1,0.673086199299627,0.673086199299627,80.0000000000106,-6.02752572711688e-12,5.52358159211508e-12
13.86,-6.216042182532e-14,0.0790083585618225,-1.55515935556116e-13,-4.87742240794116e-15,1.18280601653547e-14,-1.59358597286979e-14,80.0000000000106,0.23778887340964,0.0790083585618914,7.51097706874429e-14,-6.89226453687206e-14,0.773758553262443,-6.40870686818269e-13,-9.77298959948564,-2.05850974727246e-14,-0.0429869122185295,1.24938539551573e-13,0,0,0,0,1,0.673086199299627,0.673086199299627,80.0000000000106,-6.04000639347319e-12,5.51381162949838e-12
13.87,-6.22218173030745e-14,0.0790083585618226,-1.55675830075177e-13,-4.87770018732593e-15,1.18280494906314e-14,-1.59432848946931e-14,80.0000000000106,0.23778887340964,0.0790083585618914,7.51087368610453e-14,-6.87894186057656e-14,0.773758553262443,-6.40865151328592e-13,-9.77298959948564,-2.05850974727246e-14,-0.0429869122185295,1.24938539551573e-13,0,0,0,0,1,0.673086199299627,0.673086199299627,80.0000000000106,-6.05249300424324e-12,5.50315348846198e-12
13.88,-6.22832214354566e-14,0.0790083585618228,-1.55835799083903e-13,-4.87797749675808e-15,1.18280388159081e-14,-1.59507111869979e-14,80.0000000000106,0.23778887340964,0.0790083585618914,7.51077025259403e-14,-6.86672940730568e-14,0.773758553262443,-6.40859612239156e-13,-9.77298959948564,-2.05850974727246e-14,-0.0429869122185295,1.24938539551573e-13,0,0,0,0,1,0.673086199299627,0.673086199299627,80.0000000000106,-6.06498556023698e-12,5.49338352584527e-12
13.89,-6.23446342186679e-14,0.0790083585618229,-1.5599584259359e-13,-4.87825433819699e-15,1.18280281411848e-14,-1.59581386048436e-14,80.0000000000106,0.23778887340964,0.0790083585618914,7.5106667683601e-14,-6.85451695403481e-14,0.773758553262443,-6.40854069561252e-13,-9.77298959948564,-2.05850974727246e-14,-0.0429869122185295,1.24938539551573e-13,0,0,0,0,1,0.673086199299627,0.673086199299627,80.0000000000106,-6.0774840622641e-12,5.48361356322857e-12
13.9,-6.24060556489292e-14,0.079008358561823,-1.56155960615523e-13,-4.87853071359419e-15,1.18280174664615e-14,-1.59655671474655e-14,80.0000000000106,0.23778887340964,0.0790083585618914,7.51056323354946e-14,-6.84230450076393e-14,0.773758553262443,-6.40848523306121e-13,-9.77298959948564,-2.05850974727246e-14,-0.0429869122185295,1.24938539551573e-13,0,0,0,0,1,0.673086199299627,0.673086199299627,80.0000000000106,-6.08998851113403e-12,5.47384360061187e-12
13.91,-6.24674857224799e-14,0.0790083585618231,-1.56316153160982e-13,-4.87880662489339e-15,1.18280109031746e-14,-1.5972996814102e-14,80.0000000000106,0.23778887340964,0.0790083585618914,7.51045964830824e-14,-6.82898182446843e-14,0.773758553262443,-6.40842973484962e-13,-9.77298959948564,-2.05850974727246e-14,-0.0429869122185295,1.24938539551573e-13,0,0,0,0,1,0.673086199299627,0.673086199299627,80.0000000000106,-6.10249890765595e-12,5.46318545957547e-12
13.92,-6.25289244355784e-14,0.0790083585618233,-1.56476420241238e-13,-4.87908207403056e-15,1.18280043398877e-14,-1.59804276039953e-14,80.0000000000106,0.23778887340964,0.0790083585618914,7.51035601278196e-14,-6.81565914817293e-14,0.773758553262443,-6.40837420108927e-13,-9.77298959948564,-2.05850974727246e-14,-0.0429869122185295,1.24938539551573e-13,0,0,0,0,1,0.673086199299627,0.673086199299627,80.0000000000106,-6.11501525263876e-12,5.45252731853907e-12
13.93,-6.25903717845017e-14,0.0790083585618234,-1.56636761867555e-13,-4.87935706293391e-15,1.18279977766007e-14,-1.59878595163908e-14,80.0000000000106,0.23778887340964,0.0790083585618914,7.51025232711558e-14,-6.80344669490206e-14,0.773758553262443,-6.40831863189123e-13,-9.77298959948564,-2.05850974727246e-14,-0.0429869122185295,1.24938539551573e-13,0,0,0,0,1,0.673086199299627,0.673086199299627,80.0000000000106,-6.12753754689116e-12,5.44275735592237e-12
13.94,-6.26518277655455e-14,0.0790083585618235,-1.56797178051191e-13,-4.87963159352394e-15,1.18279912133138e-14,-1.59952925505377e-14,80.0000000000106,0.23778887340964,0.0790083585618914,7.51014859145344e-14,-6.79123424163118e-14,0.773758553262443,-6.40826302736613e-13,-9.77298959948564,-2.05850974727246e-14,-0.0429869122185295,1.24938539551573e-13,0,0,0,0,1,0.673086199299627,0.673086199299627,80.0000000000106,-6.14006579122154e-12,5.43298739330567e-12
13.95,-6.27132923750241e-14,0.0790083585618236,-1.56957668803392e-13,-4.87990566771347e-15,1.18279846500269e-14,-1.60027267056883e-14,80.0000000000106,0.23778887340964,0.0790083585618914,7.51004480593932e-14,-6.78013201138493e-14,0.773758553262443,-6.40820738762414e-13,-9.77298959948564,-2.05850974727246e-14,-0.0429869122185295,1.24938539551573e-13,0,0,0,0,1,0.673086199299627,0.673086199299627,80.0000000000106,-6.15259998643807e-12,5.42410560910866e-12
13.96,-6.27747656092702e-14,0.0790083585618238,-1.57118234135402e-13,-4.88017928740769e-15,1.182797808674e-14,-1.60101619810988e-14,80.0000000000106,0.23778887340964,0.0790083585618914,7.50994097071641e-14,-6.76791955811406e-14,0.773758553262443,-6.40815171277501e-13,-9.77298959948564,-2.05850974727246e-14,-0.0429869122185295,1.24938539551573e-13,0,0,0,0,1,0.673086199299627,0.673086199299627,80.0000000000106,-6.16514013334866e-12,5.41433564649196e-12
13.97,-6.28362474646351e-14,0.0790083585618239,-1.57278874058453e-13,-4.88045245450413e-15,1.18279715234531e-14,-1.60175983760284e-14,80.0000000000106,0.23778887340964,0.0790083585618914,7.50983708592732e-14,-6.75459688181856e-14,0.773758553262443,-6.40809600292801e-13,-9.77298959948564,-2.05850974727246e-14,-0.0429869122185295,1.24938539551573e-13,0,0,0,0,1,0.673086199299627,0.673086199299627,80.0000000000106,-6.17768623276099e-12,5.40367750545556e-12
13.98,-6.28977379374882e-14,0.079008358561824,-1.57439588583773e-13,-4.88072517089278e-15,1.18281428722214e-14,-1.60250358897399e-14,80.0000000000106,0.23778887340964,0.0790083585618914,7.50973315171408e-14,-6.74238442854768e-14,0.773758553262443,-6.40804025819201e-13,-9.77298959948564,-2.05850974727246e-14,-0.0429869122185295,1.24938539551573e-13,0,0,0,0,1,0.673086199299627,0.673086199299627,80.0000000000106,-6.19023828548247e-12,5.39390754283886e-12
13.99,-6.29592370242175e-14,0.0790083585618241,-1.57600377722581e-13,-4.88099743845604e-15,1.18281363089345e-14,-1.60324745214996e-14,80.0000000000106,0.23778887340964,0.0790083585618914,7.50962916821813e-14,-6.73017197527681e-14,0.773758553262443,-6.40798447867541e-13,-9.77298959948564,-2.05850974727246e-14,-0.0429869122185295,1.24938539551573e-13,0,0,0,0,1,0.673086199299627,0.673086199299627,80.0000000000106,-6.20279629232028e-12,5.38413758022216e-12
14,-6.30207447212289e-14,0.0790083585618243,-1.57761241486087e-13,-4.88126925906881e-15,1.18281297456475e-14,-1.6039914270577e-14,80.0000000000106,0.23778887340964,0.0790083585618914,7.50952513558038e-14,-6.71795952200593e-14,0.773758553262443,-6.40792866448617e-13,-9.77298959948564,-2.05850974727246e-14,-0.0429869122185295,1.24938539551573e-13,0,0,0,0,1,0.673086199299627,0.673086199299627,80.0000000000106,-6.21536025408135e-12,5.37436761760546e-12
14.01,-6.30822610249467e-14,0.0790083585618244,-1.57922179885498e-13,-4.88154063459846e-15,1.18281231823606e-14,-1.60473551362451e-14,80.0000000000106,0.23778887340964,0.0790083585618914,7.50942105394112e-14,-6.70574706873506e-14,0.773758553262443,-6.40787281573185e-13,-9.77298959948564,-2.05850974727246e-14,-0.0429869122185295,1.24938539551573e-13,0,0,0,0,1,0.673086199299627,0.673086199299627,80.0000000000106,-6.22793017157236e-12,5.36459765498876e-12
14.02,-6.31437859318129e-14,0.0790083585618245,-1.58083192932009e-13,-4.88181156690491e-15,1.18281166190737e-14,-1.60547971177803e-14,80.0000000000106,0.23778887340964,0.0790083585618914,7.50931692344011e-14,-6.69131416941493e-14,0.773758553262443,-6.40781693251953e-13,-9.77298959948564,-2.05850974727246e-14,-0.0429869122185295,1.24938539551573e-13,0,0,0,0,1,0.673086199299627,0.673086199299627,80.0000000000106,-6.24050604559976e-12,5.35305133553265e-12
14.03,-6.32053194382879e-14,0.0790083585618246,-1.58244280636812e-13,-4.88208205784066e-15,1.18281100557868e-14,-1.60622402144622e-14,80.0000000000106,0.23778887340964,0.0790083585618914,7.50921274421651e-14,-6.67910171614406e-14,0.773758553262443,-6.40776101495589e-13,-9.77298959948564,-2.05850974727246e-14,-0.0429869122185295,1.24938539551573e-13,0,0,0,0,1,0.673086199299627,0.673086199299627,80.0000000000106,-6.25308787696977e-12,5.34328137291595e-12
14.04,-6.32668615408498e-14,0.0790083585618248,-1.58405443011088e-13,-4.88235210925078e-15,1.18281034924999e-14,-1.60696844255738e-14,80.0000000000106,0.23778887340964,0.0790083585618914,7.50910851640894e-14,-6.66688926287318e-14,0.773758553262443,-6.40770506314717e-13,-9.77298959948564,-2.05850974727246e-14,-0.0429869122185295,1.24938539551573e-13,0,0,0,0,1,0.673086199299627,0.673086199299627,80.0000000000106,-6.26567566648834e-12,5.33351141029925e-12
14.05,-6.33284122359946e-14,0.0790083585618249,-1.58566680066013e-13,-4.88262172297296e-15,1.1828096929213e-14,-1.60771297504015e-14,80.0000000000106,0.23778887340964,0.0790083585618914,7.50900424015546e-14,-6.65467680960231e-14,0.773758553262443,-6.40764907719917e-13,-9.77298959948564,-2.05850974727246e-14,-0.0429869122185295,1.24938539551573e-13,0,0,0,0,1,0.673086199299627,0.673086199299627,80.0000000000106,-6.27826941496121e-12,5.32374144768255e-12
14.06,-6.3389971520236e-14,0.079008358561825,-1.58727991812757e-13,-4.88289090083757e-15,1.18280903659261e-14,-1.6084576188235e-14,80.0000000000106,0.23778887340964,0.0790083585618914,7.50889991559354e-14,-6.64246435633143e-14,0.773758553262443,-6.40759305721728e-13,-9.77298959948564,-2.05850974727246e-14,-0.0429869122185295,1.24938539551573e-13,0,0,0,0,1,0.673086199299627,0.673086199299627,80.0000000000106,-6.29086912319389e-12,5.31397148506585e-12
14.07,-6.34515393901056e-14,0.0790083585618251,-1.58889378262479e-13,-4.88315964466762e-15,1.18280838026392e-14,-1.60920237383672e-14,80.0000000000106,0.23778887340964,0.0790083585618914,7.50879554286014e-14,-6.62914168003593e-14,0.773758553262443,-6.40753700330645e-13,-9.77298959948564,-2.05850974727246e-14,-0.0429869122185295,1.24938539551573e-13,0,0,0,0,1,0.673086199299627,0.673086199299627,80.0000000000106,-6.30347479199161e-12,5.30331334402945e-12
14.08,-6.35131158421523e-14,0.0790083585618253,-1.59050839426335e-13,-4.88342795627887e-15,1.18280772393523e-14,-1.60994724000944e-14,80.0000000000106,0.23778887340964,0.0790083585618914,7.50869112209161e-14,-6.61692922676505e-14,0.773758553262443,-6.40748091557121e-13,-9.77298959948564,-2.05850974727246e-14,-0.0429869122185295,1.24938539551573e-13,0,0,0,0,1,0.673086199299627,0.673086199299627,80.0000000000106,-6.31608642215942e-12,5.29354338141275e-12
14.09,-6.35747008729429e-14,0.0790083585618254,-1.59212375315472e-13,-4.8836958374798e-15,1.18280706760654e-14,-1.6106922172716e-14,80.0000000000106,0.23778887340964,0.0790083585618914,7.5085866534238e-14,-6.60471677349418e-14,0.773758553262443,-6.40742479411567e-13,-9.77298959948564,-2.05850974727246e-14,-0.0429869122185295,1.24938539551573e-13,0,0,0,0,1,0.673086199299627,0.673086199299627,80.0000000000106,-6.32870401450211e-12,5.28377341879605e-12
14.1,-6.36362944790616e-14,0.0790083585618255,-1.59373985941029e-13,-4.88396329007165e-15,1.18280641127785e-14,-1.61143730555349e-14,80.0000000000106,0.23778887340964,0.0790083585618914,7.50848213699197e-14,-6.5925043202233e-14,0.773758553262443,-6.40736863904353e-13,-9.77298959948564,-2.05850974727246e-14,-0.0429869122185295,1.24938539551573e-13,0,0,0,0,1,0.673086199299627,0.673086199299627,80.0000000000106,-6.34132756982423e-12,5.27400345617934e-12
14.11,-6.36978966571098e-14,0.0790083585618256,-1.5953567131414e-13,-4.88423031584849e-15,1.18280575494915e-14,-1.61218250478571e-14,80.0000000000106,0.23778887340964,0.0790083585618914,7.50837757293086e-14,-6.5791816439278e-14,0.773758553262443,-6.40731245045804e-13,-9.77298959948564,-2.05850974727246e-14,-0.0429869122185295,1.24938539551573e-13,0,0,0,0,1,0.673086199299627,0.673086199299627,80.0000000000106,-6.35395708893014e-12,5.26334531514294e-12
14.12,-6.37595074037067e-14,0.0790083585618258,-1.59697431445932e-13,-4.88449691659719e-15,1.18280468747682e-14,-1.61292781489919e-14,80.0000000000106,0.23778887340964,0.0790083585618914,7.50827296137464e-14,-6.56696919065693e-14,0.773758553262443,-6.40725622846208e-13,-9.77298959948564,-2.05850974727246e-14,-0.0429869122185295,1.24938539551573e-13,0,0,0,0,1,0.673086199299627,0.673086199299627,80.0000000000106,-6.36659257262393e-12,5.25357535252624e-12
14.13,-6.38211267154883e-14,0.0790083585618259,-1.59859266347523e-13,-4.88476309409747e-15,1.18280362000449e-14,-1.61367323582517e-14,80.0000000000106,0.23778887340964,0.0790083585618914,7.50816830245696e-14,-6.55475673738605e-14,0.773758553262443,-6.40719997315806e-13,-9.77298959948564,-2.05850974727246e-14,-0.0429869122185295,1.24938539551573e-13,0,0,0,0,1,0.673086199299627,0.673086199299627,80.0000000000106,-6.37923402170948e-12,5.24380538990954e-12
14.14,-6.38827545891082e-14,0.079008358561826,-1.60021176030027e-13,-4.88502885012197e-15,1.18280255253216e-14,-1.61441876749521e-14,80.0000000000106,0.23778887340964,0.0790083585618914,7.50806359631089e-14,-6.54254428411518e-14,0.773758553262443,-6.40714368464802e-13,-9.77298959948564,-2.05850974727246e-14,-0.0429869122185295,1.24938539551573e-13,0,0,0,0,1,0.673086199299627,0.673086199299627,80.0000000000106,-6.39188143699045e-12,5.23403542729284e-12
14.15,-6.3944391021237e-14,0.0790083585618261,-1.60183160504548e-13,-4.8852941864362e-15,1.18280148505983e-14,-1.61516440984122e-14,80.0000000000106,0.23778887340964,0.0790083585618914,7.50795884306901e-14,-6.5303318308443e-14,0.773758553262443,-6.40708736303357e-13,-9.77298959948564,-2.05850974727246e-14,-0.0429869122185295,1.24938539551573e-13,0,0,0,0,1,0.673086199299627,0.673086199299627,80.0000000000106,-6.40453481927027e-12,5.22426546467614e-12
14.16,-6.40060360085623e-14,0.0790083585618263,-1.60345219782186e-13,-4.88555910479863e-15,1.18280082873114e-14,-1.61591016279538e-14,80.0000000000106,0.23778887340964,0.0790083585618914,7.50785404286333e-14,-6.5170091545488e-14,0.773758553262443,-6.4070310084159e-13,-9.77298959948564,-2.05850974727246e-14,-0.0429869122185295,1.24938539551573e-13,0,0,0,0,1,0.673086199299627,0.673086199299627,80.0000000000106,-6.41719416935214e-12,5.21360732363974e-12
14.17,-6.40676895477889e-14,0.0790083585618264,-1.60507353874033e-13,-4.88582360696072e-15,1.18280017240245e-14,-1.61665602629024e-14,80.0000000000106,0.23778887340964,0.0790083585618914,7.50774919582532e-14,-6.50479670127793e-14,0.773758553262443,-6.4069746208958e-13,-9.77298959948564,-2.05850974727246e-14,-0.0429869122185295,1.24938539551573e-13,0,0,0,0,1,0.673086199299627,0.673086199299627,80.0000000000106,-6.42985948803905e-12,5.20383736102303e-12
14.18,-6.41293516356383e-14,0.0790083585618265,-1.60669562791174e-13,-4.88608769466689e-15,1.18279951607376e-14,-1.61740200025862e-14,80.0000000000106,0.23778887340964,0.0790083585618914,7.50764430208595e-14,-6.49258424800705e-14,0.773758553262443,-6.40691820057367e-13,-9.77298959948564,-2.05850974727246e-14,-0.0429869122185295,1.24938539551573e-13,0,0,0,0,1,0.673086199299627,0.673086199299627,80.0000000000106,-6.44253077613375e-12,5.19406739840633e-12
14.19,-6.41910222688492e-14,0.0790083585618266,-1.60831846544687e-13,-4.8863513696546e-15,1.18279885974507e-14,-1.61814808463368e-14,80.0000000000106,0.23778887340964,0.0790083585618914,7.50753936177562e-14,-6.48037179473618e-14,0.773758553262443,-6.40686174754948e-13,-9.77298959948564,-2.05850974727246e-14,-0.0429869122185295,1.24938539551573e-13,0,0,0,0,1,0.673086199299627,0.673086199299627,80.0000000000106,-6.45520803443881e-12,5.18429743578963e-12
14.2,-6.42527014441767e-14,0.0790083585618268,-1.60994205145645e-13,-4.88661463365438e-15,1.18279820341638e-14,-1.61889427934888e-14,80.0000000000106,0.23778887340964,0.0790083585618914,7.50743437502423e-14,-6.4681593414653e-14,0.773758553262443,-6.40680526192281e-13,-9.77298959948564,-2.05850974727246e-14,-0.0429869122185295,1.24938539551573e-13,0,0,0,0,1,0.673086199299627,0.673086199299627,80.0000000000106,-6.46789126375654e-12,5.17452747317293e-12
14.21,-6.43143891583932e-14,0.0790083585618269,-1.61156638605113e-13,-4.88687748838981e-15,1.18279754708768e-14,-1.61964058433801e-14,80.0000000000106,0.23778887340964,0.0790083585618914,7.50732934196114e-14,-6.4548366651698e-14,0.773758553262443,-6.40674874379281e-13,-9.77298959948564,-2.05850974727246e-14,-0.0429869122185295,1.24938539551573e-13,0,0,0,0,1,0.673086199299627,0.673086199299627,80.0000000000106,-6.48058046488904e-12,5.16386933213653e-12
14.22,-6.43760854082871e-14,0.079008358561827,-1.61319146934148e-13,-4.88713993557761e-15,1.18279689075899e-14,-1.62038699953514e-14,80.0000000000106,0.23778887340964,0.0790083585618914,7.50722426271518e-14,-6.44262421189893e-14,0.773758553262443,-6.40669219325828e-13,-9.77298959948564,-2.05850974727246e-14,-0.0429869122185295,1.24938539551573e-13,0,0,0,0,1,0.673086199299627,0.673086199299627,80.0000000000106,-6.49327563863823e-12,5.15409936951983e-12
14.23,-6.44377901906641e-14,0.0790083585618271,-1.61481730143804e-13,-4.88740197692762e-15,1.18281402563582e-14,-1.62113352487469e-14,80.0000000000106,0.23778887340964,0.0790083585618914,7.50711913741467e-14,-6.43041175862805e-14,0.773758553262443,-6.40663561041757e-13,-9.77298959948564,-2.05850974727246e-14,-0.0429869122185295,1.24938539551573e-13,0,0,0,0,1,0.673086199299627,0.673086199299627,80.0000000000106,-6.50597678580577e-12,5.14432940690313e-12
14.24,-6.44995035023459e-14,0.0790083585618273,-1.61644388245126e-13,-4.88766361414284e-15,1.18281336930713e-14,-1.62188016029135e-14,80.0000000000106,0.23778887340964,0.0790083585618914,7.5070139661874e-14,-6.41819930535718e-14,0.773758553262443,-6.40657899536866e-13,-9.77298959948564,-2.05850974727246e-14,-0.0429869122185295,1.24938539551573e-13,0,0,0,0,1,0.673086199299627,0.673086199299627,80.0000000000106,-6.51868390719313e-12,5.13455944428642e-12
14.25,-6.4561225340171e-14,0.0790083585618274,-1.61807121249152e-13,-4.88792484891948e-15,1.18281271297844e-14,-1.62262690572014e-14,80.0000000000106,0.23778887340964,0.0790083585618914,7.50690874916064e-14,-6.40376640603705e-14,0.773758553262443,-6.40652234820914e-13,-9.77298959948564,-2.05850974727246e-14,-0.0429869122185295,1.24938539551573e-13,0,0,0,0,1,0.673086199299627,0.673086199299627,80.0000000000106,-6.53139700360156e-12,5.12301312483032e-12
14.26,-6.46229557009941e-14,0.0790083585618275,-1.61969929166916e-13,-4.88818568294694e-15,1.18281205664975e-14,-1.62337376109638e-14,80.0000000000106,0.23778887340964,0.0790083585618914,7.50680348646117e-14,-6.39155395276618e-14,0.773758553262443,-6.40646566903618e-13,-9.77298959948564,-2.05850974727246e-14,-0.0429869122185295,1.24938539551573e-13,0,0,0,0,1,0.673086199299627,0.673086199299627,80.0000000000106,-6.54411607583212e-12,5.11324316221362e-12
14.27,-6.46846945816865e-14,0.0790083585618276,-1.62132812009442e-13,-4.88844611790789e-15,1.18281140032106e-14,-1.62412072635569e-14,80.0000000000106,0.23778887340964,0.0790083585618914,7.50669817821522e-14,-6.3793414994953e-14,0.773758553262443,-6.40640895794658e-13,-9.77298959948564,-2.05850974727246e-14,-0.0429869122185295,1.24938539551573e-13,0,0,0,0,1,0.673086199299627,0.673086199299627,80.0000000000106,-6.55684112468562e-12,5.10347319959692e-12
14.28,-6.47464419791356e-14,0.0790083585618278,-1.6229576978775e-13,-4.88870615547826e-15,1.18281074399236e-14,-1.624867801434e-14,80.0000000000106,0.23778887340964,0.0790083585618914,7.50659282454852e-14,-6.36712904622443e-14,0.773758553262443,-6.40635221503672e-13,-9.77298959948564,-2.05850974727246e-14,-0.0429869122185295,1.24938539551573e-13,0,0,0,0,1,0.673086199299627,0.673086199299627,80.0000000000106,-6.56957215096271e-12,5.09370323698022e-12
14.29,-6.4808197890245e-14,0.0790083585618279,-1.62458802512854e-13,-4.88896579732729e-15,1.18281008766367e-14,-1.62561498626753e-14,80.0000000000106,0.23778887340964,0.0790083585618914,7.5064874255863e-14,-6.35491659295355e-14,0.773758553262443,-6.40629544040264e-13,-9.77298959948564,-2.05850974727246e-14,-0.0429869122185295,1.24938539551573e-13,0,0,0,0,1,0.673086199299627,0.673086199299627,80.0000000000106,-6.58230915546378e-12,5.08393327436352e-12
14.3,-6.48699623119346e-14,0.079008358561828,-1.6262191019576e-13,-4.88922504511754e-15,1.18280943133498e-14,-1.62636228079283e-14,80.0000000000106,0.23778887340964,0.0790083585618914,7.50638198145326e-14,-6.34159391665805e-14,0.773758553262443,-6.40623863413993e-13,-9.77298959948564,-2.05850974727246e-14,-0.0429869122185295,1.24938539551573e-13,0,0,0,0,1,0.673086199299627,0.673086199299627,80.0000000000106,-6.59505213898907e-12,5.07327513332712e-12
14.31,-6.49317352411402e-14,0.0790083585618281,-1.62785092847469e-13,-4.88948390050493e-15,1.18280877500629e-14,-1.62710968494671e-14,80.0000000000106,0.23778887340964,0.0790083585618914,7.50627649227362e-14,-6.3304916864118e-14,0.773758553262443,-6.40618179634385e-13,-9.77298959948564,-2.05850974727246e-14,-0.0429869122185295,1.24938539551573e-13,0,0,0,0,1,0.673086199299627,0.673086199299627,80.0000000000106,-6.60780110233857e-12,5.06439334913011e-12
14.32,-6.49935166748139e-14,0.0790083585618283,-1.62948350478973e-13,-4.88974236513874e-15,1.1828081186776e-14,-1.6278571986663e-14,80.0000000000106,0.23778887340964,0.0790083585618914,7.50617095817109e-14,-6.31827923314093e-14,0.773758553262443,-6.40612492710923e-13,-9.77298959948564,-2.05850974727246e-14,-0.0429869122185295,1.24938539551573e-13,0,0,0,0,1,0.673086199299627,0.673086199299627,80.0000000000106,-6.62055604631209e-12,5.05462338651341e-12
14.33,-6.50553066099235e-14,0.0790083585618284,-1.63111683101263e-13,-4.89000044066167e-15,1.18280746234891e-14,-1.62860482188903e-14,80.0000000000106,0.23778887340964,0.0790083585618914,7.50606537926885e-14,-6.30606677987005e-14,0.773758553262443,-6.40606802653055e-13,-9.77298959948564,-2.05850974727246e-14,-0.0429869122185295,1.24938539551573e-13,0,0,0,0,1,0.673086199299627,0.673086199299627,80.0000000000106,-6.63331697170923e-12,5.04485342389671e-12
14.34,-6.51171050434528e-14,0.0790083585618285,-1.63275090725317e-13,-4.89025812870987e-15,1.18280680602022e-14,-1.62935255455263e-14,80.0000000000106,0.23778887340964,0.0790083585618914,7.50595975568962e-14,-6.29385432659918e-14,0.773758553262443,-6.40601109470189e-13,-9.77298959948564,-2.05850974727246e-14,-0.0429869122185295,1.24938539551573e-13,0,0,0,0,1,0.673086199299627,0.673086199299627,80.0000000000106,-6.64608387932939e-12,5.03508346128001e-12
14.35,-6.51789119724015e-14,0.0790083585618286,-1.63438573362113e-13,-4.89051543091293e-15,1.18280614969153e-14,-1.6301003965951e-14,80.0000000000106,0.23778887340964,0.0790083585618914,7.5058540875556e-14,-6.2816418733283e-14,0.773758553262443,-6.40595413171696e-13,-9.77298959948564,-2.05850974727246e-14,-0.0429869122185295,1.24938539551573e-13,0,0,0,0,1,0.673086199299627,0.673086199299627,80.0000000000106,-6.65885676997177e-12,5.02531349866331e-12
14.36,-6.5240727393785e-14,0.0790083585618288,-1.63602131022618e-13,-4.89077234889391e-15,1.1828050822192e-14,-1.63084834795476e-14,80.0000000000106,0.23778887340964,0.0790083585618914,7.50574837498849e-14,-6.26720897400818e-14,0.773758553262443,-6.40589713766907e-13,-9.77298959948564,-2.05850974727246e-14,-0.0429869122185295,1.24938539551573e-13,0,0,0,0,1,0.673086199299627,0.673086199299627,80.0000000000106,-6.67163564443536e-12,5.01376717920721e-12
14.37,-6.53025513046343e-14,0.0790083585618289,-1.63765763717796e-13,-4.89102888426941e-15,1.18280401474687e-14,-1.63159640857021e-14,80.0000000000106,0.23778887340964,0.0790083585618914,7.5056426181095e-14,-6.2549965207373e-14,0.773758553262443,-6.40584011265118e-13,-9.77298959948564,-2.05850974727246e-14,-0.0429869122185295,1.24938539551573e-13,0,0,0,0,1,0.673086199299627,0.673086199299627,80.0000000000106,-6.68442050351899e-12,5.00399721659051e-12
14.38,-6.53643837019963e-14,0.079008358561829,-1.63929471458604e-13,-4.89128503864956e-15,1.18280294727454e-14,-1.63234457838034e-14,80.0000000000106,0.23778887340964,0.0790083585618914,7.50553681703937e-14,-6.24278406746643e-14,0.773758553262443,-6.40578305675585e-13,-9.77298959948564,-2.05850974727246e-14,-0.0429869122185295,1.24938539551573e-13,0,0,0,0,1,0.673086199299627,0.673086199299627,80.0000000000106,-6.69721134802124e-12,4.9942272539738e-12
14.39,-6.54262245829334e-14,0.0790083585618291,-1.64093254255991e-13,-4.89154081363804e-15,1.1828018798022e-14,-1.63309285732435e-14,80.0000000000106,0.23778887340964,0.0790083585618914,7.5054309718983e-14,-6.23057161419555e-14,0.773758553262443,-6.40572597007529e-13,-9.77298959948564,-2.05850974727246e-14,-0.0429869122185295,1.24938539551573e-13,0,0,0,0,1,0.673086199299627,0.673086199299627,80.0000000000106,-6.71000817874053e-12,4.9844572913571e-12
14.4,-6.54880739445233e-14,0.0790083585618293,-1.64257112120904e-13,-4.89179621083213e-15,1.18280122347351e-14,-1.63384124534169e-14,80.0000000000106,0.23778887340964,0.0790083585618914,7.50532508280606e-14,-6.21724893790005e-14,0.773758553262443,-6.40566885270131e-13,-9.77298959948564,-2.05850974727246e-14,-0.0429869122185295,1.24938539551573e-13,0,0,0,0,1,0.673086199299627,0.673086199299627,80.0000000000106,-6.72281099647508e-12,4.9737991503207e-12
14.41,-6.55499317838595e-14,0.0790083585618294,-1.64421045064279e-13,-4.89205123182273e-15,1.18280056714482e-14,-1.63458974237214e-14,80.0000000000106,0.23778887340964,0.0790083585618914,7.5052191498819e-14,-6.20503648462918e-14,0.773758553262443,-6.40561170472537e-13,-9.77298959948564,-2.05850974727246e-14,-0.0429869122185295,1.24938539551573e-13,0,0,0,0,1,0.673086199299627,0.673086199299627,80.0000000000106,-6.73561980202291e-12,4.964029187704e-12
14.42,-6.56117980980507e-14,0.0790083585618295,-1.64585053097049e-13,-4.89230587819437e-15,1.18279991081613e-14,-1.63533834835574e-14,80.0000000000106,0.23778887340964,0.0790083585618914,7.50511317324458e-14,-6.1928240313583e-14,0.773758553262443,-6.40555452623856e-13,-9.77298959948564,-2.05850974727246e-14,-0.0429869122185295,1.24938539551573e-13,0,0,0,0,1,0.673086199299627,0.673086199299627,80.0000000000106,-6.74843459618186e-12,4.9542592250873e-12
14.43,-6.5673672884221e-14,0.0790083585618296,-1.64749136230141e-13,-4.89256015152524e-15,1.18279925448744e-14,-1.63608706323283e-14,80.0000000000106,0.23778887340964,0.0790083585618914,7.5050071530124e-14,-6.18061157808743e-14,0.773758553262443,-6.40549731733158e-13,-9.77298959948564,-2.05850974727246e-14,-0.0429869122185295,1.24938539551573e-13,0,0,0,0,1,0.673086199299627,0.673086199299627,80.0000000000106,-6.76125537974956e-12,4.9444892624706e-12
14.44,-6.57355561395097e-14,0.0790083585618298,-1.64913294474475e-13,-4.89281405338725e-15,1.18279859815875e-14,-1.63683588694402e-14,80.0000000000106,0.23778887340964,0.0790083585618914,7.50490108930316e-14,-6.16839912481655e-14,0.773758553262443,-6.40544007809478e-13,-9.77298959948564,-2.05850974727246e-14,-0.0429869122185295,1.24938539551573e-13,0,0,0,0,1,0.673086199299627,0.673086199299627,80.0000000000106,-6.77408215352346e-12,4.9347192998539e-12
14.45,-6.57974478610715e-14,0.0790083585618299,-1.65077527840966e-13,-4.89306758534598e-15,1.18279794183006e-14,-1.63758481943022e-14,80.0000000000106,0.23778887340964,0.0790083585618914,7.5047949822342e-14,-6.15507644852105e-14,0.773758553262443,-6.40538280861815e-13,-9.77298959948564,-2.05850974727246e-14,-0.0429869122185295,1.24938539551573e-13,0,0,0,0,1,0.673086199299627,0.673086199299627,80.0000000000106,-6.78691491830082e-12,4.92406115881749e-12
14.46,-6.58593480460761e-14,0.07900835856183,-1.65241836340523e-13,-4.8933207489608e-15,1.18279728550137e-14,-1.63833386063261e-14,80.0000000000106,0.23778887340964,0.0790083585618914,7.50468883192237e-14,-6.14286399525018e-14,0.773758553262443,-6.4053255089913e-13,-9.77298959948564,-2.05850974727246e-14,-0.0429869122185295,1.24938539551573e-13,0,0,0,0,1,0.673086199299627,0.673086199299627,80.0000000000106,-6.79975367487873e-12,4.91429119620079e-12
14.47,-6.59212566917082e-14,0.0790083585618301,-1.65406219984047e-13,-4.89357354578481e-15,1.18281442037819e-14,-1.63908301049265e-14,80.0000000000106,0.23778887340964,0.0790083585618914,7.50458263848405e-14,-6.12954131895468e-14,0.773758553262443,-6.40526817930349e-13,-9.77298959948564,-2.05850974727246e-14,-0.0429869122185295,1.24938539551573e-13,0,0,0,0,1,0.673086199299627,0.673086199299627,80.0000000000106,-6.81259842405407e-12,4.90363305516439e-12
14.48,-6.59831737951679e-14,0.0790083585618303,-1.65570678782436e-13,-4.89382597736491e-15,1.1828137640495e-14,-1.6398322689521e-14,80.0000000000106,0.23778887340964,0.0790083585618914,7.50447640203514e-14,-6.1173288656838e-14,0.773758553262443,-6.40521081964361e-13,-9.77298959948564,-2.05850974727246e-14,-0.0429869122185295,1.24938539551573e-13,0,0,0,0,1,0.673086199299627,0.673086199299627,80.0000000000106,-6.82544916662354e-12,4.89386309254769e-12
14.49,-6.60450993536699e-14,0.0790083585618304,-1.65735212746581e-13,-4.89407804524184e-15,1.18281310772081e-14,-1.64058163595297e-14,80.0000000000106,0.23778887340964,0.0790083585618914,7.50437012269108e-14,-6.10511641241293e-14,0.773758553262443,-6.40515343010019e-13,-9.77298959948564,-2.05850974727246e-14,-0.0429869122185295,1.24938539551573e-13,0,0,0,0,1,0.673086199299627,0.673086199299627,80.0000000000106,-6.83830590338366e-12,4.88409312993099e-12
14.5,-6.61070333644441e-14,0.0790083585618305,-1.65899821887367e-13,-4.89432975095016e-15,1.18281245139212e-14,-1.64133111143757e-14,80.0000000000106,0.23778887340964,0.0790083585618914,7.50426380056684e-14,-6.09179373611743e-14,0.773758553262443,-6.40509601076141e-13,-9.77298959948564,-2.05850974727246e-14,-0.0429869122185295,1.24938539551573e-13,0,0,0,0,1,0.673086199299627,0.673086199299627,80.0000000000106,-6.85116863513076e-12,4.87343498889459e-12
14.51,-6.6168975824735e-14,0.0790083585618306,-1.66064506215674e-13,-4.89458109601828e-15,1.18281179506343e-14,-1.64208069534847e-14,80.0000000000106,0.23778887340964,0.0790083585618914,7.50415743577691e-14,-6.07958128284655e-14,0.773758553262443,-6.4050385617151e-13,-9.77298959948564,-2.05850974727246e-14,-0.0429869122185295,1.24938539551573e-13,0,0,0,0,1,0.673086199299627,0.673086199299627,80.0000000000106,-6.86403736266101e-12,4.86366502627789e-12
14.52,-6.62309267318021e-14,0.0790083585618308,-1.66229265742375e-13,-4.89483208196854e-15,1.18281113873474e-14,-1.64283038762854e-14,80.0000000000106,0.23778887340964,0.0790083585618914,7.50405102843533e-14,-6.06736882957568e-14,0.773758553262443,-6.40498108304871e-13,-9.77298959948564,-2.05850974727246e-14,-0.0429869122185295,1.24938539551573e-13,0,0,0,0,1,0.673086199299627,0.673086199299627,80.0000000000106,-6.87691208677036e-12,4.85389506366118e-12
14.53,-6.62928860829196e-14,0.0790083585618309,-1.66394100478338e-13,-4.89508271031716e-15,1.18281048240605e-14,-1.64358018822089e-14,80.0000000000106,0.23778887340964,0.0790083585618914,7.50394457865567e-14,-6.0551563763048e-14,0.773758553262443,-6.40492357484935e-13,-9.77298959948564,-2.05850974727246e-14,-0.0429869122185295,1.24938539551573e-13,0,0,0,0,1,0.673086199299627,0.673086199299627,80.0000000000106,-6.88979280825463e-12,4.84412510104448e-12
14.54,-6.63548538753763e-14,0.079008358561831,-1.66559010434425e-13,-4.89533298257431e-15,1.18280982607736e-14,-1.64433009706894e-14,80.0000000000106,0.23778887340964,0.0790083585618914,7.50383808655103e-14,-6.0418337000093e-14,0.773758553262443,-6.40486603720377e-13,-9.77298959948564,-2.05850974727246e-14,-0.0429869122185295,1.24938539551573e-13,0,0,0,0,1,0.673086199299627,0.673086199299627,80.0000000000106,-6.9026795279094e-12,4.83346696000808e-12
14.55,-6.64168301064757e-14,0.0790083585618311,-1.66723995621494e-13,-4.89558290024414e-15,1.18280916974867e-14,-1.64508011411635e-14,80.0000000000106,0.23778887340964,0.0790083585618914,7.50373155223408e-14,-6.02962124673843e-14,0.773758553262443,-6.4048084701984e-13,-9.77298959948564,-2.05850974727246e-14,-0.0429869122185295,1.24938539551573e-13,0,0,0,0,1,0.673086199299627,0.673086199299627,80.0000000000106,-6.91557224653014e-12,4.82369699739138e-12
14.56,-6.64788147735359e-14,0.0790083585618313,-1.66889056050395e-13,-4.89583246482476e-15,1.18280851341997e-14,-1.64583023930707e-14,80.0000000000106,0.23778887340964,0.0790083585618914,7.50362497581699e-14,-6.01740879346755e-14,0.773758553262443,-6.40475087391927e-13,-9.77298959948564,-2.05850974727246e-14,-0.0429869122185295,1.24938539551573e-13,0,0,0,0,1,0.673086199299627,0.673086199299627,80.0000000000106,-6.92847096491209e-12,4.81392703477468e-12
14.57,-6.65408078738894e-14,0.0790083585618314,-1.67054191731973e-13,-4.89608167780832e-15,1.18280785709128e-14,-1.64658047258532e-14,80.0000000000106,0.23778887340964,0.0790083585618914,7.5035183574115e-14,-6.00519634019668e-14,0.773758553262443,-6.40469324845211e-13,-9.77298959948564,-2.05850974727246e-14,-0.0429869122185295,1.24938539551573e-13,0,0,0,0,1,0.673086199299627,0.673086199299627,80.0000000000106,-6.94137568385033e-12,4.80415707215798e-12
14.58,-6.66028094048832e-14,0.0790083585618315,-1.67219402677068e-13,-4.89633054068098e-15,1.18280720076259e-14,-1.64733081389559e-14,80.0000000000106,0.23778887340964,0.0790083585618914,7.5034116971289e-14,-5.99187366390118e-14,0.773758553262443,-6.40463559388226e-13,-9.77298959948564,-2.05850974727246e-14,-0.0429869122185295,1.24938539551573e-13,0,0,0,0,1,0.673086199299627,0.673086199299627,80.0000000000106,-6.95428640413979e-12,4.79349893112158e-12
14.59,-6.66648193638788e-14,0.0790083585618316,-1.67384688896515e-13,-4.89657905492297e-15,1.1828065444339e-14,-1.64808126318262e-14,80.0000000000106,0.23778887340964,0.0790083585618914,7.50330499508001e-14,-5.97855098760567e-14,0.773758553262443,-6.40457791029475e-13,-9.77298959948564,-2.05850974727246e-14,-0.0429869122185295,1.24938539551573e-13,0,0,0,0,1,0.673086199299627,0.673086199299627,80.0000000000106,-6.96720312657519e-12,4.78284079008517e-12
14.6,-6.67268377482518e-14,0.0790083585618318,-1.67550050401141e-13,-4.8968272220086e-15,1.18280588810521e-14,-1.64883182039143e-14,80.0000000000106,0.23778887340964,0.0790083585618914,7.50319825137521e-14,-5.9663385343348e-14,0.773758553262443,-6.40452019777425e-13,-9.77298959948564,-2.05850974727246e-14,-0.0429869122185295,1.24938539551573e-13,0,0,0,0,1,0.673086199299627,0.673086199299627,80.0000000000106,-6.9801258519511e-12,4.77307082746847e-12
14.61,-6.67888645553923e-14,0.0790083585618319,-1.67715487201772e-13,-4.8970750434063e-15,1.18280482063288e-14,-1.64958248546732e-14,80.0000000000106,0.23778887340964,0.0790083585618914,7.50309146612442e-14,-5.95412608106392e-14,0.773758553262443,-6.40446245640508e-13,-9.77298959948564,-2.05850974727246e-14,-0.0429869122185295,1.24938539551573e-13,0,0,0,0,1,0.673086199299627,0.673086199299627,80.0000000000106,-6.99305458106191e-12,4.76330086485177e-12
14.62,-6.68508997827045e-14,0.079008358561832,-1.67880999309223e-13,-4.89732252057862e-15,1.18280375316055e-14,-1.65033325835583e-14,80.0000000000106,0.23778887340964,0.0790083585618914,7.50298463943714e-14,-5.94191362779305e-14,0.773758553262443,-6.40440468627124e-13,-9.77298959948564,-2.05850974727246e-14,-0.0429869122185295,1.24938539551573e-13,0,0,0,0,1,0.673086199299627,0.673086199299627,80.0000000000106,-7.00598931470185e-12,4.75353090223507e-12
14.63,-6.69129434276069e-14,0.0790083585618321,-1.68046586734308e-13,-4.89756965498226e-15,1.18280268568822e-14,-1.65108413900277e-14,80.0000000000106,0.23778887340964,0.0790083585618914,7.5028777714224e-14,-5.92970117452217e-14,0.773758553262443,-6.40434688745635e-13,-9.77298959948564,-2.05850974727246e-14,-0.0429869122185295,1.24938539551573e-13,0,0,0,0,1,0.673086199299627,0.673086199299627,80.0000000000106,-7.01893005366497e-12,4.74376093961837e-12
14.64,-6.69749954875319e-14,0.0790083585618323,-1.68212249487833e-13,-4.89781644806811e-15,1.18280161821589e-14,-1.65183512735422e-14,80.0000000000106,0.23778887340964,0.0790083585618914,7.50277086218878e-14,-5.91637849822667e-14,0.773758553262443,-6.40428906004374e-13,-9.77298959948564,-2.05850974727246e-14,-0.0429869122185295,1.24938539551573e-13,0,0,0,0,1,0.673086199299627,0.673086199299627,80.0000000000106,-7.03187679874515e-12,4.73310279858197e-12
14.65,-6.70370559599261e-14,0.0790083585618324,-1.68377987580599e-13,-4.89806290128125e-15,1.1828009618872e-14,-1.65258622335653e-14,80.0000000000106,0.23778887340964,0.0790083585618914,7.50266391184445e-14,-5.9041660449558e-14,0.773758553262443,-6.40423120411638e-13,-9.77298959948564,-2.05850974727246e-14,-0.0429869122185295,1.24938539551573e-13,0,0,0,0,1,0.673086199299627,0.673086199299627,80.0000000000106,-7.04482955073611e-12,4.72333283596527e-12
14.66,-6.70991248422501e-14,0.0790083585618325,-1.68543801023404e-13,-4.89830901606097e-15,1.18280030555851e-14,-1.65333742695629e-14,80.0000000000106,0.23778887340964,0.0790083585618914,7.50255692049711e-14,-5.89306381470955e-14,0.773758553262443,-6.4041733197569e-13,-9.77298959948564,-2.05850974727246e-14,-0.0429869122185295,1.24938539551573e-13,0,0,0,0,1,0.673086199299627,0.673086199299627,80.0000000000106,-7.0577883104314e-12,4.71445105176826e-12
14.67,-6.71612021319784e-14,0.0790083585618326,-1.68709689827037e-13,-4.89855479384085e-15,1.18279964922981e-14,-1.65408873810036e-14,80.0000000000106,0.23778887340964,0.0790083585618914,7.50244988825404e-14,-5.88085136143867e-14,0.773758553262443,-6.4041154070476e-13,-9.77298959948564,-2.05850974727246e-14,-0.0429869122185295,1.24938539551573e-13,0,0,0,0,1,0.673086199299627,0.673086199299627,80.0000000000106,-7.07075307862441e-12,4.70468108915156e-12
14.68,-6.72232878265994e-14,0.0790083585618328,-1.68875654002284e-13,-4.8988002360487e-15,1.18279899290112e-14,-1.65484015673585e-14,80.0000000000106,0.23778887340964,0.0790083585618914,7.50234281522208e-14,-5.8686389081678e-14,0.773758553262443,-6.40405746607045e-13,-9.77298959948564,-2.05850974727246e-14,-0.0429869122185295,1.24938539551573e-13,0,0,0,0,1,0.673086199299627,0.673086199299627,80.0000000000106,-7.08372385610837e-12,4.69491112653486e-12
14.69,-6.72853819236154e-14,0.0790083585618329,-1.69041693559925e-13,-4.89904534410664e-15,1.18279833657243e-14,-1.65559168281015e-14,80.0000000000106,0.23778887340964,0.0790083585618914,7.50223570150762e-14,-5.85642645489692e-14,0.773758553262443,-6.40399949690708e-13,-9.77298959948564,-2.05850974727246e-14,-0.0429869122185295,1.24938539551573e-13,0,0,0,0,1,0.673086199299627,0.673086199299627,80.0000000000106,-7.09670064367633e-12,4.68514116391816e-12
14.7,-6.73474844205422e-14,0.079008358561833,-1.69207808510735e-13,-4.89929011943111e-15,1.18279768024374e-14,-1.65634331627088e-14,80.0000000000106,0.23778887340964,0.0790083585618914,7.50212854721664e-14,-5.84310377860142e-14,0.773758553262443,-6.40394149963879e-13,-9.77298959948564,-2.05850974727246e-14,-0.0429869122185295,1.24938539551573e-13,0,0,0,0,1,0.673086199299627,0.673086199299627,80.0000000000106,-7.10968344212119e-12,4.67448302288176e-12
14.71,-6.74095953149098e-14,0.0790083585618331,-1.69373998865483e-13,-4.89953456343287e-15,1.18279702391505e-14,-1.65709505706593e-14,80.0000000000106,0.23778887340964,0.0790083585618914,7.50202135245468e-14,-5.83089132533055e-14,0.773758553262443,-6.40388347434657e-13,-9.77298959948564,-2.05850974727246e-14,-0.0429869122185295,1.24938539551573e-13,0,0,0,0,1,0.673086199299627,0.673086199299627,80.0000000000106,-7.1226722522357e-12,4.66471306026506e-12
14.72,-6.74717146042614e-14,0.0790083585618333,-1.69540264634935e-13,-4.89977867751706e-15,1.18281415879188e-14,-1.65784690514344e-14,80.0000000000106,0.23778887340964,0.0790083585618914,7.50191411732684e-14,-5.81867887205967e-14,0.773758553262443,-6.40382542111105e-13,-9.77298959948564,-2.05850974727246e-14,-0.0429869122185295,1.24938539551573e-13,0,0,0,0,1,0.673086199299627,0.673086199299627,80.0000000000106,-7.13566707481242e-12,4.65494309764836e-12
14.73,-6.7533842286154e-14,0.0790083585618334,-1.69706605829849e-13,-4.9000224630832e-15,1.18281350246318e-14,-1.65859886045181e-14,80.0000000000106,0.23778887340964,0.0790083585618914,7.50180684193781e-14,-5.8064664187888e-14,0.773758553262443,-6.40376734001256e-13,-9.77298959948564,-2.05850974727246e-14,-0.0429869122185295,1.24938539551573e-13,0,0,0,0,1,0.673086199299627,0.673086199299627,80.0000000000106,-7.14866791064377e-12,4.64517313503165e-12
14.74,-6.75959783581583e-14,0.0790083585618335,-1.69873022460979e-13,-4.90026592152521e-15,1.18281284613449e-14,-1.65935092293968e-14,80.0000000000106,0.23778887340964,0.0790083585618914,7.50169952639184e-14,-5.7931437424933e-14,0.773758553262443,-6.40370923113108e-13,-9.77298959948564,-2.05850974727246e-14,-0.0429869122185295,1.24938539551573e-13,0,0,0,0,1,0.673086199299627,0.673086199299627,80.0000000000106,-7.16167476052202e-12,4.63451499399525e-12
14.75,-6.76581228178583e-14,0.0790083585618336,-1.70039514539074e-13,-4.90050905423145e-15,1.1828121898058e-14,-1.66010309255595e-14,80.0000000000106,0.23778887340964,0.0790083585618914,7.50159217079276e-14,-5.78093128922242e-14,0.773758553262443,-6.40365109454631e-13,-9.77298959948564,-2.05850974727246e-14,-0.0429869122185295,1.24938539551573e-13,0,0,0,0,1,0.673086199299627,0.673086199299627,80.0000000000106,-7.17468762523927e-12,4.62474503137855e-12
14.76,-6.77202756628516e-14,0.0790083585618338,-1.70206082074879e-13,-4.90075186258471e-15,1.18281153347711e-14,-1.66085536924978e-14,80.0000000000106,0.23778887340964,0.0790083585618914,7.50148477524399e-14,-5.76871883595155e-14,0.773758553262443,-6.40359293033756e-13,-9.77298959948564,-2.05850974727246e-14,-0.0429869122185295,1.24938539551573e-13,0,0,0,0,1,0.673086199299627,0.673086199299627,80.0000000000106,-7.18770650558746e-12,4.61497506876185e-12
14.77,-6.7782436890749e-14,0.0790083585618339,-1.70372725079131e-13,-4.90099434796227e-15,1.18281087714842e-14,-1.66160775297055e-14,80.0000000000106,0.23778887340964,0.0790083585618914,7.5013773398485e-14,-5.75650638268067e-14,0.773758553262443,-6.40353473858389e-13,-9.77298959948564,-2.05850974727246e-14,-0.0429869122185295,1.24938539551573e-13,0,0,0,0,1,0.673086199299627,0.673086199299627,80.0000000000106,-7.2007314023584e-12,4.60520510614515e-12
14.78,-6.78446064991749e-14,0.079008358561834,-1.70539443562565e-13,-4.90123651173592e-15,1.18281022081973e-14,-1.66236024366792e-14,80.0000000000106,0.23778887340964,0.0790083585618914,7.50126986470887e-14,-5.7442939294098e-14,0.773758553262443,-6.40347651936399e-13,-9.77298959948564,-2.05850974727246e-14,-0.0429869122185295,1.24938539551573e-13,0,0,0,0,1,0.673086199299627,0.673086199299627,80.0000000000106,-7.21376231634371e-12,4.59543514352845e-12
14.79,-6.79067844857669e-14,0.0790083585618341,-1.70706237535909e-13,-4.90147835527193e-15,1.18280956449104e-14,-1.66311284129178e-14,80.0000000000106,0.23778887340964,0.0790083585618914,7.50116234992725e-14,-5.7309712531143e-14,0.773758553262443,-6.40341827275624e-13,-9.77298959948564,-2.05850974727246e-14,-0.0429869122185295,1.24938539551573e-13,0,0,0,0,1,0.673086199299627,0.673086199299627,80.0000000000106,-7.22679924833488e-12,4.58477700249205e-12
14.8,-6.79689708481756e-14,0.0790083585618343,-1.70873107009886e-13,-4.90171987993113e-15,1.18280890816235e-14,-1.66386554579227e-14,80.0000000000106,0.23778887340964,0.0790083585618914,7.50105479560538e-14,-5.71875879984342e-14,0.773758553262443,-6.40335999883872e-13,-9.77298959948564,-2.05850974727246e-14,-0.0429869122185295,1.24938539551573e-13,0,0,0,0,1,0.673086199299627,0.673086199299627,80.0000000000106,-7.23984219912325e-12,4.57500703987535e-12
14.81,-6.80311655840651e-14,0.0790083585618344,-1.71040051995216e-13,-4.90196108706892e-15,1.18280825183366e-14,-1.66461835711978e-14,80.0000000000106,0.23778887340964,0.0790083585618914,7.50094720184456e-14,-5.70543612354792e-14,0.773758553262443,-6.40330169768919e-13,-9.77298959948564,-2.05850974727246e-14,-0.0429869122185295,1.24938539551573e-13,0,0,0,0,1,0.673086199299627,0.673086199299627,80.0000000000106,-7.2528911695e-12,4.56434889883894e-12
14.82,-6.80933686911126e-14,0.0790083585618345,-1.71207072502611e-13,-4.90220197803528e-15,1.18280759550497e-14,-1.66537127522493e-14,80.0000000000106,0.23778887340964,0.0790083585618914,7.50083956874572e-14,-5.69322367027705e-14,0.773758553262443,-6.40324336938507e-13,-9.77298959948564,-2.05850974727246e-14,-0.0429869122185295,1.24938539551573e-13,0,0,0,0,1,0.673086199299627,0.673086199299627,80.0000000000106,-7.26594616025616e-12,4.55457893622224e-12
14.83,-6.81555801670083e-14,0.0790083585618346,-1.71374168542781e-13,-4.90244255417477e-15,1.18280693917628e-14,-1.66612430005861e-14,80.0000000000106,0.23778887340964,0.0790083585618914,7.50073189640935e-14,-5.67990099398155e-14,0.773758553262443,-6.40318501400349e-13,-9.77298959948564,-2.05850974727246e-14,-0.0429869122185295,1.24938539551573e-13,0,0,0,0,1,0.673086199299627,0.673086199299627,80.0000000000106,-7.27900717218262e-12,4.54392079518584e-12
14.84,-6.82178000094553e-14,0.0790083585618348,-1.7154134012643e-13,-4.90268281682661e-15,1.18280628284758e-14,-1.66687743157193e-14,80.0000000000106,0.23778887340964,0.0790083585618914,7.50062418493554e-14,-5.66768854071067e-14,0.773758553262443,-6.40312663162127e-13,-9.77298959948564,-2.05850974727246e-14,-0.0429869122185295,1.24938539551573e-13,0,0,0,0,1,0.673086199299627,0.673086199299627,80.0000000000106,-7.2920742060701e-12,4.53415083256914e-12
14.85,-6.828002821617e-14,0.0790083585618349,-1.71708587264256e-13,-4.90292276732465e-15,1.18280521537525e-14,-1.66763066971624e-14,80.0000000000106,0.23778887340964,0.0790083585618914,7.50051643442397e-14,-5.6554760874398e-14,0.773758553262443,-6.4030682223149e-13,-9.77298959948564,-2.05850974727246e-14,-0.0429869122185295,1.24938539551573e-13,0,0,0,0,1,0.673086199299627,0.673086199299627,80.0000000000106,-7.30514726270921e-12,4.52438086995244e-12
14.86,-6.83422647848814e-14,0.079008358561835,-1.71875909966954e-13,-4.9031624069974e-15,1.18280414790292e-14,-1.66838401444315e-14,80.0000000000106,0.23778887340964,0.0790083585618914,7.5004086449739e-14,-5.64326363416892e-14,0.773758553262443,-6.40300978616057e-13,-9.77298959948564,-2.05850974727246e-14,-0.0429869122185295,1.24938539551573e-13,0,0,0,0,1,0.673086199299627,0.673086199299627,80.0000000000106,-7.31822634289038e-12,4.51461090733574e-12
14.87,-6.84045097133316e-14,0.0790083585618351,-1.72043308245212e-13,-4.90340173716809e-15,1.18280308043059e-14,-1.6691374657045e-14,80.0000000000106,0.23778887340964,0.0790083585618914,7.50030081668422e-14,-5.63105118089805e-14,0.773758553262443,-6.40295132323417e-13,-9.77298959948564,-2.05850974727246e-14,-0.0429869122185295,1.24938539551573e-13,0,0,0,0,1,0.673086199299627,0.673086199299627,80.0000000000106,-7.3313114474039e-12,4.50484094471904e-12
14.88,-6.84667629992754e-14,0.0790083585618353,-1.72210782109714e-13,-4.90364075915464e-15,1.18280201295826e-14,-1.66989102345236e-14,80.0000000000106,0.23778887340964,0.0790083585618914,7.50019294965339e-14,-5.61772850460255e-14,0.773758553262443,-6.40289283361127e-13,-9.77298959948564,-2.05850974727246e-14,-0.0429869122185295,1.24938539551573e-13,0,0,0,0,1,0.673086199299627,0.673086199299627,80.0000000000106,-7.34440257703993e-12,4.49418280368263e-12
14.89,-6.85290246404805e-14,0.0790083585618354,-1.72378331571142e-13,-4.9038794742697e-15,1.18280135662957e-14,-1.67064468763905e-14,80.0000000000106,0.23778887340964,0.0790083585618914,7.50008504397948e-14,-5.60551605133167e-14,0.773758553262443,-6.40283431736713e-13,-9.77298959948564,-2.05850974727246e-14,-0.0429869122185295,1.24938539551573e-13,0,0,0,0,1,0.673086199299627,0.673086199299627,80.0000000000106,-7.35749973258848e-12,4.48441284106593e-12
14.9,-6.85912946347273e-14,0.0790083585618355,-1.72545956640169e-13,-4.90411788382069e-15,1.18280070030088e-14,-1.67139845821711e-14,80.0000000000106,0.23778887340964,0.0790083585618914,7.49997709976015e-14,-5.5933035980608e-14,0.773758553262443,-6.40277577457671e-13,-9.77298959948564,-2.05850974727246e-14,-0.0429869122185295,1.24938539551573e-13,0,0,0,0,1,0.673086199299627,0.673086199299627,80.0000000000106,-7.37060291483942e-12,4.47464287844923e-12
14.91,-6.86535729798086e-14,0.0790083585618356,-1.72713657327465e-13,-4.90435598910979e-15,1.18280004397219e-14,-1.67215233513935e-14,80.0000000000106,0.23778887340964,0.0790083585618914,7.49986911709266e-14,-5.58109114478992e-14,0.773758553262443,-6.40271720531469e-13,-9.77298959948564,-2.05850974727246e-14,-0.0429869122185295,1.24938539551573e-13,0,0,0,0,1,0.673086199299627,0.673086199299627,80.0000000000106,-7.38371212458246e-12,4.46487291583253e-12
14.92,-6.87158596735303e-14,0.0790083585618358,-1.72881433643696e-13,-4.904593791434e-15,1.1827993876435e-14,-1.67290631835877e-14,80.0000000000106,0.23778887340964,0.0790083585618914,7.49976109607391e-14,-5.56776846849442e-14,0.773758553262443,-6.4026586096554e-13,-9.77298959948564,-2.05850974727246e-14,-0.0429869122185295,1.24938539551573e-13,0,0,0,0,1,0.673086199299627,0.673086199299627,80.0000000000106,-7.3968273626072e-12,4.45421477479613e-12
14.93,-6.87781547137104e-14,0.0790083585618359,-1.73049285599522e-13,-4.9048312920851e-15,1.18279873131481e-14,-1.67366040782864e-14,80.0000000000106,0.23778887340964,0.0790083585618914,7.49965303680035e-14,-5.55444579219892e-14,0.773758553262443,-6.4025999876729e-13,-9.77298959948564,-2.05850974727246e-14,-0.0429869122185295,1.24938539551573e-13,0,0,0,0,1,0.673086199299627,0.673086199299627,80.0000000000106,-7.40994862970308e-12,4.44355663375973e-12
14.94,-6.88404580981798e-14,0.079008358561836,-1.732172132056e-13,-4.90506849234974e-15,1.18279807498612e-14,-1.67441460350245e-14,80.0000000000106,0.23778887340964,0.0790083585618914,7.49954493936808e-14,-5.54223333892805e-14,0.773758553262443,-6.40254133944095e-13,-9.77298959948564,-2.05850974727246e-14,-0.0429869122185295,1.24938539551573e-13,0,0,0,0,1,0.673086199299627,0.673086199299627,80.0000000000106,-7.4230759266594e-12,4.43378667114303e-12
14.95,-6.89027698247816e-14,0.0790083585618361,-1.7338521647258e-13,-4.90530539350941e-15,1.18279741865742e-14,-1.67516890533392e-14,80.0000000000106,0.23778887340964,0.0790083585618914,7.49943680387278e-14,-5.53002088565717e-14,0.773758553262443,-6.402482665033e-13,-9.77298959948564,-2.05850974727246e-14,-0.0429869122185295,1.24938539551573e-13,0,0,0,0,1,0.673086199299627,0.673086199299627,80.0000000000106,-7.43620925426535e-12,4.42401670852632e-12
14.96,-6.89650898913715e-14,0.0790083585618363,-1.7355329541111e-13,-4.90554199684049e-15,1.18281455353425e-14,-1.675923313277e-14,80.0000000000106,0.23778887340964,0.0790083585618914,7.49932863040977e-14,-5.5178084323863e-14,0.773758553262443,-6.40242396452221e-13,-9.77298959948564,-2.05850974727246e-14,-0.0429869122185295,1.24938539551573e-13,0,0,0,0,1,0.673086199299627,0.673086199299627,80.0000000000106,-7.44934861330993e-12,4.41424674590962e-12
14.97,-6.90274182958175e-14,0.0790083585618364,-1.73721450031831e-13,-4.90577830361426e-15,1.18281389720556e-14,-1.67667782728587e-14,80.0000000000106,0.23778887340964,0.0790083585618914,7.49922041907395e-14,-5.5044857560908e-14,0.773758553262443,-6.40236523798144e-13,-9.77298959948564,-2.05850974727246e-14,-0.0429869122185295,1.24938539551573e-13,0,0,0,0,1,0.673086199299627,0.673086199299627,80.0000000000106,-7.46249400458205e-12,4.40358860487322e-12
14.98,-6.9089755036e-14,0.0790083585618365,-1.73889680345381e-13,-4.9060143150969e-15,1.18281324087687e-14,-1.67743244731496e-14,80.0000000000106,0.23778887340964,0.0790083585618914,7.49911216995986e-14,-5.49227330281992e-14,0.773758553262443,-6.40230648548324e-13,-9.77298959948564,-2.05850974727246e-14,-0.0429869122185295,1.24938539551573e-13,0,0,0,0,1,0.673086199299627,0.673086199299627,80.0000000000106,-7.47564542887048e-12,4.39381864225652e-12
14.99,-6.91521001098115e-14,0.0790083585618366,-1.74057986362392e-13,-4.90625003254956e-15,1.18281258454818e-14,-1.67818717331889e-14,80.0000000000106,0.23778887340964,0.0790083585618914,7.49900388316163e-14,-5.48006084954905e-14,0.773758553262443,-6.4022477070999e-13,-9.77298959948564,-2.05850974727246e-14,-0.0429869122185295,1.24938539551573e-13,0,0,0,0,1,0.673086199299627,0.673086199299627,80.0000000000106,-7.48880288696383e-12,4.38404867963982e-12
15,-6.92144535151569e-14,0.0790083585618368,-1.74226368093494e-13,-4.90648545722833e-15,1.18281192821949e-14,-1.67894200525254e-14,80.0000000000106,0.23778887340964,0.0790083585618914,7.49889555877302e-14,-5.46784839627817e-14,0.773758553262443,-6.40218890290338e-13,-9.77298959948564,-2.05850974727246e-14,-0.0429869122185295,1.24938539551573e-13,0,0,0,0,1,0.673086199299627,0.673086199299627,80.0000000000106,-7.5019663796506e-12,4.37427871702312e-12
15.01,-6.92768152499532e-14,0.0790083585618369,-1.7439482554931e-13,-4.90672059038428e-15,1.18281127189079e-14,-1.67969694307101e-14,80.0000000000106,0.23778887340964,0.0790083585618914,7.49878719688741e-14,-5.4556359430073e-14,0.773758553262443,-6.40213007296537e-13,-9.77298959948564,-2.05850974727246e-14,-0.0429869122185295,1.24938539551573e-13,0,0,0,0,1,0.673086199299627,0.673086199299627,80.0000000000106,-7.51513590771915e-12,4.36450875440642e-12
15.02,-6.93391853121296e-14,0.079008358561837,-1.74563358740459e-13,-4.90695543326349e-15,1.1828106155621e-14,-1.68045198672962e-14,80.0000000000106,0.23778887340964,0.0790083585618914,7.4986787975978e-14,-5.44453371276105e-14,0.773758553262443,-6.40207121735727e-13,-9.77298959948564,-2.05850974727246e-14,-0.0429869122185295,1.24938539551573e-13,0,0,0,0,1,0.673086199299627,0.673086199299627,80.0000000000106,-7.52831147195772e-12,4.35562697020941e-12
15.03,-6.94015636996273e-14,0.0790083585618371,-1.74731967677557e-13,-4.90718998710706e-15,1.18280995923341e-14,-1.6812071361839e-14,80.0000000000106,0.23778887340964,0.0790083585618914,7.49857036099679e-14,-5.43010081344092e-14,0.773758553262443,-6.40201233615018e-13,-9.77298959948564,-2.05850974727246e-14,-0.0429869122185295,1.24938539551573e-13,0,0,0,0,1,0.673086199299627,0.673086199299627,80.0000000000106,-7.54149307315439e-12,4.34408065075331e-12
15.04,-6.94639504103996e-14,0.0790083585618373,-1.74900652371213e-13,-4.90742425315114e-15,1.18280930290472e-14,-1.68196239138964e-14,80.0000000000106,0.23778887340964,0.0790083585618914,7.49846188717663e-14,-5.41788836017005e-14,0.773758553262443,-6.4019534294149e-13,-9.77298959948564,-2.05850974727246e-14,-0.0429869122185295,1.24938539551573e-13,0,0,0,0,1,0.673086199299627,0.673086199299627,80.0000000000106,-7.55468071209714e-12,4.33431068813661e-12
15.05,-6.95263454424118e-14,0.0790083585618374,-1.75069412832034e-13,-4.9076582326269e-15,1.18280864657603e-14,-1.68271775230283e-14,80.0000000000106,0.23778887340964,0.0790083585618914,7.49835337622918e-14,-5.40567590689917e-14,0.773758553262443,-6.40189449722198e-13,-9.77298959948564,-2.05850974727246e-14,-0.0429869122185295,1.24938539551573e-13,0,0,0,0,1,0.673086199299627,0.673086199299627,80.0000000000106,-7.56787438957381e-12,4.32454072551991e-12
15.06,-6.95887487936409e-14,0.0790083585618375,-1.75238249070622e-13,-4.90789192676065e-15,1.18280799024734e-14,-1.68347321887967e-14,80.0000000000106,0.23778887340964,0.0790083585618914,7.49824482824593e-14,-5.39346345362829e-14,0.773758553262443,-6.40183553964166e-13,-9.77298959948564,-2.05850974727246e-14,-0.0429869122185295,1.24938539551573e-13,0,0,0,0,1,0.673086199299627,0.673086199299627,80.0000000000106,-7.58107410637212e-12,4.31477076290321e-12
15.07,-6.96511604620762e-14,0.0790083585618376,-1.75407161097573e-13,-4.90812533677374e-15,1.18280733391865e-14,-1.68422879107661e-14,80.0000000000106,0.23778887340964,0.0790083585618914,7.49813624331799e-14,-5.38125100035742e-14,0.773758553262443,-6.40177655674388e-13,-9.77298959948564,-2.05850974727246e-14,-0.0429869122185295,1.24938539551573e-13,0,0,0,0,1,0.673086199299627,0.673086199299627,80.0000000000106,-7.59427986327963e-12,4.30500080028651e-12
15.08,-6.97135804457186e-14,0.0790083585618378,-1.75576148923481e-13,-4.90835846388269e-15,1.18280667758996e-14,-1.68498446885031e-14,80.0000000000106,0.23778887340964,0.0790083585618914,7.4980276215361e-14,-5.36792832406192e-14,0.773758553262443,-6.40171754859833e-13,-9.77298959948564,-2.05850974727246e-14,-0.0429869122185295,1.24938539551573e-13,0,0,0,0,1,0.673086199299627,0.673086199299627,80.0000000000106,-7.60749166108383e-12,4.29434265925011e-12
15.09,-6.97760087425807e-14,0.0790083585618379,-1.75745212558934e-13,-4.90859130929913e-15,1.18280602126127e-14,-1.68574025215764e-14,80.0000000000106,0.23778887340964,0.0790083585618914,7.49791896299063e-14,-5.35571587079104e-14,0.773758553262443,-6.40165851527439e-13,-9.77298959948564,-2.05850974727246e-14,-0.0429869122185295,1.24938539551573e-13,0,0,0,0,1,0.673086199299627,0.673086199299627,80.0000000000106,-7.62070950057203e-12,4.2845726966334e-12
15.1,-6.98384453506872e-14,0.079008358561838,-1.75914352014516e-13,-4.90882387422986e-15,1.18280495378894e-14,-1.6864961409557e-14,80.0000000000106,0.23778887340964,0.0790083585618914,7.4978102677716e-14,-5.34350341752017e-14,0.773758553262443,-6.40159945684118e-13,-9.77298959948564,-2.05850974727246e-14,-0.0429869122185295,1.24938539551573e-13,0,0,0,0,1,0.673086199299627,0.673086199299627,80.0000000000106,-7.63393338253146e-12,4.2748027340167e-12
15.11,-6.99008902680741e-14,0.0790083585618381,-1.76083567300807e-13,-4.90905615987686e-15,1.18280388631661e-14,-1.6872521352018e-14,80.0000000000106,0.23778887340964,0.0790083585618914,7.49770153596863e-14,-5.33129096424929e-14,0.773758553262443,-6.40154037336751e-13,-9.77298959948564,-2.05850974727246e-14,-0.0429869122185295,1.24938539551573e-13,0,0,0,0,1,0.673086199299627,0.673086199299627,80.0000000000106,-7.64716330774919e-12,4.2650327714e-12
15.12,-6.99633434927893e-14,0.0790083585618383,-1.76252858428384e-13,-4.90928816743729e-15,1.18280281884427e-14,-1.68800823485347e-14,80.0000000000106,0.23778887340964,0.0790083585618914,7.49759276767099e-14,-5.31907851097842e-14,0.773758553262443,-6.40148126492194e-13,-9.77298959948564,-2.05850974727246e-14,-0.0429869122185295,1.24938539551573e-13,0,0,0,0,1,0.673086199299627,0.673086199299627,80.0000000000106,-7.66039927701219e-12,4.2552628087833e-12
15.13,-7.00258050228923e-14,0.0790083585618384,-1.76422225407817e-13,-4.90951989810354e-15,1.18280175137194e-14,-1.68876443986845e-14,80.0000000000106,0.23778887340964,0.0790083585618914,7.49748396296759e-14,-5.30575583468292e-14,0.773758553262443,-6.40142213157274e-13,-9.77298959948564,-2.05850974727246e-14,-0.0429869122185295,1.24938539551573e-13,0,0,0,0,1,0.673086199299627,0.673086199299627,80.0000000000106,-7.6736412911073e-12,4.2446046677469e-12
15.14,-7.00882748564542e-14,0.0790083585618385,-1.76591668249673e-13,-4.90975135306324e-15,1.18280109504325e-14,-1.68952075020471e-14,80.0000000000106,0.23778887340964,0.0790083585618914,7.49737512194698e-14,-5.29354338141204e-14,0.773758553262443,-6.4013629733879e-13,-9.77298959948564,-2.05850974727246e-14,-0.0429869122185295,1.24938539551573e-13,0,0,0,0,1,0.673086199299627,0.673086199299627,80.0000000000106,-7.68688935082124e-12,4.2348347051302e-12
15.15,-7.01507529915574e-14,0.0790083585618386,-1.76761186964516e-13,-4.90998253349927e-15,1.18280043871456e-14,-1.69027716582043e-14,80.0000000000106,0.23778887340964,0.0790083585618914,7.49726624469733e-14,-5.28022070511654e-14,0.773758553262443,-6.40130379043514e-13,-9.77298959948564,-2.05850974727246e-14,-0.0429869122185295,1.24938539551573e-13,0,0,0,0,1,0.673086199299627,0.673086199299627,80.0000000000106,-7.70014345694061e-12,4.2241765640938e-12
15.16,-7.02132394262959e-14,0.0790083585618388,-1.76930781562904e-13,-4.91021344058978e-15,1.18279978238587e-14,-1.69103368667399e-14,80.0000000000106,0.23778887340964,0.0790083585618914,7.49715733130646e-14,-5.26800825184567e-14,0.773758553262443,-6.4012445827819e-13,-9.77298959948564,-2.05850974727246e-14,-0.0429869122185295,1.24938539551573e-13,0,0,0,0,1,0.673086199299627,0.673086199299627,80.0000000000106,-7.7134036102519e-12,4.21440660147709e-12
15.17,-7.02757341587754e-14,0.0790083585618389,-1.77100452055392e-13,-4.91044407550821e-15,1.18279912605718e-14,-1.69179031272399e-14,80.0000000000106,0.23778887340964,0.0790083585618914,7.49704838186185e-14,-5.25468557555017e-14,0.773758553262443,-6.40118535049535e-13,-9.77298959948564,-2.05850974727246e-14,-0.0429869122185295,1.24938539551573e-13,0,0,0,0,1,0.673086199299627,0.673086199299627,80.0000000000106,-7.72666981154147e-12,4.20374846044069e-12
15.18,-7.03382371871125e-14,0.079008358561839,-1.77270198452531e-13,-4.91067443942333e-15,1.18279846972849e-14,-1.69254704392925e-14,80.0000000000106,0.23778887340964,0.0790083585618914,7.49693939645059e-14,-5.24247312227929e-14,0.773758553262443,-6.40112609364239e-13,-9.77298959948564,-2.05850974727246e-14,-0.0429869122185295,1.24938539551573e-13,0,0,0,0,1,0.673086199299627,0.673086199299627,80.0000000000106,-7.73994206159555e-12,4.19397849782399e-12
15.19,-7.04007485094354e-14,0.0790083585618391,-1.77440020764866e-13,-4.91090453349922e-15,1.1827978133998e-14,-1.6933038802488e-14,80.0000000000106,0.23778887340964,0.0790083585618914,7.49683037515944e-14,-5.23026066900842e-14,0.773758553262443,-6.40106681228963e-13,-9.77298959948564,-2.05850974727246e-14,-0.0429869122185295,1.24938539551573e-13,0,0,0,0,1,0.673086199299627,0.673086199299627,80.0000000000106,-7.75322036120029e-12,4.18420853520729e-12
15.2,-7.04632681238837e-14,0.0790083585618393,-1.77609919002941e-13,-4.91113435889531e-15,1.18279715707111e-14,-1.69406082164186e-14,80.0000000000106,0.23778887340964,0.0790083585618914,7.49672131807479e-14,-5.21804821573754e-14,0.773758553262443,-6.40100750650343e-13,-9.77298959948564,-2.05850974727246e-14,-0.0429869122185295,1.24938539551573e-13,0,0,0,0,1,0.673086199299627,0.673086199299627,80.0000000000106,-7.76650471114169e-12,4.17443857259059e-12
15.21,-7.05257960286081e-14,0.0790083585618394,-1.77779893177293e-13,-4.91136391676642e-15,1.18281429194793e-14,-1.69481786806788e-14,80.0000000000106,0.23778887340964,0.0790083585618914,7.49661222528269e-14,-5.20583576246667e-14,0.773758553262443,-6.40094817634988e-13,-9.77298959948564,-2.05850974727246e-14,-0.0429869122185295,1.24938539551573e-13,0,0,0,0,1,0.673086199299627,0.673086199299627,80.0000000000106,-7.77979511220565e-12,4.16466860997389e-12
15.22,-7.05883322217704e-14,0.0790083585618395,-1.77949943298457e-13,-4.91159320826273e-15,1.18281363561924e-14,-1.69557501948652e-14,80.0000000000106,0.23778887340964,0.0790083585618914,7.49650309686882e-14,-5.19251308617117e-14,0.773758553262443,-6.40088882189479e-13,-9.77298959948564,-2.05850974727246e-14,-0.0429869122185295,1.24938539551573e-13,0,0,0,0,1,0.673086199299627,0.673086199299627,80.0000000000106,-7.79309156517796e-12,4.15401046893749e-12
15.23,-7.06508767015437e-14,0.0790083585618396,-1.78120069376962e-13,-4.91182223452983e-15,1.18281297929055e-14,-1.69633227585764e-14,80.0000000000106,0.23778887340964,0.0790083585618914,7.49639393291853e-14,-5.18030063290029e-14,0.773758553262443,-6.4008294432037e-13,-9.77298959948564,-2.05850974727246e-14,-0.0429869122185295,1.24938539551573e-13,0,0,0,0,1,0.673086199299627,0.673086199299627,80.0000000000106,-7.80639407084429e-12,4.14424050632078e-12
15.24,-7.07134294661123e-14,0.0790083585618398,-1.78290271423334e-13,-4.91205099670876e-15,1.18281232296186e-14,-1.69708963714129e-14,80.0000000000106,0.23778887340964,0.0790083585618914,7.49628473351681e-14,-5.16808817962942e-14,0.773758553262443,-6.40077004034191e-13,-9.77298959948564,-2.05850974727246e-14,-0.0429869122185295,1.24938539551573e-13,0,0,0,0,1,0.673086199299627,0.673086199299627,80.0000000000106,-7.81970262999018e-12,4.13447054370408e-12
15.25,-7.07759905136715e-14,0.0790083585618399,-1.78460549448097e-13,-4.91227949593596e-15,1.18281166663317e-14,-1.69784710329776e-14,80.0000000000106,0.23778887340964,0.0790083585618914,7.49617549874831e-14,-5.15587572635854e-14,0.773758553262443,-6.40071061337442e-13,-9.77298959948564,-2.05850974727246e-14,-0.0429869122185295,1.24938539551573e-13,0,0,0,0,1,0.673086199299627,0.673086199299627,80.0000000000106,-7.83301724340109e-12,4.12470058108738e-12
15.26,-7.08385598424274e-14,0.07900835856184,-1.78630903461767e-13,-4.91250773334335e-15,1.18281101030448e-14,-1.69860467428752e-14,80.0000000000106,0.23778887340964,0.0790083585618914,7.49606622869732e-14,-5.14366327308767e-14,0.773758553262443,-6.40065116236599e-13,-9.77298959948564,-2.05850974727246e-14,-0.0429869122185295,1.24938539551573e-13,0,0,0,0,1,0.673086199299627,0.673086199299627,80.0000000000106,-7.84633791186235e-12,4.11493061847068e-12
15.27,-7.09011374505975e-14,0.0790083585618401,-1.78801333474859e-13,-4.91273571005833e-15,1.18281035397579e-14,-1.69936235007126e-14,80.0000000000106,0.23778887340964,0.0790083585618914,7.49595692344781e-14,-5.13034059679217e-14,0.773758553262443,-6.40059168738111e-13,-9.77298959948564,-2.05850974727246e-14,-0.0429869122185295,1.24938539551573e-13,0,0,0,0,1,0.673086199299627,0.673086199299627,80.0000000000106,-7.8596646361592e-12,4.10427247743428e-12
15.28,-7.09637233364099e-14,0.0790083585618403,-1.78971839497884e-13,-4.9129634272038e-15,1.1828096976471e-14,-1.70012013060986e-14,80.0000000000106,0.23778887340964,0.0790083585618914,7.49584758308339e-14,-5.11812814352129e-14,0.773758553262443,-6.400532188484e-13,-9.77298959948564,-2.05850974727246e-14,-0.0429869122185295,1.24938539551573e-13,0,0,0,0,1,0.673086199299627,0.673086199299627,80.0000000000106,-7.87299741707673e-12,4.09450251481758e-12
15.29,-7.10263174981038e-14,0.0790083585618404,-1.79142421541347e-13,-4.91319088589817e-15,1.1828090413184e-14,-1.7008780158644e-14,80.0000000000106,0.23778887340964,0.0790083585618914,7.49573820768732e-14,-5.10591569025042e-14,0.773758553262443,-6.40047266573863e-13,-9.77298959948564,-2.05850974727246e-14,-0.0429869122185295,1.24938539551573e-13,0,0,0,0,1,0.673086199299627,0.673086199299627,80.0000000000106,-7.88633625539997e-12,4.08473255220088e-12
15.3,-7.10889199339292e-14,0.0790083585618405,-1.79313079615751e-13,-4.91341808725536e-15,1.18280838498971e-14,-1.70163600579619e-14,80.0000000000106,0.23778887340964,0.0790083585618914,7.49562879734254e-14,-5.09370323697954e-14,0.773758553262443,-6.40041311920871e-13,-9.77298959948564,-2.05850974727246e-14,-0.0429869122185295,1.24938539551573e-13,0,0,0,0,1,0.673086199299627,0.673086199299627,80.0000000000106,-7.8996811519138e-12,4.07496258958417e-12
15.31,-7.11515306421467e-14,0.0790083585618406,-1.79483813731594e-13,-4.91364503238487e-15,1.18280772866102e-14,-1.70239410036671e-14,80.0000000000106,0.23778887340964,0.0790083585618914,7.49551935213163e-14,-5.08038056068404e-14,0.773758553262443,-6.40035354895768e-13,-9.77298959948564,-2.05850974727246e-14,-0.0429869122185295,1.24938539551573e-13,0,0,0,0,1,0.673086199299627,0.673086199299627,80.0000000000106,-7.91303210740302e-12,4.06430444854777e-12
15.32,-7.12141496210281e-14,0.0790083585618408,-1.79654623899372e-13,-4.91387172239176e-15,1.18280707233233e-14,-1.70315229953765e-14,80.0000000000106,0.23778887340964,0.0790083585618914,7.49540987213686e-14,-5.06816810741317e-14,0.773758553262443,-6.40029395504874e-13,-9.77298959948564,-2.05850974727246e-14,-0.0429869122185295,1.24938539551573e-13,0,0,0,0,1,0.673086199299627,0.673086199299627,80.0000000000106,-7.92638912265232e-12,4.05453448593107e-12
15.33,-7.12767768688555e-14,0.0790083585618409,-1.79825510129575e-13,-4.91409815837667e-15,1.18280641600364e-14,-1.70391060327091e-14,80.0000000000106,0.23778887340964,0.0790083585618914,7.49530035744014e-14,-5.05595565414229e-14,0.773758553262443,-6.40023433754481e-13,-9.77298959948564,-2.05850974727246e-14,-0.0429869122185295,1.24938539551573e-13,0,0,0,0,1,0.673086199299627,0.673086199299627,80.0000000000106,-7.93975219844628e-12,4.04476452331437e-12
15.34,-7.13394123839219e-14,0.079008358561841,-1.7999647243269e-13,-4.91432434143584e-15,1.18280575967495e-14,-1.70466901152858e-14,80.0000000000106,0.23778887340964,0.0790083585618914,7.49519080812305e-14,-5.04374320087142e-14,0.773758553262443,-6.40017469650858e-13,-9.77298959948564,-2.05850974727246e-14,-0.0429869122185295,1.24938539551573e-13,0,0,0,0,1,0.673086199299627,0.673086199299627,80.0000000000106,-7.95312133556937e-12,4.03499456069767e-12
15.35,-7.14020561645311e-14,0.0790083585618411,-1.80167510819201e-13,-4.91455027266114e-15,1.18280469220262e-14,-1.70542752427293e-14,80.0000000000106,0.23778887340964,0.0790083585618914,7.49508122426685e-14,-5.03153074760054e-14,0.773758553262443,-6.40011503200246e-13,-9.77298959948564,-2.05850974727246e-14,-0.0429869122185295,1.24938539551573e-13,0,0,0,0,1,0.673086199299627,0.673086199299627,80.0000000000106,-7.96649653480597e-12,4.02522459808097e-12
15.36,-7.1464708208997e-14,0.0790083585618413,-1.80338625299586e-13,-4.91477595314007e-15,1.18280362473029e-14,-1.70618614146647e-14,80.0000000000106,0.23778887340964,0.0790083585618914,7.49497160595244e-14,-5.01820807130504e-14,0.773758553262443,-6.40005534408862e-13,-9.77298959948564,-2.05850974727246e-14,-0.0429869122185295,1.24938539551573e-13,0,0,0,0,1,0.673086199299627,0.673086199299627,80.0000000000106,-7.97987779694034e-12,4.01456645704457e-12
15.37,-7.15273685156446e-14,0.0790083585618414,-1.80509815884322e-13,-4.91500138395579e-15,1.18280255725796e-14,-1.70694486307187e-14,80.0000000000106,0.23778887340964,0.0790083585618914,7.49486195326042e-14,-5.00488539500954e-14,0.773758553262443,-6.39999563282898e-13,-9.77298959948564,-2.05850974727246e-14,-0.0429869122185295,1.24938539551573e-13,0,0,0,0,1,0.673086199299627,0.673086199299627,80.0000000000106,-7.99326512275665e-12,4.00390831600816e-12
15.38,-7.15900370828091e-14,0.0790083585618415,-1.8068108258388e-13,-4.91522656618713e-15,1.18280148978563e-14,-1.70770368905201e-14,80.0000000000106,0.23778887340964,0.0790083585618914,7.49475226627103e-14,-4.99378316476329e-14,0.773758553262443,-6.3999358982852e-13,-9.77298959948564,-2.05850974727246e-14,-0.0429869122185295,1.24938539551573e-13,0,0,0,0,1,0.673086199299627,0.673086199299627,80.0000000000106,-8.00665851303898e-12,3.99502653181116e-12
15.39,-7.16527139088363e-14,0.0790083585618416,-1.8085242540873e-13,-4.91545150090863e-15,1.18280083345694e-14,-1.70846261936996e-14,80.0000000000106,0.23778887340964,0.0790083585618914,7.49464254506422e-14,-4.98157071149242e-14,0.773758553262443,-6.3998761405187e-13,-9.77298959948564,-2.05850974727246e-14,-0.0429869122185295,1.24938539551573e-13,0,0,0,0,1,0.673086199299627,0.673086199299627,80.0000000000106,-8.02005796857127e-12,3.98525656919446e-12
15.4,-7.17153989920823e-14,0.0790083585618418,-1.81023844369334e-13,-4.9156761891905e-15,1.18280017712824e-14,-1.70922165398898e-14,80.0000000000106,0.23778887340964,0.0790083585618914,7.49453278971958e-14,-4.96935825822154e-14,0.773758553262443,-6.39981635959064e-13,-9.77298959948564,-2.05850974727246e-14,-0.0429869122185295,1.24938539551573e-13,0,0,0,0,1,0.673086199299627,0.673086199299627,80.0000000000106,-8.03346349013741e-12,3.97548660657776e-12
15.41,-7.17780923309137e-14,0.0790083585618419,-1.81195339476156e-13,-4.91590063209871e-15,1.18279952079955e-14,-1.70998079287254e-14,80.0000000000106,0.23778887340964,0.0790083585618914,7.49442300031639e-14,-4.95714580495067e-14,0.773758553262443,-6.39975655556193e-13,-9.77298959948564,-2.05850974727246e-14,-0.0429869122185295,1.24938539551573e-13,0,0,0,0,1,0.673086199299627,0.673086199299627,80.0000000000106,-8.04687507852114e-12,3.96571664396106e-12
15.42,-7.18407939237075e-14,0.079008358561842,-1.8136691073965e-13,-4.91612483069494e-15,1.18279886447086e-14,-1.71074003598429e-14,80.0000000000106,0.23778887340964,0.0790083585618914,7.49431317693359e-14,-4.94382312865517e-14,0.773758553262443,-6.39969672849324e-13,-9.77298959948564,-2.05850974727246e-14,-0.0429869122185295,1.24938539551573e-13,0,0,0,0,1,0.673086199299627,0.673086199299627,80.0000000000106,-8.06029273450616e-12,3.95505850292466e-12
15.43,-7.19035037688509e-14,0.0790083585618421,-1.81538558170273e-13,-4.91634878603666e-15,1.18279820814217e-14,-1.71149938328807e-14,80.0000000000106,0.23778887340964,0.0790083585618914,7.49420331964981e-14,-4.93161067538429e-14,0.773758553262443,-6.39963687844498e-13,-9.77298959948564,-2.05850974727246e-14,-0.0429869122185295,1.24938539551573e-13,0,0,0,0,1,0.673086199299627,0.673086199299627,80.0000000000106,-8.07371645887601e-12,3.94528854030796e-12
15.44,-7.19662218647413e-14,0.0790083585618423,-1.81710281778472e-13,-4.91657249917711e-15,1.18279755181348e-14,-1.71225883474792e-14,80.0000000000106,0.23778887340964,0.0790083585618914,7.49409342854337e-14,-4.91939822211342e-14,0.773758553262443,-6.39957700547735e-13,-9.77298959948564,-2.05850974727246e-14,-0.0429869122185295,1.24938539551573e-13,0,0,0,0,1,0.673086199299627,0.673086199299627,80.0000000000106,-8.08714625241418e-12,3.93551857769125e-12
15.45,-7.20289482097866e-14,0.0790083585618424,-1.81882081574695e-13,-4.91679597116529e-15,1.18279689548479e-14,-1.71301839032806e-14,80.0000000000106,0.23778887340964,0.0790083585618914,7.49398350369225e-14,-4.90718576884254e-14,0.773758553262443,-6.39951710965026e-13,-9.77298959948564,-2.05850974727246e-14,-0.0429869122185295,1.24938539551573e-13,0,0,0,0,1,0.673086199299627,0.673086199299627,80.0000000000106,-8.10058211590404e-12,3.92574861507455e-12
15.46,-7.20916828024046e-14,0.0790083585618425,-1.82053957569384e-13,-4.91701920304606e-15,1.18281403036161e-14,-1.7137780499929e-14,80.0000000000106,0.23778887340964,0.0790083585618914,7.49387354517411e-14,-4.89386309254704e-14,0.773758553262443,-6.39945719102339e-13,-9.77298959948564,-2.05850974727246e-14,-0.0429869122185295,1.24938539551573e-13,0,0,0,0,1,0.673086199299627,0.673086199299627,80.0000000000106,-8.11402405012888e-12,3.91509047403815e-12
15.47,-7.21544256410234e-14,0.0790083585618426,-1.8222590977298e-13,-4.91724219586007e-15,1.18281337403292e-14,-1.71453781370705e-14,80.0000000000106,0.23778887340964,0.0790083585618914,7.4937635530663e-14,-4.88165063927617e-14,0.773758553262443,-6.3993972496562e-13,-9.77298959948564,-2.05850974727246e-14,-0.0429869122185295,1.24938539551573e-13,0,0,0,0,1,0.673086199299627,0.673086199299627,80.0000000000106,-8.12747205587188e-12,3.90532051142145e-12
15.48,-7.22171767240812e-14,0.0790083585618428,-1.82397938195916e-13,-4.91746495064382e-15,1.18281271770423e-14,-1.7152976814353e-14,80.0000000000106,0.23778887340964,0.0790083585618914,7.49365352744586e-14,-4.86832796298067e-14,0.773758553262443,-6.39933728560788e-13,-9.77298959948564,-2.05850974727246e-14,-0.0429869122185295,1.24938539551573e-13,0,0,0,0,1,0.673086199299627,0.673086199299627,80.0000000000106,-8.14092613391614e-12,3.89466237038505e-12
15.49,-7.22799360500261e-14,0.0790083585618429,-1.82570042848627e-13,-4.91768746842969e-15,1.18281206137554e-14,-1.71605765314263e-14,80.0000000000106,0.23778887340964,0.0790083585618914,7.4935434683895e-14,-4.85611550970979e-14,0.773758553262443,-6.39927729893739e-13,-9.77298959948564,-2.05850974727246e-14,-0.0429869122185295,1.24938539551573e-13,0,0,0,0,1,0.673086199299627,0.673086199299627,80.0000000000106,-8.15438628504466e-12,3.88489240776835e-12
15.5,-7.23427036173166e-14,0.079008358561843,-1.8274222374154e-13,-4.9179097502459e-15,1.18281140504685e-14,-1.7168177287942e-14,80.0000000000106,0.23778887340964,0.0790083585618914,7.49343337597362e-14,-4.84390305643892e-14,0.773758553262443,-6.39921728970346e-13,-9.77298959948564,-2.05850974727246e-14,-0.0429869122185295,1.24938539551573e-13,0,0,0,0,1,0.673086199299627,0.673086199299627,80.0000000000106,-8.16785251004034e-12,3.87512244515165e-12
15.51,-7.24054794244208e-14,0.0790083585618431,-1.8291448088508e-13,-4.9181317971166e-15,1.18281074871816e-14,-1.71757790835536e-14,80.0000000000106,0.23778887340964,0.0790083585618914,7.49332325027432e-14,-4.83058038014342e-14,0.773758553262443,-6.39915725796456e-13,-9.77298959948564,-2.05850974727246e-14,-0.0429869122185295,1.24938539551573e-13,0,0,0,0,1,0.673086199299627,0.673086199299627,80.0000000000106,-8.181324809686e-12,3.86446430411524e-12
15.52,-7.24682634698168e-14,0.0790083585618433,-1.8308681428967e-13,-4.91835361006182e-15,1.18281009238947e-14,-1.71833819179165e-14,80.0000000000106,0.23778887340964,0.0790083585618914,7.49321309136737e-14,-4.81836792687254e-14,0.773758553262443,-6.39909720377894e-13,-9.77298959948564,-2.05850974727246e-14,-0.0429869122185295,1.24938539551573e-13,0,0,0,0,1,0.673086199299627,0.673086199299627,80.0000000000106,-8.19480318476438e-12,3.85469434149854e-12
15.53,-7.2531055751993e-14,0.0790083585618434,-1.83259223965727e-13,-4.91857519009755e-15,1.18280943606078e-14,-1.71909857906878e-14,80.0000000000106,0.23778887340964,0.0790083585618914,7.49310289932825e-14,-4.80615547360167e-14,0.773758553262443,-6.3990371272046e-13,-9.77298959948564,-2.05850974727246e-14,-0.0429869122185295,1.24938539551573e-13,0,0,0,0,1,0.673086199299627,0.673086199299627,80.0000000000106,-8.20828763605809e-12,3.84492437888184e-12
15.54,-7.25938562694471e-14,0.0790083585618435,-1.83431709923667e-13,-4.91879653823568e-15,1.18280877973209e-14,-1.71985907015267e-14,80.0000000000106,0.23778887340964,0.0790083585618914,7.4929926742321e-14,-4.79394302033079e-14,0.773758553262443,-6.39897702829932e-13,-9.77298959948564,-2.05850974727246e-14,-0.0429869122185295,1.24938539551573e-13,0,0,0,0,1,0.673086199299627,0.673086199299627,80.0000000000106,-8.2217781643497e-12,3.83515441626514e-12
15.55,-7.2656665020687e-14,0.0790083585618436,-1.83604272173901e-13,-4.91901765548409e-15,1.1828081234034e-14,-1.72061966500939e-14,80.0000000000106,0.23778887340964,0.0790083585618914,7.49288241615378e-14,-4.78173056705991e-14,0.773758553262443,-6.39891690712063e-13,-9.77298959948564,-2.05850974727246e-14,-0.0429869122185295,1.24938539551573e-13,0,0,0,0,1,0.673086199299627,0.673086199299627,80.0000000000106,-8.23527477042165e-12,3.82538445364844e-12
15.56,-7.27194820042302e-14,0.0790083585618438,-1.83776910726837e-13,-4.91923854284662e-15,1.18280746707471e-14,-1.72138036360521e-14,80.0000000000106,0.23778887340964,0.0790083585618914,7.49277212516783e-14,-4.76840789076441e-14,0.773758553262443,-6.39885676372582e-13,-9.77298959948564,-2.05850974727246e-14,-0.0429869122185295,1.24938539551573e-13,0,0,0,0,1,0.673086199299627,0.673086199299627,80.0000000000106,-8.24877745505632e-12,3.81472631261204e-12
15.57,-7.27823072186043e-14,0.0790083585618439,-1.83949625592879e-13,-4.91945920132311e-15,1.18280681074601e-14,-1.72214116590659e-14,80.0000000000106,0.23778887340964,0.0790083585618914,7.4926618013485e-14,-4.75619543749354e-14,0.773758553262443,-6.39879659817198e-13,-9.77298959948564,-2.05850974727246e-14,-0.0429869122185295,1.24938539551573e-13,0,0,0,0,1,0.673086199299627,0.673086199299627,80.0000000000106,-8.262286219036e-12,3.80495634999534e-12
15.58,-7.28451406623461e-14,0.079008358561844,-1.8412241678243e-13,-4.9196796319094e-15,1.18280615441732e-14,-1.72290207188015e-14,80.0000000000106,0.23778887340964,0.0790083585618914,7.49255144476972e-14,-4.74398298422266e-14,0.773758553262443,-6.39873641051593e-13,-9.77298959948564,-2.05850974727246e-14,-0.0429869122185295,1.24938539551573e-13,0,0,0,0,1,0.673086199299627,0.673086199299627,80.0000000000106,-8.27580106314286e-12,3.79518638737864e-12
15.59,-7.29079823340025e-14,0.0790083585618441,-1.84295284305886e-13,-4.91989983559735e-15,1.18280508694499e-14,-1.7236630814927e-14,80.0000000000106,0.23778887340964,0.0790083585618914,7.49244105550512e-14,-4.73177053095179e-14,0.773758553262443,-6.39867620081427e-13,-9.77298959948564,-2.05850974727246e-14,-0.0429869122185295,1.24938539551573e-13,0,0,0,0,1,0.673086199299627,0.673086199299627,80.0000000000106,-8.28932198815904e-12,3.78541642476193e-12
15.6,-7.29708322321297e-14,0.0790083585618443,-1.84468228173643e-13,-4.92011981337486e-15,1.18280401947266e-14,-1.72442419471124e-14,80.0000000000106,0.23778887340964,0.0790083585618914,7.49233063362802e-14,-4.71733763163166e-14,0.773758553262443,-6.39861596912339e-13,-9.77298959948564,-2.05850974727246e-14,-0.0429869122185295,1.24938539551573e-13,0,0,0,0,1,0.673086199299627,0.673086199299627,80.0000000000106,-8.30284899486655e-12,3.77387010530583e-12
15.61,-7.30336903552939e-14,0.0790083585618444,-1.84641248396093e-13,-4.9203395662259e-15,1.18282115434949e-14,-1.72518541150292e-14,80.0000000000106,0.23778887340964,0.0790083585618914,7.49222017921147e-14,-4.70512517836079e-14,0.773758553262443,-6.39855571549942e-13,-9.77298959948564,-2.05850974727246e-14,-0.0429869122185295,1.24938539551573e-13,0,0,0,0,1,0.673086199299627,0.673086199299627,80.0000000000106,-8.31638208404733e-12,3.76410014268913e-12
15.62,-7.30965567020704e-14,0.0790083585618445,-1.84814344983622e-13,-4.92055909513048e-15,1.18284189889512e-14,-1.72594673183509e-14,80.0000000000106,0.23778887340964,0.0790083585618914,7.49210969232818e-14,-4.69291272508991e-14,0.773758553262443,-6.39849543999827e-13,-9.77298959948564,-2.05850974727246e-14,-0.0429869122185295,1.24938539551573e-13,0,0,0,0,1,0.673086199299627,0.673086199299627,80.0000000000106,-8.32992125648324e-12,3.75433018007243e-12
15.63,-7.31594312710444e-14,0.0790083585618446,-1.84987517946617e-13,-4.92077840106472e-15,1.18286264344075e-14,-1.72670815567528e-14,80.0000000000106,0.23778887340964,0.0790083585618914,7.49199917305059e-14,-4.68070027181904e-14,0.773758553262443,-6.39843514267564e-13,-9.77298959948564,-2.05850974727246e-14,-0.0429869122185295,1.24938539551573e-13,0,0,0,0,1,0.673086199299627,0.673086199299627,80.0000000000106,-8.34346651295606e-12,3.74456021745573e-12
15.64,-7.32223140608104e-14,0.0790083585618448,-1.85160767295458e-13,-4.92099748500085e-15,1.18288338798638e-14,-1.72746968299119e-14,80.0000000000106,0.23778887340964,0.0790083585618914,7.49188862145084e-14,-4.66848781854816e-14,0.773758553262443,-6.39837482358699e-13,-9.77298959948564,-2.05850974727246e-14,-0.0429869122185295,1.24938539551573e-13,0,0,0,0,1,0.673086199299627,0.673086199299627,80.0000000000106,-8.35701785424746e-12,3.73479025483903e-12
15.65,-7.32852050699724e-14,0.0790083585618449,-1.85334093040524e-13,-4.92121634790718e-15,1.18290413253201e-14,-1.72823131375068e-14,80.0000000000106,0.23778887340964,0.0790083585618914,7.49177803760076e-14,-4.65516514225266e-14,0.773758553262443,-6.39831448278756e-13,-9.77298959948564,-2.05850974727246e-14,-0.0429869122185295,1.24938539551573e-13,0,0,0,0,1,0.673086199299627,0.673086199299627,80.0000000000106,-8.37057528113909e-12,3.72413211380263e-12
15.66,-7.33481042971437e-14,0.079008358561845,-1.8550749519219e-13,-4.92143499074818e-15,1.18292487707765e-14,-1.72899304792181e-14,80.0000000000106,0.23778887340964,0.0790083585618914,7.49166742157191e-14,-4.64295268898179e-14,0.773758553262443,-6.39825412033234e-13,-9.77298959948564,-2.05850974727246e-14,-0.0429869122185295,1.24938539551573e-13,0,0,0,0,1,0.673086199299627,0.673086199299627,80.0000000000106,-8.38413879441244e-12,3.71436215118592e-12
15.67,-7.34110117409472e-14,0.0790083585618451,-1.85680973760828e-13,-4.92165341448448e-15,1.18294562162328e-14,-1.7297548854728e-14,80.0000000000106,0.23778887340964,0.0790083585618914,7.49155677343552e-14,-4.63074023571091e-14,0.773758553262443,-6.39819373627613e-13,-9.77298959948564,-2.05850974727246e-14,-0.0429869122185295,1.24938539551573e-13,0,0,0,0,1,0.673086199299627,0.673086199299627,80.0000000000106,-8.39770839484898e-12,3.70459218856922e-12
15.68,-7.3473927400015e-14,0.0790083585618453,-1.85854528756806e-13,-4.92187162007283e-15,1.18296636616891e-14,-1.73051682637205e-14,80.0000000000106,0.23778887340964,0.0790083585618914,7.49144609326256e-14,-4.61852778244004e-14,0.773758553262443,-6.39813333067348e-13,-9.77298959948564,-2.05850974727246e-14,-0.0429869122185295,1.24938539551573e-13,0,0,0,0,1,0.673086199299627,0.673086199299627,80.0000000000106,-8.41128408323007e-12,3.69482222595252e-12
15.69,-7.35368512729884e-14,0.0790083585618454,-1.86028160190491e-13,-4.92208960846621e-15,1.18298711071454e-14,-1.73127887058813e-14,80.0000000000106,0.23778887340964,0.0790083585618914,7.49133538112369e-14,-4.60631532916916e-14,0.773758553262443,-6.39807290357875e-13,-9.77298959948564,-2.05850974727246e-14,-0.0429869122185295,1.24938539551573e-13,0,0,0,0,1,0.673086199299627,0.673086199299627,80.0000000000106,-8.42486586033702e-12,3.68505226333582e-12
15.7,-7.35997833585182e-14,0.0790083585618455,-1.86201868072245e-13,-4.92230738061376e-15,1.18300785526017e-14,-1.73204101808977e-14,80.0000000000106,0.23778887340964,0.0790083585618914,7.4912246370893e-14,-4.59299265287366e-14,0.773758553262443,-6.39801245504604e-13,-9.77298959948564,-2.05850974727246e-14,-0.0429869122185295,1.24938539551573e-13,0,0,0,0,1,0.673086199299627,0.673086199299627,80.0000000000106,-8.43845372695102e-12,3.67439412229942e-12
15.71,-7.36627236552642e-14,0.0790083585618456,-1.86375652412427e-13,-4.92252493746084e-15,1.1830285998058e-14,-1.7328032688459e-14,80.0000000000106,0.23778887340964,0.0790083585618914,7.49111386122947e-14,-4.58078019960279e-14,0.773758553262443,-6.39795198512925e-13,-9.77298959948564,-2.05850974727246e-14,-0.0429869122185295,1.24938539551573e-13,0,0,0,0,1,0.673086199299627,0.673086199299627,80.0000000000106,-8.45204768385322e-12,3.66462415968272e-12
15.72,-7.37256721618954e-14,0.0790083585618458,-1.86549513221393e-13,-4.92274227994904e-15,1.18304934435143e-14,-1.7335656228256e-14,80.0000000000106,0.23778887340964,0.0790083585618914,7.49100305361401e-14,-4.56856774633191e-14,0.773758553262443,-6.39789149388208e-13,-9.77298959948564,-2.05850974727246e-14,-0.0429869122185295,1.24938539551573e-13,0,0,0,0,1,0.673086199299627,0.673086199299627,80.0000000000106,-8.46564773182467e-12,3.65485419706602e-12
15.73,-7.37886288770903e-14,0.0790083585618459,-1.86723450509496e-13,-4.92295940901618e-15,1.18307008889707e-14,-1.73432807999811e-14,80.0000000000106,0.23778887340964,0.0790083585618914,7.49089221431243e-14,-4.55746551608566e-14,0.773758553262443,-6.39783098135796e-13,-9.77298959948564,-2.05850974727246e-14,-0.0429869122185295,1.24938539551573e-13,0,0,0,0,1,0.673086199299627,0.673086199299627,80.0000000000106,-8.47925387164637e-12,3.64597241286901e-12
15.74,-7.3851593799536e-14,0.079008358561846,-1.86897464287087e-13,-4.92317632559634e-15,1.1830908334427e-14,-1.73509064033288e-14,80.0000000000106,0.23778887340964,0.0790083585618914,7.49078134339395e-14,-4.54525306281479e-14,0.773758553262443,-6.39777044761015e-13,-9.77298959948564,-2.05850974727246e-14,-0.0429869122185295,1.24938539551573e-13,0,0,0,0,1,0.673086199299627,0.673086199299627,80.0000000000106,-8.4928661040992e-12,3.63620245025231e-12
15.75,-7.3914566927929e-14,0.0790083585618461,-1.87071554564512e-13,-4.92339303061987e-15,1.18311157798833e-14,-1.73585330379948e-14,80.0000000000106,0.23778887340964,0.0790083585618914,7.49067044092753e-14,-4.53193038651929e-14,0.773758553262443,-6.39770989269166e-13,-9.77298959948564,-2.05850974727246e-14,-0.0429869122185295,1.24938539551573e-13,0,0,0,0,1,0.673086199299627,0.673086199299627,80.0000000000106,-8.50648442996402e-12,3.62554430921591e-12
15.76,-7.39775482609748e-14,0.0790083585618463,-1.87245721352115e-13,-4.92360952501341e-15,1.18313232253396e-14,-1.73661607036768e-14,80.0000000000106,0.23778887340964,0.0790083585618914,7.49055950698183e-14,-4.51971793324841e-14,0.773758553262443,-6.39764931665532e-13,-9.77298959948564,-2.05850974727246e-14,-0.0429869122185295,1.24938539551573e-13,0,0,0,0,1,0.673086199299627,0.673086199299627,80.0000000000106,-8.52010885002157e-12,3.61577434659921e-12
15.77,-7.4040537797388e-14,0.0790083585618464,-1.87419964660238e-13,-4.92382580969988e-15,1.18315306707959e-14,-1.73737894000741e-14,80.0000000000106,0.23778887340964,0.0790083585618914,7.49044854162523e-14,-4.50750547997754e-14,0.773758553262443,-6.3975887195537e-13,-9.77298959948564,-2.05850974727246e-14,-0.0429869122185295,1.24938539551573e-13,0,0,0,0,1,0.673086199299627,0.673086199299627,80.0000000000106,-8.53373936505254e-12,3.60600438398251e-12
15.78,-7.41035355358918e-14,0.0790083585618465,-1.87594284499218e-13,-4.92404188559855e-15,1.18317381162522e-14,-1.73814191268876e-14,80.0000000000106,0.23778887340964,0.0790083585618914,7.49033754492582e-14,-4.49529302670666e-14,0.773758553262443,-6.3975281014392e-13,-9.77298959948564,-2.05850974727246e-14,-0.0429869122185295,1.24938539551573e-13,0,0,0,0,1,0.673086199299627,0.673086199299627,80.0000000000106,-8.54737597583755e-12,3.59623442136581e-12
15.79,-7.41665414752188e-14,0.0790083585618466,-1.8776868087939e-13,-4.92425775362498e-15,1.18319455617086e-14,-1.738904988382e-14,80.0000000000106,0.23778887340964,0.0790083585618914,7.49022651695144e-14,-4.48308057343579e-14,0.773758553262443,-6.39746746236397e-13,-9.77298959948564,-2.05850974727246e-14,-0.0429869122185295,1.24938539551573e-13,0,0,0,0,1,0.673086199299627,0.673086199299627,80.0000000000106,-8.56101868315714e-12,3.58646445874911e-12
15.8,-7.42295556141103e-14,0.0790083585618468,-1.87943153811086e-13,-4.92447341469111e-15,1.18321530071649e-14,-1.73966816705754e-14,80.0000000000106,0.23778887340964,0.0790083585618914,7.49011545776961e-14,-4.46975789714029e-14,0.773758553262443,-6.39740680237997e-13,-9.77298959948564,-2.05850974727246e-14,-0.0429869122185295,1.24938539551573e-13,0,0,0,0,1,0.673086199299627,0.673086199299627,80.0000000000106,-8.57466748779177e-12,3.5758063177127e-12
15.81,-7.42925779513164e-14,0.0790083585618469,-1.88117703304635e-13,-4.9246888697052e-15,1.18323604526212e-14,-1.74043144868599e-14,80.0000000000106,0.23778887340964,0.0790083585618914,7.49000436744761e-14,-4.45754544386941e-14,0.773758553262443,-6.39734612153894e-13,-9.77298959948564,-2.05850974727246e-14,-0.0429869122185295,1.24938539551573e-13,0,0,0,0,1,0.673086199299627,0.673086199299627,80.0000000000106,-8.58832239052184e-12,3.566036355096e-12
15.82,-7.43556084855961e-14,0.079008358561847,-1.88292329370362e-13,-4.92490411957192e-15,1.18325678980775e-14,-1.7411948332381e-14,80.0000000000106,0.23778887340964,0.0790083585618914,7.48989324605242e-14,-4.44422276757391e-14,0.773758553262443,-6.3972854198924e-13,-9.77298959948564,-2.05850974727246e-14,-0.0429869122185295,1.24938539551573e-13,0,0,0,0,1,0.673086199299627,0.673086199299627,80.0000000000106,-8.60198339212769e-12,3.5553782140596e-12
15.83,-7.44186472157172e-14,0.0790083585618471,-1.88467032018592e-13,-4.92511916519231e-15,1.18327753435338e-14,-1.74195832068479e-14,80.0000000000106,0.23778887340964,0.0790083585618914,7.48978209365075e-14,-4.43201031430304e-14,0.773758553262443,-6.39722469749168e-13,-9.77298959948564,-2.05850974727246e-14,-0.0429869122185295,1.24938539551573e-13,0,0,0,0,1,0.673086199299627,0.673086199299627,80.0000000000106,-8.61565049338956e-12,3.5456082514429e-12
15.84,-7.44816941404563e-14,0.0790083585618473,-1.88641811259645e-13,-4.92533400746381e-15,1.18329827889901e-14,-1.74272191099713e-14,80.0000000000106,0.23778887340964,0.0790083585618914,7.48967091030905e-14,-4.41979786103216e-14,0.773758553262443,-6.39716395438788e-13,-9.77298959948564,-2.05850974727246e-14,-0.0429869122185295,1.24938539551573e-13,0,0,0,0,1,0.673086199299627,0.673086199299627,80.0000000000106,-8.62932369508766e-12,3.5358382888262e-12
15.85,-7.45447492585986e-14,0.0790083585618474,-1.88816667103837e-13,-4.92554864728029e-15,1.18331902344465e-14,-1.74348560414638e-14,80.0000000000106,0.23778887340964,0.0790083585618914,7.48955969609348e-14,-4.40647518473666e-14,0.773758553262443,-6.39710319063192e-13,-9.77298959948564,-2.05850974727246e-14,-0.0429869122185295,1.24938539551573e-13,0,0,0,0,1,0.673086199299627,0.673086199299627,80.0000000000106,-8.64300299800211e-12,3.5251801477898e-12
15.86,-7.46078125689382e-14,0.0790083585618475,-1.88991599561483e-13,-4.92576308553202e-15,1.18333976799028e-14,-1.74424940010394e-14,80.0000000000106,0.23778887340964,0.0790083585618914,7.48944845106993e-14,-4.39426273146579e-14,0.773758553262443,-6.39704240627448e-13,-9.77298959948564,-2.05850974727246e-14,-0.0429869122185295,1.24938539551573e-13,0,0,0,0,1,0.673086199299627,0.673086199299627,80.0000000000106,-8.65668840291295e-12,3.5154101851731e-12
15.87,-7.46708840702777e-14,0.0790083585618476,-1.89166608642895e-13,-4.92597732310577e-15,1.18336051253591e-14,-1.74501329884137e-14,80.0000000000106,0.23778887340964,0.0790083585618914,7.48933717530403e-14,-4.38205027819491e-14,0.773758553262443,-6.39698160136604e-13,-9.77298959948564,-2.05850974727246e-14,-0.0429869122185295,1.24938539551573e-13,0,0,0,0,1,0.673086199299627,0.673086199299627,80.0000000000106,-8.67037991060018e-12,3.50564022255639e-12
15.88,-7.47339637614283e-14,0.0790083585618477,-1.89341694358381e-13,-4.92619136088471e-15,1.18338125708154e-14,-1.74577730033041e-14,80.0000000000106,0.23778887340964,0.0790083585618914,7.48922586886113e-14,-4.36983782492404e-14,0.773758553262443,-6.39692077595689e-13,-9.77298959948564,-2.05850974727246e-14,-0.0429869122185295,1.24938539551573e-13,0,0,0,0,1,0.673086199299627,0.673086199299627,80.0000000000106,-8.68407752184371e-12,3.49587025993969e-12
15.89,-7.479705164121e-14,0.0790083585618479,-1.89516856718248e-13,-4.92640519974852e-15,1.18340200162717e-14,-1.74654140454294e-14,80.0000000000106,0.23778887340964,0.0790083585618914,7.48911453180631e-14,-4.35651514862854e-14,0.773758553262443,-6.39685993009712e-13,-9.77298959948564,-2.05850974727246e-14,-0.0429869122185295,1.24938539551573e-13,0,0,0,0,1,0.673086199299627,0.673086199299627,80.0000000000106,-8.6977812374234e-12,3.48521211890329e-12
15.9,-7.48601477084511e-14,0.079008358561848,-1.89692095732798e-13,-4.92661884057335e-15,1.1834227461728e-14,-1.747305611451e-14,80.0000000000106,0.23778887340964,0.0790083585618914,7.4890031642044e-14,-4.34430269535766e-14,0.773758553262443,-6.39679906383658e-13,-9.77298959948564,-2.05850974727246e-14,-0.0429869122185295,1.24938539551573e-13,0,0,0,0,1,0.673086199299627,0.673086199299627,80.0000000000106,-8.71149105811906e-12,3.47544215628659e-12
15.91,-7.49232519619886e-14,0.0790083585618481,-1.89867411412331e-13,-4.92683228423188e-15,1.18344349071844e-14,-1.7480699210268e-14,80.0000000000106,0.23778887340964,0.0790083585618914,7.48889176611994e-14,-4.33209024208679e-14,0.773758553262443,-6.39673817722494e-13,-9.77298959948564,-2.05850974727246e-14,-0.0429869122185295,1.24938539551573e-13,0,0,0,0,1,0.673086199299627,0.673086199299627,80.0000000000106,-8.72520698471039e-12,3.46567219366989e-12
15.92,-7.49863644006679e-14,0.0790083585618482,-1.90042803767146e-13,-4.92704553159328e-15,1.18346423526407e-14,-1.74883433324271e-14,80.0000000000106,0.23778887340964,0.0790083585618914,7.48878033761722e-14,-4.31987778881591e-14,0.773758553262443,-6.39667727031168e-13,-9.77298959948564,-2.05850974727246e-14,-0.0429869122185295,1.24938539551573e-13,0,0,0,0,1,0.673086199299627,0.673086199299627,80.0000000000106,-8.73892901797707e-12,3.45590223105319e-12
15.93,-7.50494850233428e-14,0.0790083585618484,-1.90218272807537e-13,-4.92725858352324e-15,1.1834849798097e-14,-1.74959884807124e-14,80.0000000000106,0.23778887340964,0.0790083585618914,7.48866887876025e-14,-4.30766533554504e-14,0.773758553262443,-6.39661634314604e-13,-9.77298959948564,-2.05850974727246e-14,-0.0429869122185295,1.24938539551573e-13,0,0,0,0,1,0.673086199299627,0.673086199299627,80.0000000000106,-8.75265715869869e-12,3.44613226843649e-12
15.94,-7.51126138288758e-14,0.0790083585618485,-1.90393818543795e-13,-4.92747144088402e-15,1.18350572435533e-14,-1.75036346548506e-14,80.0000000000106,0.23778887340964,0.0790083585618914,7.4885573896128e-14,-4.29323243622491e-14,0.773758553262443,-6.39655539577711e-13,-9.77298959948564,-2.05850974727246e-14,-0.0429869122185295,1.24938539551573e-13,0,0,0,0,1,0.673086199299627,0.673086199299627,80.0000000000106,-8.76639140765479e-12,3.43458594898038e-12
15.95,-7.51757508161374e-14,0.0790083585618486,-1.90569440986211e-13,-4.92768410453444e-15,1.18352646890096e-14,-1.75112818545702e-14,80.0000000000106,0.23778887340964,0.0790083585618914,7.48844587023837e-14,-4.28101998295404e-14,0.773758553262443,-6.39649442825373e-13,-9.77298959948564,-2.05850974727246e-14,-0.0429869122185295,1.24938539551573e-13,0,0,0,0,1,0.673086199299627,0.673086199299627,80.0000000000106,-8.78013176562486e-12,3.42481598636368e-12
15.96,-7.52388959840068e-14,0.0790083585618487,-1.90745140145071e-13,-4.92789657532985e-15,1.18354721344659e-14,-1.75189300796008e-14,80.0000000000106,0.23778887340964,0.0790083585618914,7.48833432070017e-14,-4.26880752968316e-14,0.773758553262443,-6.39643344062457e-13,-9.77298959948564,-2.05850974727246e-14,-0.0429869122185295,1.24938539551573e-13,0,0,0,0,1,0.673086199299627,0.673086199299627,80.0000000000106,-8.79387823338829e-12,3.41504602374698e-12
15.97,-7.53020493313714e-14,0.0790083585618489,-1.90920916030658e-13,-4.92810885412224e-15,1.18356795799223e-14,-1.75265793296741e-14,80.0000000000106,0.23778887340964,0.0790083585618914,7.4882227410612e-14,-4.25659507641229e-14,0.773758553262443,-6.3963724329381e-13,-9.77298959948564,-2.05850974727246e-14,-0.0429869122185295,1.24938539551573e-13,0,0,0,0,1,0.673086199299627,0.673086199299627,80.0000000000106,-8.80763081172445e-12,3.40527606113028e-12
15.98,-7.53652108571267e-14,0.079008358561849,-1.91096768653254e-13,-4.92832094176016e-15,1.18358870253786e-14,-1.75342296045229e-14,80.0000000000106,0.23778887340964,0.0790083585618914,7.48811113138416e-14,-4.24438262314141e-14,0.773758553262443,-6.39631140524257e-13,-9.77298959948564,-2.05850974727246e-14,-0.0429869122185295,1.24938539551573e-13,0,0,0,0,1,0.673086199299627,0.673086199299627,80.0000000000106,-8.82138950141263e-12,3.39550609851358e-12
15.99,-7.54283805601768e-14,0.0790083585618491,-1.91272698023138e-13,-4.92853283908879e-15,1.18360944708349e-14,-1.75418809038816e-14,80.0000000000106,0.23778887340964,0.0790083585618914,7.48799949173152e-14,-4.23105994684591e-14,0.773758553262443,-6.39625035758606e-13,-9.77298959948564,-2.05850974727246e-14,-0.0429869122185295,1.24938539551573e-13,0,0,0,0,1,0.673086199299627,0.673086199299627,80.0000000000106,-8.83515430323207e-12,3.38484795747718e-12
16,-7.54915584394337e-14,0.0790083585618492,-1.91448704150584e-13,-4.92874454694992e-15,1.18363019162912e-14,-1.75495332274864e-14,80.0000000000106,0.23778887340964,0.0790083585618914,7.48788782216546e-14,-4.21884749357504e-14,0.773758553262443,-6.39618929001645e-13,-9.77298959948564,-2.05850974727246e-14,-0.0429869122185295,1.24938539551573e-13,0,0,0,0,1,0.673086199299627,0.673086199299627,80.0000000000106,-8.84892521796193e-12,3.37507799486048e-12
16.01,-7.55547444938178e-14,0.0790083585618494,-1.91624787045867e-13,-4.928956066182e-15,1.18365093617475e-14,-1.75571865750748e-14,80.0000000000106,0.23778887340964,0.0790083585618914,7.48777612274793e-14,-4.20663504030416e-14,0.773758553262443,-6.39612820258139e-13,-9.77298959948564,-2.05850974727246e-14,-0.0429869122185295,1.24938539551573e-13,0,0,0,0,1,0.673086199299627,0.673086199299627,80.0000000000106,-8.86270224638134e-12,3.36530803224377e-12
16.02,-7.56179387222576e-14,0.0790083585618495,-1.91800946719256e-13,-4.92916739762013e-15,1.18367168072038e-14,-1.75648409463858e-14,80.0000000000106,0.23778887340964,0.0790083585618914,7.48766439354063e-14,-4.19442258703328e-14,0.773758553262443,-6.39606709532839e-13,-9.77298959948564,-2.05850974727246e-14,-0.0429869122185295,1.24938539551573e-13,0,0,0,0,1,0.673086199299627,0.673086199299627,80.0000000000106,-8.87648538926937e-12,3.35553806962707e-12
16.03,-7.56811411236898e-14,0.0790083585618496,-1.91977183181021e-13,-4.92937854209605e-15,1.18369242526602e-14,-1.757249634116e-14,80.0000000000106,0.23778887340964,0.0790083585618914,7.48755263460499e-14,-4.18109991073778e-14,0.773758553262443,-6.39600596830473e-13,-9.77298959948564,-2.05850974727246e-14,-0.0429869122185295,1.24938539551573e-13,0,0,0,0,1,0.673086199299627,0.673086199299627,80.0000000000106,-8.890274647405e-12,3.34487992859067e-12
16.04,-7.57443516970591e-14,0.0790083585618497,-1.92153496441425e-13,-4.92958950043821e-15,1.18371316981165e-14,-1.75801527591394e-14,80.0000000000106,0.23778887340964,0.0790083585618914,7.48744084600218e-14,-4.16888745746691e-14,0.773758553262443,-6.39594482155749e-13,-9.77298959948564,-2.05850974727246e-14,-0.0429869122185295,1.24938539551573e-13,0,0,0,0,1,0.673086199299627,0.673086199299627,80.0000000000106,-8.9040700215672e-12,3.33510996597397e-12
16.05,-7.58075704413183e-14,0.0790083585618499,-1.92329886510733e-13,-4.92980027347175e-15,1.18373391435728e-14,-1.75878102000677e-14,80.0000000000106,0.23778887340964,0.0790083585618914,7.48732902779314e-14,-4.15556478117141e-14,0.773758553262443,-6.39588365513359e-13,-9.77298959948564,-2.05850974727246e-14,-0.0429869122185295,1.24938539551573e-13,0,0,0,0,1,0.673086199299627,0.673086199299627,80.0000000000106,-8.91787151253485e-12,3.32445182493757e-12
16.06,-7.58707973554281e-14,0.07900835856185,-1.92506353399204e-13,-4.93001086201849e-15,1.18375465890291e-14,-1.75954686636898e-14,80.0000000000106,0.23778887340964,0.0790083585618914,7.48721718003855e-14,-4.14335232790053e-14,0.773758553262443,-6.39582246907973e-13,-9.77298959948564,-2.05850974727246e-14,-0.0429869122185295,1.24938539551573e-13,0,0,0,0,1,0.673086199299627,0.673086199299627,80.0000000000106,-8.93167912108677e-12,3.31468186232087e-12
16.07,-7.59340324383575e-14,0.0790083585618501,-1.92682897117095e-13,-4.930221266897e-15,1.18377540344854e-14,-1.76031281497524e-14,80.0000000000106,0.23778887340964,0.0790083585618914,7.48710530279883e-14,-4.13113987462966e-14,0.773758553262443,-6.39576126344244e-13,-9.77298959948564,-2.05850974727246e-14,-0.0429869122185295,1.24938539551573e-13,0,0,0,0,1,0.673086199299627,0.673086199299627,80.0000000000106,-8.94549284800177e-12,3.30491189970417e-12
16.08,-7.59972756890832e-14,0.0790083585618502,-1.92859517674663e-13,-4.93043148892257e-15,1.18379614799417e-14,-1.76107886580034e-14,80.0000000000106,0.23778887340964,0.0790083585618914,7.48699339613417e-14,-4.11781719833416e-14,0.773758553262443,-6.39570003826804e-13,-9.77298959948564,-2.05850974727246e-14,-0.0429869122185295,1.24938539551573e-13,0,0,0,0,1,0.673086199299627,0.673086199299627,80.0000000000106,-8.95931269405856e-12,3.29425375866776e-12
16.09,-7.606052710659e-14,0.0790083585618504,-1.93036215082159e-13,-4.93064152890723e-15,1.18381689253981e-14,-1.76184501881924e-14,80.0000000000106,0.23778887340964,0.0790083585618914,7.4868814601045e-14,-4.10671496808791e-14,0.773758553262443,-6.39563879360268e-13,-9.77298959948564,-2.05850974727246e-14,-0.0429869122185295,1.24938539551573e-13,0,0,0,0,1,0.673086199299627,0.673086199299627,80.0000000000106,-8.97313866003583e-12,3.28537197447076e-12
16.1,-7.61237866898705e-14,0.0790083585618505,-1.93212989349834e-13,-4.93085138765977e-15,1.18383763708544e-14,-1.76261127400703e-14,80.0000000000106,0.23778887340964,0.0790083585618914,7.48676949476949e-14,-4.09450251481703e-14,0.773758553262443,-6.3955775294923e-13,-9.77298959948564,-2.05850974727246e-14,-0.0429869122185295,1.24938539551573e-13,0,0,0,0,1,0.673086199299627,0.673086199299627,80.0000000000106,-8.98697074671219e-12,3.27560201185406e-12
16.11,-7.61870544379251e-14,0.0790083585618506,-1.93389840487935e-13,-4.93106106598577e-15,1.18385838163107e-14,-1.76337763133896e-14,80.0000000000106,0.23778887340964,0.0790083585618914,7.4866575001886e-14,-4.08229006154616e-14,0.773758553262443,-6.39551624598267e-13,-9.77298959948564,-2.05850974727246e-14,-0.0429869122185295,1.24938539551573e-13,0,0,0,0,1,0.673086199299627,0.673086199299627,80.0000000000106,-9.0008089548662e-12,3.26583204923736e-12
16.12,-7.62503303497624e-14,0.0790083585618507,-1.93566768506708e-13,-4.93127056468757e-15,1.1838791261767e-14,-1.76414409079042e-14,80.0000000000106,0.23778887340964,0.0790083585618914,7.48654547642101e-14,-4.07007760827528e-14,0.773758553262443,-6.39545494311936e-13,-9.77298959948564,-2.05850974727246e-14,-0.0429869122185295,1.24938539551573e-13,0,0,0,0,1,0.673086199299627,0.673086199299627,80.0000000000106,-9.01465328527639e-12,3.25606208662066e-12
16.13,-7.63136144243983e-14,0.0790083585618509,-1.93743773416395e-13,-4.93147988456432e-15,1.18389987072233e-14,-1.76491065233693e-14,80.0000000000106,0.23778887340964,0.0790083585618914,7.48643342352568e-14,-4.05786515500441e-14,0.773758553262443,-6.39539362094777e-13,-9.77298959948564,-2.05850974727246e-14,-0.0429869122185295,1.24938539551573e-13,0,0,0,0,1,0.673086199299627,0.673086199299627,80.0000000000106,-9.02850373872123e-12,3.24629212400396e-12
16.14,-7.6376906660857e-14,0.079008358561851,-1.93920855227237e-13,-4.93168902641198e-15,1.18392061526796e-14,-1.76567731595418e-14,80.0000000000106,0.23778887340964,0.0790083585618914,7.48632134156131e-14,-4.04454247870891e-14,0.773758553262443,-6.39533227951311e-13,-9.77298959948564,-2.05850974727246e-14,-0.0429869122185295,1.24938539551573e-13,0,0,0,0,1,0.673086199299627,0.673086199299627,80.0000000000106,-9.04236031597913e-12,3.23563398296756e-12
16.15,-7.64402070581701e-14,0.0790083585618511,-1.9409801394947e-13,-4.93189799102333e-15,1.18394135981359e-14,-1.76644408161799e-14,80.0000000000106,0.23778887340964,0.0790083585618914,7.48620923058636e-14,-4.03233002543803e-14,0.773758553262443,-6.39527091886038e-13,-9.77298959948564,-2.05850974727246e-14,-0.0429869122185295,1.24938539551573e-13,0,0,0,0,1,0.673086199299627,0.673086199299627,80.0000000000106,-9.05622301782846e-12,3.22586402035085e-12
16.16,-7.6503515615377e-14,0.0790083585618512,-1.94275249593331e-13,-4.93210677918798e-15,1.18396210435923e-14,-1.76721094930433e-14,80.0000000000106,0.23778887340964,0.0790083585618914,7.48609709065906e-14,-4.01900734914253e-14,0.773758553262443,-6.39520953903443e-13,-9.77298959948564,-2.05850974727246e-14,-0.0429869122185295,1.24938539551573e-13,0,0,0,0,1,0.673086199299627,0.673086199299627,80.0000000000106,-9.07009184504752e-12,3.21520587931445e-12
16.17,-7.65668323315249e-14,0.0790083585618514,-1.94452562169053e-13,-4.93231539169241e-15,1.18398284890486e-14,-1.76797791898931e-14,80.0000000000106,0.23778887340964,0.0790083585618914,7.4859849218374e-14,-4.00679489587166e-14,0.773758553262443,-6.39514814007991e-13,-9.77298959948564,-2.05850974727246e-14,-0.0429869122185295,1.24938539551573e-13,0,0,0,0,1,0.673086199299627,0.673086199299627,80.0000000000106,-9.0839667984146e-12,3.20543591669775e-12
16.18,-7.66301572056684e-14,0.0790083585618515,-1.94629951686866e-13,-4.93252382931993e-15,1.18400359345049e-14,-1.76874499064917e-14,80.0000000000106,0.23778887340964,0.0790083585618914,7.48587272417911e-14,-3.99347221957616e-14,0.773758553262443,-6.39508672204129e-13,-9.77298959948564,-2.05850974727246e-14,-0.0429869122185295,1.24938539551573e-13,0,0,0,0,1,0.673086199299627,0.673086199299627,80.0000000000106,-9.09784787870791e-12,3.19477777566135e-12
16.19,-7.66934902368701e-14,0.0790083585618516,-1.94807418156998e-13,-4.93273209285075e-15,1.18402433799612e-14,-1.76951216426031e-14,80.0000000000106,0.23778887340964,0.0790083585618914,7.48576049774171e-14,-3.98125976630528e-14,0.773758553262443,-6.39502528496285e-13,-9.77298959948564,-2.05850974727246e-14,-0.0429869122185295,1.24938539551573e-13,0,0,0,0,1,0.673086199299627,0.673086199299627,80.0000000000106,-9.11173508670562e-12,3.18500781304465e-12
16.2,-7.67568314242e-14,0.0790083585618517,-1.94984961589675e-13,-4.93294018306196e-15,1.18404508254175e-14,-1.77027943979927e-14,80.0000000000106,0.23778887340964,0.0790083585618914,7.48564824258246e-14,-3.96904731303441e-14,0.773758553262443,-6.3949638288887e-13,-9.77298959948564,-2.05850974727246e-14,-0.0429869122185295,1.24938539551573e-13,0,0,0,0,1,0.673086199299627,0.673086199299627,80.0000000000106,-9.12562842318586e-12,3.17523785042795e-12
16.21,-7.68201807667356e-14,0.0790083585618519,-1.95162581995121e-13,-4.93314810072753e-15,1.18406582708738e-14,-1.77104681724272e-14,80.0000000000106,0.23778887340964,0.0790083585618914,7.4855359587584e-14,-3.95683485976353e-14,0.773758553262443,-6.39490235386277e-13,-9.77298959948564,-2.05850974727246e-14,-0.0429869122185295,1.24938539551573e-13,0,0,0,0,1,0.673086199299627,0.673086199299627,80.0000000000106,-9.13952788892671e-12,3.16546788781125e-12
16.22,-7.6883538263562e-14,0.079008358561852,-1.95340279383557e-13,-4.93335584661836e-15,1.18408657163302e-14,-1.77181429656747e-14,80.0000000000106,0.23778887340964,0.0790083585618914,7.48542364632631e-14,-3.94462240649266e-14,0.773758553262443,-6.39484085992881e-13,-9.77298959948564,-2.05850974727246e-14,-0.0429869122185295,1.24938539551573e-13,0,0,0,0,1,0.673086199299627,0.673086199299627,80.0000000000106,-9.15343348470621e-12,3.15569792519454e-12
16.23,-7.69469039137719e-14,0.0790083585618521,-1.95518053765202e-13,-4.93356342150228e-15,1.18410731617865e-14,-1.77258187775047e-14,80.0000000000106,0.23778887340964,0.0790083585618914,7.48531130534278e-14,-3.93129973019716e-14,0.773758553262443,-6.39477934713038e-13,-9.77298959948564,-2.05850974727246e-14,-0.0429869122185295,1.24938539551573e-13,0,0,0,0,1,0.673086199299627,0.673086199299627,80.0000000000106,-9.16734521130233e-12,3.14503978415814e-12
16.24,-7.70102777164653e-14,0.0790083585618522,-1.95695905150272e-13,-4.93377082614403e-15,1.18412806072428e-14,-1.77334956076883e-14,80.0000000000106,0.23778887340964,0.0790083585618914,7.48519893586411e-14,-3.91908727692628e-14,0.773758553262443,-6.39471781551087e-13,-9.77298959948564,-2.05850974727246e-14,-0.0429869122185295,1.24938539551573e-13,0,0,0,0,1,0.673086199299627,0.673086199299627,80.0000000000106,-9.18126306949301e-12,3.13526982154144e-12
16.25,-7.70736596707499e-14,0.0790083585618524,-1.95873833548982e-13,-4.93397806130531e-15,1.18414880526991e-14,-1.77411734559977e-14,80.0000000000106,0.23778887340964,0.0790083585618914,7.48508653794642e-14,-3.90687482365541e-14,0.773758553262443,-6.39465626511348e-13,-9.77298959948564,-2.05850974727246e-14,-0.0429869122185295,1.24938539551573e-13,0,0,0,0,1,0.673086199299627,0.673086199299627,80.0000000000106,-9.19518706005617e-12,3.12549985892474e-12
16.26,-7.71370497757407e-14,0.0790083585618525,-1.96051838971543e-13,-4.9341851277448e-15,1.18416954981554e-14,-1.77488523222066e-14,80.0000000000106,0.23778887340964,0.0790083585618914,7.48497411164557e-14,-3.89466237038453e-14,0.773758553262443,-6.39459469598127e-13,-9.77298959948564,-2.05850974727246e-14,-0.0429869122185295,1.24938539551573e-13,0,0,0,0,1,0.673086199299627,0.673086199299627,80.0000000000106,-9.20911718376965e-12,3.11572989630804e-12
16.27,-7.72004480305599e-14,0.0790083585618526,-1.96229921428165e-13,-4.93439202621812e-15,1.18419029436117e-14,-1.77565322060901e-14,80.0000000000106,0.23778887340964,0.0790083585618914,7.48486165701719e-14,-3.88244991711366e-14,0.773758553262443,-6.39453310815708e-13,-9.77298959948564,-2.05850974727246e-14,-0.0429869122185295,1.24938539551573e-13,0,0,0,0,1,0.673086199299627,0.673086199299627,80.0000000000106,-9.22305344141127e-12,3.10595993369134e-12
16.28,-7.72638544343374e-14,0.0790083585618527,-1.96408080929056e-13,-4.93459875747789e-15,1.18421103890681e-14,-1.77642131074247e-14,80.0000000000106,0.23778887340964,0.0790083585618914,7.48474917411668e-14,-3.86912724081816e-14,0.773758553262443,-6.3944715016836e-13,-9.77298959948564,-2.05850974727246e-14,-0.0429869122185295,1.24938539551573e-13,0,0,0,0,1,0.673086199299627,0.673086199299627,80.0000000000106,-9.23699583375878e-12,3.09530179265494e-12
16.29,-7.73272689862102e-14,0.0790083585618529,-1.96586317484422e-13,-4.93480532227373e-15,1.18423178345244e-14,-1.7771895025988e-14,80.0000000000106,0.23778887340964,0.0790083585618914,7.48463666299922e-14,-3.85691478754728e-14,0.773758553262443,-6.39440987660333e-13,-9.77298959948564,-2.05850974727246e-14,-0.0429869122185295,1.24938539551573e-13,0,0,0,0,1,0.673086199299627,0.673086199299627,80.0000000000106,-9.25094436158993e-12,3.08553183003824e-12
16.3,-7.73906916853227e-14,0.079008358561853,-1.96764631104464e-13,-4.93501172135226e-15,1.18425252799807e-14,-1.77795779615593e-14,80.0000000000106,0.23778887340964,0.0790083585618914,7.48452412371977e-14,-3.84470233427641e-14,0.773758553262443,-6.39434823295861e-13,-9.77298959948564,-2.05850974727246e-14,-0.0429869122185295,1.24938539551573e-13,0,0,0,0,1,0.673086199299627,0.673086199299627,80.0000000000106,-9.26489902568239e-12,3.07576186742153e-12
16.31,-7.74541225308265e-14,0.0790083585618531,-1.96943021799383e-13,-4.93521795545714e-15,1.1842732725437e-14,-1.77872619139191e-14,80.0000000000106,0.23778887340964,0.0790083585618914,7.48441155633304e-14,-3.83248988100553e-14,0.773758553262443,-6.3942865707916e-13,-9.77298959948564,-2.05850974727246e-14,-0.0429869122185295,1.24938539551573e-13,0,0,0,0,1,0.673086199299627,0.673086199299627,80.0000000000106,-9.27885982681381e-12,3.06599190480483e-12
16.32,-7.75175615218807e-14,0.0790083585618532,-1.9712148957938e-13,-4.93542402532902e-15,1.18429401708933e-14,-1.77949468828491e-14,80.0000000000106,0.23778887340964,0.0790083585618914,7.48429896089352e-14,-3.81916720471003e-14,0.773758553262443,-6.39422489014429e-13,-9.77298959948564,-2.05850974727246e-14,-0.0429869122185295,1.24938539551573e-13,0,0,0,0,1,0.673086199299627,0.673086199299627,80.0000000000106,-9.29282676576179e-12,3.05533376376843e-12
16.33,-7.75810086576512e-14,0.0790083585618534,-1.97300034454649e-13,-4.93562993170565e-15,1.18431476163496e-14,-1.78026328681327e-14,80.0000000000106,0.23778887340964,0.0790083585618914,7.48418633745548e-14,-3.80695475143916e-14,0.773758553262443,-6.39416319105849e-13,-9.77298959948564,-2.05850974727246e-14,-0.0429869122185295,1.24938539551573e-13,0,0,0,0,1,0.673086199299627,0.673086199299627,80.0000000000106,-9.30679984330389e-12,3.04556380115173e-12
16.34,-7.76444639373114e-14,0.0790083585618535,-1.97478656435385e-13,-4.93583567532179e-15,1.1843355061806e-14,-1.78103198695543e-14,80.0000000000106,0.23778887340964,0.0790083585618914,7.48407368607298e-14,-3.79474229816828e-14,0.773758553262443,-6.39410147357584e-13,-9.77298959948564,-2.05850974727246e-14,-0.0429869122185295,1.24938539551573e-13,0,0,0,0,1,0.673086199299627,0.673086199299627,80.0000000000106,-9.32077906021765e-12,3.03579383853503e-12
16.35,-7.77079273600418e-14,0.0790083585618536,-1.9765735553178e-13,-4.93604125690928e-15,1.18435625072623e-14,-1.78180078868998e-14,80.0000000000106,0.23778887340964,0.0790083585618914,7.48396100679983e-14,-3.78252984489741e-14,0.773758553262443,-6.39403973773783e-13,-9.77298959948564,-2.05850974727246e-14,-0.0429869122185295,1.24938539551573e-13,0,0,0,0,1,0.673086199299627,0.673086199299627,80.0000000000106,-9.33476441728054e-12,3.02602387591833e-12
16.36,-7.777139892503e-14,0.0790083585618537,-1.97836131754025e-13,-4.93624667719707e-15,1.18437699527186e-14,-1.78256969199564e-14,80.0000000000106,0.23778887340964,0.0790083585618914,7.48384829968962e-14,-3.77031739162653e-14,0.773758553262443,-6.39397798358575e-13,-9.77298959948564,-2.05850974727246e-14,-0.0429869122185295,1.24938539551573e-13,0,0,0,0,1,0.673086199299627,0.673086199299627,80.0000000000106,-9.34875591527001e-12,3.01625391330163e-12
16.37,-7.78348786314708e-14,0.0790083585618539,-1.98014985112306e-13,-4.93645193691115e-15,1.18439773981749e-14,-1.78333869685125e-14,80.0000000000106,0.23778887340964,0.0790083585618914,7.48373556479575e-14,-3.75699471533103e-14,0.773758553262443,-6.39391621116074e-13,-9.77298959948564,-2.05850974727246e-14,-0.0429869122185295,1.24938539551573e-13,0,0,0,0,1,0.673086199299627,0.673086199299627,80.0000000000106,-9.36275355496347e-12,3.00559577226522e-12
16.38,-7.78983664785658e-14,0.079008358561854,-1.9819391561681e-13,-4.93665703677466e-15,1.18441848436312e-14,-1.7841078032358e-14,80.0000000000106,0.23778887340964,0.0790083585618914,7.48362280217137e-14,-3.74478226206016e-14,0.773758553262443,-6.39385442050376e-13,-9.77298959948564,-2.05850974727246e-14,-0.0429869122185295,1.24938539551573e-13,0,0,0,0,1,0.673086199299627,0.673086199299627,80.0000000000106,-9.3767573371383e-12,2.99582580964852e-12
16.39,-7.79618624655241e-14,0.0790083585618541,-1.98372923277721e-13,-4.93686197750783e-15,1.18443922890875e-14,-1.7848770111284e-14,80.0000000000106,0.23778887340964,0.0790083585618914,7.4835100118694e-14,-3.73145958576466e-14,0.773758553262443,-6.39379261165562e-13,-9.77298959948564,-2.05850974727246e-14,-0.0429869122185295,1.24938539551573e-13,0,0,0,0,1,0.673086199299627,0.673086199299627,80.0000000000106,-9.39076726257182e-12,2.98516766861212e-12
16.4,-7.80253665915614e-14,0.0790083585618542,-1.98552008105219e-13,-4.93706675982801e-15,1.18445997345439e-14,-1.7856463205083e-14,80.0000000000106,0.23778887340964,0.0790083585618914,7.48339719394258e-14,-3.71924713249378e-14,0.773758553262443,-6.39373078465694e-13,-9.77298959948564,-2.05850974727246e-14,-0.0429869122185295,1.24938539551573e-13,0,0,0,0,1,0.673086199299627,0.673086199299627,80.0000000000106,-9.40478333204135e-12,2.97539770599542e-12
16.41,-7.80888788559006e-14,0.0790083585618544,-1.98731170109484e-13,-4.9372713844497e-15,1.18448071800002e-14,-1.78641573135485e-14,80.0000000000106,0.23778887340964,0.0790083585618914,7.4832843484434e-14,-3.70703467922291e-14,0.773758553262443,-6.39366893954819e-13,-9.77298959948564,-2.05850974727246e-14,-0.0429869122185295,1.24938539551573e-13,0,0,0,0,1,0.673086199299627,0.673086199299627,80.0000000000106,-9.41880554632413e-12,2.96562774337872e-12
16.42,-7.81523992577716e-14,0.0790083585618545,-1.98910409300694e-13,-4.93747585208456e-15,1.18450146254565e-14,-1.78718524364758e-14,80.0000000000106,0.23778887340964,0.0790083585618914,7.48317147542414e-14,-3.69371200292741e-14,0.773758553262443,-6.39360707636967e-13,-9.77298959948564,-2.05850974727246e-14,-0.0429869122185295,1.24938539551573e-13,0,0,0,0,1,0.673086199299627,0.673086199299627,80.0000000000106,-9.43283390619739e-12,2.95496960234232e-12
16.43,-7.82159277964111e-14,0.0790083585618546,-1.99089725689025e-13,-4.93768016344139e-15,1.18452220709128e-14,-1.7879548573661e-14,80.0000000000106,0.23778887340964,0.0790083585618914,7.48305857493688e-14,-3.68149954965653e-14,0.773758553262443,-6.39354519516151e-13,-9.77298959948564,-2.05850974727246e-14,-0.0429869122185295,1.24938539551573e-13,0,0,0,0,1,0.673086199299627,0.673086199299627,80.0000000000106,-9.44686841243835e-12,2.94519963972562e-12
16.44,-7.82794644710629e-14,0.0790083585618547,-1.99269119284648e-13,-4.93788431922617e-15,1.18454295163691e-14,-1.78872457249017e-14,80.0000000000106,0.23778887340964,0.0790083585618914,7.48294564703345e-14,-3.66928709638566e-14,0.773758553262443,-6.39348329596367e-13,-9.77298959948564,-2.05850974727246e-14,-0.0429869122185295,1.24938539551573e-13,0,0,0,0,1,0.673086199299627,0.673086199299627,80.0000000000106,-9.46090906582413e-12,2.93542967710891e-12
16.45,-7.83430092809775e-14,0.0790083585618549,-1.99448590097736e-13,-4.93808832014206e-15,1.18456369618254e-14,-1.78949438899969e-14,80.0000000000106,0.23778887340964,0.0790083585618914,7.48283269176551e-14,-3.65818486613941e-14,0.773758553262443,-6.39342137881596e-13,-9.77298959948564,-2.05850974727246e-14,-0.0429869122185295,1.24938539551573e-13,0,0,0,0,1,0.673086199299627,0.673086199299627,80.0000000000106,-9.47495586713189e-12,2.92654789291191e-12
16.46,-7.84065622254123e-14,0.079008358561855,-1.99628138138458e-13,-4.93829216688942e-15,1.18458444072818e-14,-1.79026430687467e-14,80.0000000000106,0.23778887340964,0.0790083585618914,7.48271970918446e-14,-3.64597241286853e-14,0.773758553262443,-6.39335944375804e-13,-9.77298959948564,-2.05850974727246e-14,-0.0429869122185295,1.24938539551573e-13,0,0,0,0,1,0.673086199299627,0.673086199299627,80.0000000000106,-9.4890088171387e-12,2.91677793029521e-12
16.47,-7.84701233036316e-14,0.0790083585618551,-1.99807763416981e-13,-4.93849586016582e-15,1.18460518527381e-14,-1.79103432609524e-14,80.0000000000106,0.23778887340964,0.0790083585618914,7.48260669934152e-14,-3.63264973657303e-14,0.773758553262443,-6.39329749082936e-13,-9.77298959948564,-2.05850974727246e-14,-0.0429869122185295,1.24938539551573e-13,0,0,0,0,1,0.673086199299627,0.673086199299627,80.0000000000106,-9.50306791662163e-12,2.90611978925881e-12
16.48,-7.85336925149066e-14,0.0790083585618552,-1.99987465943471e-13,-4.93869940066604e-15,1.18462592981944e-14,-1.79180444664168e-14,80.0000000000106,0.23778887340964,0.0790083585618914,7.48249366228769e-14,-3.62043728330215e-14,0.773758553262443,-6.39323552006925e-13,-9.77298959948564,-2.05850974727246e-14,-0.0429869122185295,1.24938539551573e-13,0,0,0,0,1,0.673086199299627,0.673086199299627,80.0000000000106,-9.5171331663577e-12,2.89634982664211e-12
16.49,-7.85972698585149e-14,0.0790083585618554,-2.0016724572809e-13,-4.93890278908208e-15,1.18464667436507e-14,-1.79257466849438e-14,80.0000000000106,0.23778887340964,0.0790083585618914,7.48238059807375e-14,-3.60822483003128e-14,0.773758553262443,-6.39317353151687e-13,-9.77298959948564,-2.05850974727246e-14,-0.0429869122185295,1.24938539551573e-13,0,0,0,0,1,0.673086199299627,0.673086199299627,80.0000000000106,-9.53120456712391e-12,2.88657986402541e-12
16.5,-7.86608553337413e-14,0.0790083585618555,-2.00347102781e-13,-4.93910602610319e-15,1.1846674189107e-14,-1.79334499163385e-14,80.0000000000106,0.23778887340964,0.0790083585618914,7.48226750675028e-14,-3.59490215373578e-14,0.773758553262443,-6.39311152521121e-13,-9.77298959948564,-2.05850974727246e-14,-0.0429869122185295,1.24938539551573e-13,0,0,0,0,1,0.673086199299627,0.673086199299627,80.0000000000106,-9.54528211969722e-12,2.87592172298901e-12
16.51,-7.87244489398771e-14,0.0790083585618556,-2.00527037112361e-13,-4.93930911241588e-15,1.18468816345633e-14,-1.79411541604074e-14,80.0000000000106,0.23778887340964,0.0790083585618914,7.48215438836765e-14,-3.5826897004649e-14,0.773758553262443,-6.3930495011911e-13,-9.77298959948564,-2.05850974727246e-14,-0.0429869122185295,1.24938539551573e-13,0,0,0,0,1,0.673086199299627,0.673086199299627,80.0000000000106,-9.55936582485456e-12,2.8661517603723e-12
16.52,-7.87880506762203e-14,0.0790083585618557,-2.0070704873233e-13,-4.93951204870389e-15,1.18470890800197e-14,-1.79488594169582e-14,80.0000000000106,0.23778887340964,0.0790083585618914,7.48204124297601e-14,-3.5693670241694e-14,0.773758553262443,-6.39298745949522e-13,-9.77298959948564,-2.05850974727246e-14,-0.0429869122185295,1.24938539551573e-13,0,0,0,0,1,0.673086199299627,0.673086199299627,80.0000000000106,-9.57345568337286e-12,2.8554936193359e-12
16.53,-7.88516605420756e-14,0.0790083585618559,-2.00887137651062e-13,-4.93971483564826e-15,1.1847296525476e-14,-1.79565656857997e-14,80.0000000000106,0.23778887340964,0.0790083585618914,7.48192807062531e-14,-3.55715457089853e-14,0.773758553262443,-6.39292540016208e-13,-9.77298959948564,-2.05850974727246e-14,-0.0429869122185295,1.24938539551573e-13,0,0,0,0,1,0.673086199299627,0.673086199299627,80.0000000000106,-9.58755169602896e-12,2.8457236567192e-12
16.54,-7.89152785367543e-14,0.079008358561856,-2.01067303878711e-13,-4.93991747392731e-15,1.18475039709323e-14,-1.79642729667422e-14,80.0000000000106,0.23778887340964,0.0790083585618914,7.4818148713653e-14,-3.54494211762765e-14,0.773758553262443,-6.39286332323006e-13,-9.77298959948564,-2.05850974727246e-14,-0.0429869122185295,1.24938539551573e-13,0,0,0,0,1,0.673086199299627,0.673086199299627,80.0000000000106,-9.60165386359972e-12,2.8359536941025e-12
16.55,-7.89789046595745e-14,0.0790083585618561,-2.01247547425429e-13,-4.94011996421665e-15,1.18477114163886e-14,-1.7971981259597e-14,80.0000000000106,0.23778887340964,0.0790083585618914,7.48170164524551e-14,-3.53272966435678e-14,0.773758553262443,-6.39280122873733e-13,-9.77298959948564,-2.05850974727246e-14,-0.0429869122185295,1.24938539551573e-13,0,0,0,0,1,0.673086199299627,0.673086199299627,80.0000000000106,-9.61576218686196e-12,2.8261837314858e-12
16.56,-7.90425389098606e-14,0.0790083585618562,-2.01427868301366e-13,-4.94032230718919e-15,1.18479188618449e-14,-1.79796905641766e-14,80.0000000000106,0.23778887340964,0.0790083585618914,7.48158839231528e-14,-3.5205172110859e-14,0.773758553262443,-6.39273911672196e-13,-9.77298959948564,-2.05850974727246e-14,-0.0429869122185295,1.24938539551573e-13,0,0,0,0,1,0.673086199299627,0.673086199299627,80.0000000000106,-9.62987666659246e-12,2.8164137688691e-12
16.57,-7.91061812869438e-14,0.0790083585618564,-2.01608266516669e-13,-4.94052450351515e-15,1.18481263073012e-14,-1.7987400880295e-14,80.0000000000106,0.23778887340964,0.0790083585618914,7.48147511262372e-14,-3.5071945347904e-14,0.773758553262443,-6.39267698722183e-13,-9.77298959948564,-2.05850974727246e-14,-0.0429869122185295,1.24938539551573e-13,0,0,0,0,1,0.673086199299627,0.673086199299627,80.0000000000106,-9.64399730356798e-12,2.8057556278327e-12
16.58,-7.91698317901618e-14,0.0790083585618565,-2.01788742081486e-13,-4.9407265538621e-15,1.18483337527576e-14,-1.79951122077671e-14,80.0000000000106,0.23778887340964,0.0790083585618914,7.48136180621977e-14,-3.49498208151953e-14,0.773758553262443,-6.39261484027466e-13,-9.77298959948564,-2.05850974727246e-14,-0.0429869122185295,1.24938539551573e-13,0,0,0,0,1,0.673086199299627,0.673086199299627,80.0000000000106,-9.65812409856526e-12,2.79598566521599e-12
16.59,-7.92334904188587e-14,0.0790083585618566,-2.01969295005959e-13,-4.94092845889492e-15,1.18485411982139e-14,-1.80028245464092e-14,80.0000000000106,0.23778887340964,0.0790083585618914,7.48124847315214e-14,-3.48276962824865e-14,0.773758553262443,-6.39255267591805e-13,-9.77298959948564,-2.05850974727246e-14,-0.0429869122185295,1.24938539551573e-13,0,0,0,0,1,0.673086199299627,0.673086199299627,80.0000000000106,-9.67225705236099e-12,2.78621570259929e-12
16.6,-7.92971571723852e-14,0.0790083585618567,-2.02149925300232e-13,-4.94113021927587e-15,1.18487486436702e-14,-1.80105378960387e-14,80.0000000000106,0.23778887340964,0.0790083585618914,7.48113511346935e-14,-3.47055717497778e-14,0.773758553262443,-6.3924904941894e-13,-9.77298959948564,-2.05850974727246e-14,-0.0429869122185295,1.24938539551573e-13,0,0,0,0,1,0.673086199299627,0.673086199299627,80.0000000000106,-9.68639616573187e-12,2.77644573998259e-12
16.61,-7.93608320500985e-14,0.0790083585618569,-2.02330632974445e-13,-4.94133183566453e-15,1.18489560891265e-14,-1.80182522564743e-14,80.0000000000106,0.23778887340964,0.0790083585618914,7.48102172721972e-14,-3.45612427565765e-14,0.773758553262443,-6.39242829512599e-13,-9.77298959948564,-2.05850974727246e-14,-0.0429869122185295,1.24938539551573e-13,0,0,0,0,1,0.673086199299627,0.673086199299627,80.0000000000106,-9.70054143945454e-12,2.76489942052649e-12
16.62,-7.94245150513621e-14,0.079008358561857,-2.02511418038736e-13,-4.94153330871787e-15,1.18491635345828e-14,-1.80259676275358e-14,80.0000000000106,0.23778887340964,0.0790083585618914,7.48090831445136e-14,-3.44391182238678e-14,0.773758553262443,-6.39236607876494e-13,-9.77298959948564,-2.05850974727246e-14,-0.0429869122185295,1.24938539551573e-13,0,0,0,0,1,0.673086199299627,0.673086199299627,80.0000000000106,-9.71469287430564e-12,2.75512945790979e-12
16.63,-7.94882061755461e-14,0.0790083585618571,-2.02692280503244e-13,-4.94173463909025e-15,1.18493709800391e-14,-1.80336840090442e-14,80.0000000000106,0.23778887340964,0.0790083585618914,7.48079487521219e-14,-3.4316993691159e-14,0.773758553262443,-6.39230384514321e-13,-9.77298959948564,-2.05850974727246e-14,-0.0429869122185295,1.24938539551573e-13,0,0,0,0,1,0.673086199299627,0.673086199299627,80.0000000000106,-9.72885047106176e-12,2.74535949529309e-12
16.64,-7.95519054220268e-14,0.0790083585618572,-2.02873220378102e-13,-4.9419358274334e-15,1.18495784254954e-14,-1.80414014008218e-14,80.0000000000106,0.23778887340964,0.0790083585618914,7.48068140954992e-14,-3.41948691584503e-14,0.773758553262443,-6.39224159429761e-13,-9.77298959948564,-2.05850974727246e-14,-0.0429869122185295,1.24938539551573e-13,0,0,0,0,1,0.673086199299627,0.673086199299627,80.0000000000106,-9.74301423049948e-12,2.73558953267639e-12
16.65,-7.96156127901869e-14,0.0790083585618574,-2.03054237673446e-13,-4.94213687439645e-15,1.18497858709518e-14,-1.80491198026919e-14,80.0000000000106,0.23778887340964,0.0790083585618914,7.48056791751209e-14,-3.40727446257415e-14,0.773758553262443,-6.3921793262648e-13,-9.77298959948564,-2.05850974727246e-14,-0.0429869122185295,1.24938539551573e-13,0,0,0,0,1,0.673086199299627,0.673086199299627,80.0000000000106,-9.75718415339537e-12,2.72581957005968e-12
16.66,-7.96793282794157e-14,0.0790083585618575,-2.03235332399405e-13,-4.94233778062596e-15,1.18499933164081e-14,-1.80568392144791e-14,80.0000000000106,0.23778887340964,0.0790083585618914,7.480454399146e-14,-3.39395178627865e-14,0.773758553262443,-6.39211704108129e-13,-9.77298959948564,-2.05850974727246e-14,-0.0429869122185295,1.24938539551573e-13,0,0,0,0,1,0.673086199299627,0.673086199299627,80.0000000000106,-9.77136024052596e-12,2.71516142902328e-12
16.67,-7.97430518891083e-14,0.0790083585618576,-2.0341650456611e-13,-4.9425385467659e-15,1.18502007618644e-14,-1.80645596360092e-14,80.0000000000106,0.23778887340964,0.0790083585618914,7.48034085449878e-14,-3.38173933300778e-14,0.773758553262443,-6.39205473878344e-13,-9.77298959948564,-2.05850974727246e-14,-0.0429869122185295,1.24938539551573e-13,0,0,0,0,1,0.673086199299627,0.673086199299627,80.0000000000106,-9.78554249266774e-12,2.70539146640658e-12
16.68,-7.98067836186666e-14,0.0790083585618577,-2.03597754183689e-13,-4.94273917345767e-15,1.18504082073207e-14,-1.80722810671091e-14,80.0000000000106,0.23778887340964,0.0790083585618914,7.48022728361737e-14,-3.3695268797369e-14,0.773758553262443,-6.39199241940746e-13,-9.77298959948564,-2.05850974727246e-14,-0.0429869122185295,1.24938539551573e-13,0,0,0,0,1,0.673086199299627,0.673086199299627,80.0000000000106,-9.79973091059722e-12,2.69562150378988e-12
16.69,-7.98705234674985e-14,0.0790083585618579,-2.03779081262269e-13,-4.94293966134011e-15,1.1850615652777e-14,-1.80800035076067e-14,80.0000000000106,0.23778887340964,0.0790083585618914,7.4801136865485e-14,-3.35731442646603e-14,0.773758553262443,-6.39193008298942e-13,-9.77298959948564,-2.05850974727246e-14,-0.0429869122185295,1.24938539551573e-13,0,0,0,0,1,0.673086199299627,0.673086199299627,80.0000000000106,-9.81392549509085e-12,2.68585154117318e-12
16.7,-7.99342714350182e-14,0.079008358561858,-2.03960485811974e-13,-4.94314001104952e-15,1.18508230982333e-14,-1.80877269573315e-14,80.0000000000106,0.23778887340964,0.0790083585618914,7.4800000633387e-14,-3.34510197319515e-14,0.773758553262443,-6.39186772956522e-13,-9.77298959948564,-2.05850974727246e-14,-0.0429869122185295,1.24938539551573e-13,0,0,0,0,1,0.673086199299627,0.673086199299627,80.0000000000106,-9.82812624692508e-12,2.67608157855648e-12
16.71,-7.99980275206462e-14,0.0790083585618581,-2.04141967842928e-13,-4.94334022321965e-15,1.18510305436897e-14,-1.80954514161137e-14,80.0000000000106,0.23778887340964,0.0790083585618914,7.47988641403433e-14,-3.33177929689965e-14,0.773758553262443,-6.39180535917063e-13,-9.77298959948564,-2.05850974727246e-14,-0.0429869122185295,1.24938539551573e-13,0,0,0,0,1,0.673086199299627,0.673086199299627,80.0000000000106,-9.84233316687633e-12,2.66542343752008e-12
16.72,-8.00617917238089e-14,0.0790083585618582,-2.04323527365251e-13,-4.94354029848175e-15,1.1851237989146e-14,-1.81031768837848e-14,80.0000000000106,0.23778887340964,0.0790083585618914,7.47977273868154e-14,-3.31845662060415e-14,0.773758553262443,-6.39174297184126e-13,-9.77298959948564,-2.05850974727246e-14,-0.0429869122185295,1.24938539551573e-13,0,0,0,0,1,0.673086199299627,0.673086199299627,80.0000000000106,-9.85654625572099e-12,2.65476529648367e-12
16.73,-8.01255640439392e-14,0.0790083585618584,-2.04505164389063e-13,-4.94374023746451e-15,1.18514454346023e-14,-1.81109033601776e-14,80.0000000000106,0.23778887340964,0.0790083585618914,7.47965903732629e-14,-3.30624416733328e-14,0.773758553262443,-6.3916805676126e-13,-9.77298959948564,-2.05850974727246e-14,-0.0429869122185295,1.24938539551573e-13,0,0,0,0,1,0.673086199299627,0.673086199299627,80.0000000000106,-9.87076551423546e-12,2.64499533386697e-12
16.74,-8.0189344480476e-14,0.0790083585618585,-2.04686878924483e-13,-4.94394004079414e-15,1.18516528800586e-14,-1.81186308451259e-14,80.0000000000106,0.23778887340964,0.0790083585618914,7.47954531001436e-14,-3.2940317140624e-14,0.773758553262443,-6.39161814651997e-13,-9.77298959948564,-2.05850974727246e-14,-0.0429869122185295,1.24938539551573e-13,0,0,0,0,1,0.673086199299627,0.673086199299627,80.0000000000106,-9.88499094319609e-12,2.63522537125027e-12
16.75,-8.02531330328643e-14,0.0790083585618586,-2.04868670981626e-13,-4.94413970909436e-15,1.18518603255149e-14,-1.81263593384646e-14,80.0000000000106,0.23778887340964,0.0790083585618914,7.47943155679133e-14,-3.2807090377669e-14,0.773758553262443,-6.39155570859854e-13,-9.77298959948564,-2.05850974727246e-14,-0.0429869122185295,1.24938539551573e-13,0,0,0,0,1,0.673086199299627,0.673086199299627,80.0000000000106,-9.89922254337922e-12,2.62456723021387e-12
16.76,-8.03169297005552e-14,0.0790083585618587,-2.05050540570607e-13,-4.94433924298639e-15,1.18520677709712e-14,-1.81340888400297e-14,80.0000000000106,0.23778887340964,0.0790083585618914,7.47931777770258e-14,-3.26849658449603e-14,0.773758553262443,-6.39149325388335e-13,-9.77298959948564,-2.05850974727246e-14,-0.0429869122185295,1.24938539551573e-13,0,0,0,0,1,0.673086199299627,0.673086199299627,80.0000000000106,-9.91346031556118e-12,2.61479726759717e-12
16.77,-8.0380734483006e-14,0.0790083585618589,-2.05232487701539e-13,-4.94453864308896e-15,1.18522752164276e-14,-1.81418193496586e-14,80.0000000000106,0.23778887340964,0.0790083585618914,7.47920397279332e-14,-3.25628413122515e-14,0.773758553262443,-6.3914307824093e-13,-9.77298959948564,-2.05850974727246e-14,-0.0429869122185295,1.24938539551573e-13,0,0,0,0,1,0.673086199299627,0.673086199299627,80.0000000000106,-9.92770426051827e-12,2.60502730498047e-12
16.78,-8.04445473796798e-14,0.079008358561859,-2.05414512384534e-13,-4.94473791001835e-15,1.18524826618839e-14,-1.81495508671894e-14,80.0000000000106,0.23778887340964,0.0790083585618914,7.47909014210857e-14,-3.24407167795428e-14,0.773758553262443,-6.39136829421112e-13,-9.77298959948564,-2.05850974727246e-14,-0.0429869122185295,1.24938539551573e-13,0,0,0,0,1,0.673086199299627,0.673086199299627,80.0000000000106,-9.94195437902679e-12,2.59525734236377e-12
16.79,-8.0508368390046e-14,0.0790083585618591,-2.05596614629701e-13,-4.94493704438839e-15,1.18526901073402e-14,-1.81572833924617e-14,80.0000000000106,0.23778887340964,0.0790083585618914,7.47897628569315e-14,-3.2318592246834e-14,0.773758553262443,-6.39130578932343e-13,-9.77298959948564,-2.05850974727246e-14,-0.0429869122185295,1.24938539551573e-13,0,0,0,0,1,0.673086199299627,0.673086199299627,80.0000000000106,-9.95621067186299e-12,2.58548737974706e-12
16.8,-8.05721975135798e-14,0.0790083585618592,-2.05778794447148e-13,-4.94513604681044e-15,1.18528975527965e-14,-1.81650169253161e-14,80.0000000000106,0.23778887340964,0.0790083585618914,7.47886240359171e-14,-3.22075699443715e-14,0.773758553262443,-6.39124326778069e-13,-9.77298959948564,-2.05850974727246e-14,-0.0429869122185295,1.24938539551573e-13,0,0,0,0,1,0.673086199299627,0.673086199299627,80.0000000000106,-9.97047313980313e-12,2.57660559555006e-12
16.81,-8.06360347497624e-14,0.0790083585618594,-2.05961051846982e-13,-4.94533491789344e-15,1.18531049982528e-14,-1.81727514655941e-14,80.0000000000106,0.23778887340964,0.0790083585618914,7.47874849584869e-14,-3.20743431814165e-14,0.773758553262443,-6.39118072961721e-13,-9.77298959948564,-2.05850974727246e-14,-0.0429869122185295,1.24938539551573e-13,0,0,0,0,1,0.673086199299627,0.673086199299627,80.0000000000106,-9.98474178362345e-12,2.56594745451366e-12
16.82,-8.0699880098081e-14,0.0790083585618595,-2.06143386839308e-13,-4.94553365824389e-15,1.18533124437091e-14,-1.81804870131385e-14,80.0000000000106,0.23778887340964,0.0790083585618914,7.47863456250838e-14,-3.19522186487078e-14,0.773758553262443,-6.39111817486719e-13,-9.77298959948564,-2.05850974727246e-14,-0.0429869122185295,1.24938539551573e-13,0,0,0,0,1,0.673086199299627,0.673086199299627,80.0000000000106,-9.99901660410017e-12,2.55617749189696e-12
16.83,-8.07637335580288e-14,0.0790083585618596,-2.0632579943423e-13,-4.94573226846587e-15,1.18535198891655e-14,-1.81882235677933e-14,80.0000000000106,0.23778887340964,0.0790083585618914,7.47852060361485e-14,-3.1830094115999e-14,0.773758553262443,-6.39105560356465e-13,-9.77298959948564,-2.05850974727246e-14,-0.0429869122185295,1.24938539551573e-13,0,0,0,0,1,0.673086199299627,0.673086199299627,80.0000000000106,-1.00132976020095e-11,2.54640752928026e-12
16.84,-8.08275951291048e-14,0.0790083585618597,-2.06508289641848e-13,-4.94593074916108e-15,1.18537273346218e-14,-1.81959611294033e-14,80.0000000000106,0.23778887340964,0.0790083585618914,7.47840661921201e-14,-3.17079695832903e-14,0.773758553262443,-6.39099301574349e-13,-9.77298959948564,-2.05850974727246e-14,-0.0429869122185295,1.24938539551573e-13,0,0,0,0,1,0.673086199299627,0.673086199299627,80.0000000000106,-1.00275847781276e-11,2.53663756666356e-12
16.85,-8.08914648108139e-14,0.0790083585618599,-2.06690857472264e-13,-4.94612910092877e-15,1.18539347800781e-14,-1.82036996978147e-14,80.0000000000106,0.23778887340964,0.0790083585618914,7.47829260934357e-14,-3.15858450505815e-14,0.773758553262443,-6.39093041143747e-13,-9.77298959948564,-2.05850974727246e-14,-0.0429869122185295,1.24938539551573e-13,0,0,0,0,1,0.673086199299627,0.673086199299627,80.0000000000106,-1.00418781332307e-11,2.52686760404686e-12
16.86,-8.09553426026668e-14,0.07900835856186,-2.06873502935577e-13,-4.94632732436585e-15,1.18541422255344e-14,-1.82114392728745e-14,80.0000000000106,0.23778887340964,0.0790083585618914,7.47817857405308e-14,-3.14526182876265e-14,0.773758553262443,-6.39086779068022e-13,-9.77298959948564,-2.05850974727246e-14,-0.0429869122185295,1.24938539551573e-13,0,0,0,0,1,0.673086199299627,0.673086199299627,80.0000000000106,-1.00561776680948e-11,2.51620946301045e-12
16.87,-8.10192285041802e-14,0.0790083585618601,-2.07056226041882e-13,-4.94652542006682e-15,1.18543496709907e-14,-1.8219179854431e-14,80.0000000000106,0.23778887340964,0.0790083585618914,7.47806451338389e-14,-3.13304937549178e-14,0.773758553262443,-6.39080515350521e-13,-9.77298959948564,-2.05850974727246e-14,-0.0429869122185295,1.24938539551573e-13,0,0,0,0,1,0.673086199299627,0.673086199299627,80.0000000000106,-1.00704833834963e-11,2.50643950039375e-12
16.88,-8.10831225148764e-14,0.0790083585618602,-2.07239026801277e-13,-4.94672338862382e-15,1.1854557116447e-14,-1.82269214423335e-14,80.0000000000106,0.23778887340964,0.0790083585618914,7.47795042737918e-14,-3.1208369222209e-14,0.773758553262443,-6.39074249994578e-13,-9.77298959948564,-2.05850974727246e-14,-0.0429869122185295,1.24938539551573e-13,0,0,0,0,1,0.673086199299627,0.673086199299627,80.0000000000106,-1.00847952802112e-11,2.49666953777705e-12
16.89,-8.11470246342837e-14,0.0790083585618604,-2.07421905223855e-13,-4.94692123062663e-15,1.18547645619034e-14,-1.82346640364323e-14,80.0000000000106,0.23778887340964,0.0790083585618914,7.47783631608193e-14,-3.10862446895003e-14,0.773758553262443,-6.39067983003515e-13,-9.77298959948564,-2.05850974727246e-14,-0.0429869122185295,1.24938539551573e-13,0,0,0,0,1,0.673086199299627,0.673086199299627,80.0000000000106,-1.00991133590155e-11,2.48689957516035e-12
16.9,-8.12109348619361e-14,0.0790083585618605,-2.07604861319709e-13,-4.94711894666268e-15,1.18549720073597e-14,-1.82424076365789e-14,80.0000000000106,0.23778887340964,0.0790083585618914,7.47772217953498e-14,-3.09530179265453e-14,0.773758553262443,-6.39061714380637e-13,-9.77298959948564,-2.05850974727246e-14,-0.0429869122185295,1.24938539551573e-13,0,0,0,0,1,0.673086199299627,0.673086199299627,80.0000000000106,-1.01134376206855e-11,2.47624143412395e-12
16.91,-8.12748531973732e-14,0.0790083585618606,-2.0778789509893e-13,-4.94731653731704e-15,1.1855179452816e-14,-1.82501522426259e-14,80.0000000000106,0.23778887340964,0.0790083585618914,7.47760801778094e-14,-3.08308933938365e-14,0.773758553262443,-6.39055444129238e-13,-9.77298959948564,-2.05850974727246e-14,-0.0429869122185295,1.24938539551573e-13,0,0,0,0,1,0.673086199299627,0.673086199299627,80.0000000000106,-1.01277680659972e-11,2.46647147150725e-12
16.92,-8.13387796401406e-14,0.0790083585618607,-2.07971006571608e-13,-4.94751400317248e-15,1.18553868982723e-14,-1.82578978544267e-14,80.0000000000106,0.23778887340964,0.0790083585618914,7.4774938308623e-14,-3.07087688611278e-14,0.773758553262443,-6.39049172252598e-13,-9.77298959948564,-2.05850974727246e-14,-0.0429869122185295,1.24938539551573e-13,0,0,0,0,1,0.673086199299627,0.673086199299627,80.0000000000106,-1.01421046957268e-11,2.45670150889055e-12
16.93,-8.14027141897893e-14,0.0790083585618609,-2.08154195747832e-13,-4.94771134480942e-15,1.18555943437286e-14,-1.8265644471836e-14,80.0000000000106,0.23778887340964,0.0790083585618914,7.47737961882132e-14,-3.0586644328419e-14,0.773758553262443,-6.39042898753983e-13,-9.77298959948564,-2.05850974727246e-14,-0.0429869122185295,1.24938539551573e-13,0,0,0,0,1,0.673086199299627,0.673086199299627,80.0000000000106,-1.01564475106501e-11,2.44693154627385e-12
16.94,-8.14666568458762e-14,0.079008358561861,-2.08337462637687e-13,-4.94790856280597e-15,1.18558017891849e-14,-1.82733920947095e-14,80.0000000000106,0.23778887340964,0.0790083585618914,7.47726538170011e-14,-3.04645197957103e-14,0.773758553262443,-6.39036623636646e-13,-9.77298959948564,-2.05850974727246e-14,-0.0429869122185295,1.24938539551573e-13,0,0,0,0,1,0.673086199299627,0.673086199299627,80.0000000000106,-1.01707965115435e-11,2.43716158365714e-12
16.95,-8.15306076079638e-14,0.0790083585618611,-2.0852080725126e-13,-4.94810565773794e-15,1.18560092346413e-14,-1.82811407229039e-14,80.0000000000106,0.23778887340964,0.0790083585618914,7.47715111954061e-14,-3.0320190802509e-14,0.773758553262443,-6.39030346903825e-13,-9.77298959948564,-2.05850974727246e-14,-0.0429869122185295,1.24938539551573e-13,0,0,0,0,1,0.673086199299627,0.673086199299627,80.0000000000106,-1.01851516991828e-11,2.42561526420104e-12
16.96,-8.15945664756202e-14,0.0790083585618612,-2.08704229598635e-13,-4.94830263017885e-15,1.18562166800976e-14,-1.82888903562769e-14,80.0000000000106,0.23778887340964,0.0790083585618914,7.47703683238456e-14,-3.01980662698003e-14,0.773758553262443,-6.39024068558747e-13,-9.77298959948564,-2.05850974727246e-14,-0.0429869122185295,1.24938539551573e-13,0,0,0,0,1,0.673086199299627,0.673086199299627,80.0000000000106,-1.01995130743441e-11,2.41584530158434e-12
16.97,-8.1658533448419e-14,0.0790083585618614,-2.08887729689893e-13,-4.94849948069993e-15,1.18564241255539e-14,-1.82966409946875e-14,80.0000000000106,0.23778887340964,0.0790083585618914,7.47692252027356e-14,-3.00759417370915e-14,0.773758553262443,-6.39017788604624e-13,-9.77298959948564,-2.05850974727246e-14,-0.0429869122185295,1.24938539551573e-13,0,0,0,0,1,0.673086199299627,0.673086199299627,80.0000000000106,-1.02138806378034e-11,2.40607533896764e-12
16.98,-8.17225085259397e-14,0.0790083585618615,-2.09071307535117e-13,-4.94869620987012e-15,1.18566315710102e-14,-1.83043926379953e-14,80.0000000000106,0.23778887340964,0.0790083585618914,7.47680818324901e-14,-2.99538172043827e-14,0.773758553262443,-6.39011507044656e-13,-9.77298959948564,-2.05850974727246e-14,-0.0429869122185295,1.24938539551573e-13,0,0,0,0,1,0.673086199299627,0.673086199299627,80.0000000000106,-1.02282543903368e-11,2.39630537635094e-12
16.99,-8.17864917077671e-14,0.0790083585618616,-2.09254963144385e-13,-4.94889281825611e-15,1.18566208962869e-14,-1.83121452860614e-14,80.0000000000106,0.23778887340964,0.0790083585618914,7.47669382135214e-14,-2.9831692671674e-14,0.773758553262443,-6.39005223882028e-13,-9.77298959948564,-2.05850974727246e-14,-0.0429869122185295,1.24938539551573e-13,0,0,0,0,1,0.673086199299627,0.673086199299627,80.0000000000106,-1.02426343327203e-11,2.38653541373424e-12
17,-8.18504829934916e-14,0.0790083585618617,-2.09438696527777e-13,-4.94908930642233e-15,1.1856614333e-14,-1.83198989387476e-14,80.0000000000106,0.23778887340964,0.0790083585618914,7.47657943462401e-14,-2.9698465908719e-14,0.773758553262443,-6.38998939119914e-13,-9.77298959948564,-2.05850974727246e-14,-0.0429869122185295,1.24938539551573e-13,0,0,0,0,1,0.673086199299627,0.673086199299627,80.0000000000106,-1.02570204657299e-11,2.37587727269783e-12
17.01,-8.19144823827091e-14,0.0790083585618619,-2.09622507695368e-13,-4.94928567493093e-15,1.18566077697131e-14,-1.83276535959168e-14,80.0000000000106,0.23778887340964,0.0790083585618914,7.47646502310553e-14,-2.95763413760102e-14,0.773758553262443,-6.38992652761473e-13,-9.77298959948564,-2.05850974727246e-14,-0.0429869122185295,1.24938539551573e-13,0,0,0,0,1,0.673086199299627,0.673086199299627,80.0000000000106,-1.02714127901416e-11,2.36610731008113e-12
17.02,-8.19784898750212e-14,0.079008358561862,-2.09806396657235e-13,-4.94948192434187e-15,1.18566012064262e-14,-1.8335409257433e-14,80.0000000000106,0.23778887340964,0.0790083585618914,7.4763505868374e-14,-2.94542168433015e-14,0.773758553262443,-6.38986364809853e-13,-9.77298959948564,-2.05850974727246e-14,-0.0429869122185295,1.24938539551573e-13,0,0,0,0,1,0.673086199299627,0.673086199299627,80.0000000000106,-1.02858113067313e-11,2.35633734746443e-12
17.03,-8.20425054700347e-14,0.0790083585618621,-2.09990363423453e-13,-4.94967805521284e-15,1.18565946431393e-14,-1.83431659231612e-14,80.0000000000106,0.23778887340964,0.0790083585618914,7.47623612586019e-14,-2.93320923105927e-14,0.773758553262443,-6.38980075268187e-13,-9.77298959948564,-2.05850974727246e-14,-0.0429869122185295,1.24938539551573e-13,0,0,0,0,1,0.673086199299627,0.673086199299627,80.0000000000106,-1.0300216016275e-11,2.34656738484773e-12
17.04,-8.21065291673621e-14,0.0790083585618622,-2.10174408004092e-13,-4.94987406809931e-15,1.18565880798523e-14,-1.83509235929673e-14,80.0000000000106,0.23778887340964,0.0790083585618914,7.47612164021426e-14,-2.91988655476377e-14,0.773758553262443,-6.38973784139596e-13,-9.77298959948564,-2.05850974727246e-14,-0.0429869122185295,1.24938539551573e-13,0,0,0,0,1,0.673086199299627,0.673086199299627,80.0000000000106,-1.03146269195488e-11,2.33590924381133e-12
17.05,-8.21705609666212e-14,0.0790083585618624,-2.10358530409227e-13,-4.95006996355455e-15,1.18565815165654e-14,-1.83586822667184e-14,80.0000000000106,0.23778887340964,0.0790083585618914,7.47600712993984e-14,-2.9076741014929e-14,0.773758553262443,-6.38967491427188e-13,-9.77298959948564,-2.05850974727246e-14,-0.0429869122185295,1.24938539551573e-13,0,0,0,0,1,0.673086199299627,0.673086199299627,80.0000000000106,-1.03290440173285e-11,2.32613928119463e-12
17.06,-8.22346008674352e-14,0.0790083585618625,-2.10542730648925e-13,-4.95026574212963e-15,1.18565749532785e-14,-1.83664419442824e-14,80.0000000000106,0.23778887340964,0.0790083585618914,7.47589259507696e-14,-2.8943514251974e-14,0.773758553262443,-6.38961197134058e-13,-9.77298959948564,-2.05850974727246e-14,-0.0429869122185295,1.24938539551573e-13,0,0,0,0,1,0.673086199299627,0.673086199299627,80.0000000000106,-1.03434673103902e-11,2.31548114015823e-12
17.07,-8.22986488694327e-14,0.0790083585618626,-2.10727008733257e-13,-4.95046140437339e-15,1.18567463020468e-14,-1.83742026255282e-14,80.0000000000106,0.23778887340964,0.0790083585618914,7.47577803566551e-14,-2.88213897192652e-14,0.773758553262443,-6.38954901263289e-13,-9.77298959948564,-2.05850974727246e-14,-0.0429869122185295,1.24938539551573e-13,0,0,0,0,1,0.673086199299627,0.673086199299627,80.0000000000106,-1.03578967995098e-11,2.30571117754153e-12
17.08,-8.23627049722479e-14,0.0790083585618627,-2.1091136467229e-13,-4.95065695083252e-15,1.18567397387599e-14,-1.8381964310326e-14,80.0000000000106,0.23778887340964,0.0790083585618914,7.47566345174518e-14,-2.86992651865565e-14,0.773758553262443,-6.38948603817949e-13,-9.77298959948564,-2.05850974727246e-14,-0.0429869122185295,1.24938539551573e-13,0,0,0,0,1,0.673086199299627,0.673086199299627,80.0000000000106,-1.03723324854632e-11,2.29594121492482e-12
17.09,-8.242676917552e-14,0.0790083585618629,-2.11095798476091e-13,-4.95085238205151e-15,1.1856733175473e-14,-1.83897269985466e-14,80.0000000000106,0.23778887340964,0.0790083585618914,7.47554884335554e-14,-2.85660384236015e-14,0.773758553262443,-6.38942304801097e-13,-9.77298959948564,-2.05850974727246e-14,-0.0429869122185295,1.24938539551573e-13,0,0,0,0,1,0.673086199299627,0.673086199299627,80.0000000000106,-1.03867743690264e-11,2.28528307388842e-12
17.1,-8.24908414788938e-14,0.079008358561863,-2.11280310154723e-13,-4.95104769857268e-15,1.18567266121861e-14,-1.8397490690062e-14,80.0000000000106,0.23778887340964,0.0790083585618914,7.47543421053595e-14,-2.84439138908927e-14,0.773758553262443,-6.38936004215777e-13,-9.77298959948564,-2.05850974727246e-14,-0.0429869122185295,1.24938539551573e-13,0,0,0,0,1,0.673086199299627,0.673086199299627,80.0000000000106,-1.04012224509753e-11,2.27551311127172e-12
17.11,-8.25549218820192e-14,0.0790083585618631,-2.11464899718251e-13,-4.95124290093621e-15,1.18567200488991e-14,-1.84052553847452e-14,80.0000000000106,0.23778887340964,0.0790083585618914,7.47531955332563e-14,-2.8321789358184e-14,0.773758553262443,-6.3892970206502e-13,-9.77298959948564,-2.05850974727246e-14,-0.0429869122185295,1.24938539551573e-13,0,0,0,0,1,0.673086199299627,0.673086199299627,80.0000000000106,-1.04156767320858e-11,2.26574314865502e-12
17.12,-8.26190103845516e-14,0.0790083585618632,-2.11649567176738e-13,-4.9514379896801e-15,1.18567134856122e-14,-1.84130210824702e-14,80.0000000000106,0.23778887340964,0.0790083585618914,7.47520487176362e-14,-2.81996648254752e-14,0.773758553262443,-6.38923398351845e-13,-9.77298959948564,-2.05850974727246e-14,-0.0429869122185295,1.24938539551573e-13,0,0,0,0,1,0.673086199299627,0.673086199299627,80.0000000000106,-1.0430137213134e-11,2.25597318603832e-12
17.13,-8.26831069861516e-14,0.0790083585618634,-2.11834312540244e-13,-4.95163296534021e-15,1.18567069223253e-14,-1.84207877831117e-14,80.0000000000106,0.23778887340964,0.0790083585618914,7.47509016588882e-14,-2.80775402927665e-14,0.773758553262443,-6.38917093079259e-13,-9.77298959948564,-2.05850974727246e-14,-0.0429869122185295,1.24938539551573e-13,0,0,0,0,1,0.673086199299627,0.673086199299627,80.0000000000106,-1.04446038948957e-11,2.24620322342162e-12
17.14,-8.2747211686485e-14,0.0790083585618635,-2.1201913581883e-13,-4.95182782845028e-15,1.18567003590384e-14,-1.84285554865457e-14,80.0000000000106,0.23778887340964,0.0790083585618914,7.47497543573995e-14,-2.79443135298115e-14,0.773758553262443,-6.38910786250258e-13,-9.77298959948564,-2.05850974727246e-14,-0.0429869122185295,1.24938539551573e-13,0,0,0,0,1,0.673086199299627,0.673086199299627,80.0000000000106,-1.04590767781468e-11,2.23554508238522e-12
17.15,-8.28113244852228e-14,0.0790083585618636,-2.12204037022554e-13,-4.95202257954192e-15,1.18566937957515e-14,-1.84363241926491e-14,80.0000000000106,0.23778887340964,0.0790083585618914,7.47486068135557e-14,-2.78221889971027e-14,0.773758553262443,-6.38904477867821e-13,-9.77298959948564,-2.05850974727246e-14,-0.0429869122185295,1.24938539551573e-13,0,0,0,0,1,0.673086199299627,0.673086199299627,80.0000000000106,-1.04735558636633e-11,2.22577511976851e-12
17.16,-8.28754453820412e-14,0.0790083585618637,-2.12389016161473e-13,-4.95221721914461e-15,1.18566872324646e-14,-1.84440939012996e-14,80.0000000000106,0.23778887340964,0.0790083585618914,7.47474590277408e-14,-2.77111666946402e-14,0.773758553262443,-6.3889816793492e-13,-9.77298959948564,-2.05850974727246e-14,-0.0429869122185295,1.24938539551573e-13,0,0,0,0,1,0.673086199299627,0.673086199299627,80.0000000000106,-1.04880411522211e-11,2.21689333557151e-12
17.17,-8.29395743766219e-14,0.0790083585618639,-2.12574073245645e-13,-4.95241174778573e-15,1.18566806691777e-14,-1.84518646123761e-14,80.0000000000106,0.23778887340964,0.0790083585618914,7.47463110003371e-14,-2.75779399316852e-14,0.773758553262443,-6.3889185645451e-13,-9.77298959948564,-2.05850974727246e-14,-0.0429869122185295,1.24938539551573e-13,0,0,0,0,1,0.673086199299627,0.673086199299627,80.0000000000106,-1.0502532644596e-11,2.20623519453511e-12
17.18,-8.30037114686513e-14,0.079008358561864,-2.12759208285123e-13,-4.95260616599054e-15,1.18566741058908e-14,-1.84596363257582e-14,80.0000000000106,0.23778887340964,0.0790083585618914,7.47451627317255e-14,-2.74558153989765e-14,0.773758553262443,-6.38885543429539e-13,-9.77298959948564,-2.05850974727246e-14,-0.0429869122185295,1.24938539551573e-13,0,0,0,0,1,0.673086199299627,0.673086199299627,80.0000000000106,-1.05170303415642e-11,2.19646523191841e-12
17.19,-8.30678566578212e-14,0.0790083585618641,-2.12944421289962e-13,-4.95280047428223e-15,1.18566675426039e-14,-1.84674090413266e-14,80.0000000000106,0.23778887340964,0.0790083585618914,7.47440142222852e-14,-2.73336908662677e-14,0.773758553262443,-6.38879228862937e-13,-9.77298959948564,-2.05850974727246e-14,-0.0429869122185295,1.24938539551573e-13,0,0,0,0,1,0.673086199299627,0.673086199299627,80.0000000000106,-1.05315342439013e-11,2.18669526930171e-12
17.2,-8.31320099438285e-14,0.0790083585618642,-2.13129712270214e-13,-4.95299467318191e-15,1.18566568678806e-14,-1.8475182758963e-14,80.0000000000106,0.23778887340964,0.0790083585618914,7.47428654723937e-14,-2.72004641033127e-14,0.773758553262443,-6.38872912757627e-13,-9.77298959948564,-2.05850974727246e-14,-0.0429869122185295,1.24938539551573e-13,0,0,0,0,1,0.673086199299627,0.673086199299627,80.0000000000106,-1.05460443523834e-11,2.17603712826531e-12
17.21,-8.31961713263753e-14,0.0790083585618644,-2.13315081235931e-13,-4.95318876320857e-15,1.18566461931573e-14,-1.84829574785499e-14,80.0000000000106,0.23778887340964,0.0790083585618914,7.47417164824271e-14,-2.7078339570604e-14,0.773758553262443,-6.38866595116516e-13,-9.77298959948564,-2.05850974727246e-14,-0.0429869122185295,1.24938539551573e-13,0,0,0,0,1,0.673086199299627,0.673086199299627,80.0000000000106,-1.05605606677864e-11,2.16626716564861e-12
17.22,-8.32603408051685e-14,0.0790083585618645,-2.13500528197163e-13,-4.95338274487919e-15,1.18566355184339e-14,-1.8490733199971e-14,80.0000000000106,0.23778887340964,0.0790083585618914,7.47405672527597e-14,-2.69562150378952e-14,0.773758553262443,-6.38860275942502e-13,-9.77298959948564,-2.05850974727246e-14,-0.0429869122185295,1.24938539551573e-13,0,0,0,0,1,0.673086199299627,0.673086199299627,80.0000000000106,-1.05750831908862e-11,2.1564972030319e-12
17.23,-8.33245183799204e-14,0.0790083585618646,-2.13686053163959e-13,-4.95357661870865e-15,1.18566248437106e-14,-1.84985099231105e-14,80.0000000000106,0.23778887340964,0.0790083585618914,7.47394177837646e-14,-2.68340905051865e-14,0.773758553262443,-6.38853955238468e-13,-9.77298959948564,-2.05850974727246e-14,-0.0429869122185295,1.24938539551573e-13,0,0,0,0,1,0.673086199299627,0.673086199299627,80.0000000000106,-1.05896119224587e-11,2.1467272404152e-12
17.24,-8.33887040503482e-14,0.0790083585618647,-2.13871656146367e-13,-4.95377038520979e-15,1.18566182804237e-14,-1.8506287647854e-14,80.0000000000106,0.23778887340964,0.0790083585618914,7.4738268075813e-14,-2.67008637422315e-14,0.773758553262443,-6.38847633007288e-13,-9.77298959948564,-2.05850974727246e-14,-0.0429869122185295,1.24938539551573e-13,0,0,0,0,1,0.673086199299627,0.673086199299627,80.0000000000106,-1.06041468632798e-11,2.1360690993788e-12
17.25,-8.3452897816174e-14,0.0790083585618649,-2.14057337154434e-13,-4.95396404489341e-15,1.18566117171368e-14,-1.85140663740878e-14,80.0000000000106,0.23778887340964,0.0790083585618914,7.47371181292746e-14,-2.65787392095227e-14,0.773758553262443,-6.38841309251823e-13,-9.77298959948564,-2.05850974727246e-14,-0.0429869122185295,1.24938539551573e-13,0,0,0,0,1,0.673086199299627,0.673086199299627,80.0000000000106,-1.06186880141254e-11,2.1262991367621e-12
17.26,-8.35170996771252e-14,0.079008358561865,-2.14243096198206e-13,-4.95415759826826e-15,1.18566051538499e-14,-1.8521846101699e-14,80.0000000000106,0.23778887340964,0.0790083585618914,7.47359679445176e-14,-2.6456614676814e-14,0.773758553262443,-6.38834983974921e-13,-9.77298959948564,-2.05850974727246e-14,-0.0429869122185295,1.24938539551573e-13,0,0,0,0,1,0.673086199299627,0.673086199299627,80.0000000000106,-1.06332353757715e-11,2.1165291741454e-12
17.27,-8.35813096329339e-14,0.0790083585618651,-2.14428933287727e-13,-4.95435104584109e-15,1.1856598590563e-14,-1.8529626830576e-14,80.0000000000106,0.23778887340964,0.0790083585618914,7.47348175219088e-14,-2.63344901441052e-14,0.773758553262443,-6.38828657179419e-13,-9.77298959948564,-2.05850974727246e-14,-0.0429869122185295,1.24938539551573e-13,0,0,0,0,1,0.673086199299627,0.673086199299627,80.0000000000106,-1.0647788948994e-11,2.1067592115287e-12
17.28,-8.36455276833374e-14,0.0790083585618652,-2.14614848433041e-13,-4.95454438811661e-15,1.18565920272761e-14,-1.85374085606077e-14,80.0000000000106,0.23778887340964,0.0790083585618914,7.47336668618131e-14,-2.62123656113965e-14,0.773758553262443,-6.38822328868144e-13,-9.77298959948564,-2.05850974727246e-14,-0.0429869122185295,1.24938539551573e-13,0,0,0,0,1,0.673086199299627,0.673086199299627,80.0000000000106,-1.06623487345689e-11,2.096989248912e-12
17.29,-8.37097538280778e-14,0.0790083585618654,-2.14800841644189e-13,-4.95473762559753e-15,1.18565854639892e-14,-1.85451912916842e-14,80.0000000000106,0.23778887340964,0.0790083585618914,7.47325159645942e-14,-2.60791388484415e-14,0.773758553262443,-6.38815999043908e-13,-9.77298959948564,-2.05850974727246e-14,-0.0429869122185295,1.24938539551573e-13,0,0,0,0,1,0.673086199299627,0.673086199299627,80.0000000000106,-1.06769147332719e-11,2.08633110787559e-12
17.3,-8.37739880669021e-14,0.0790083585618655,-2.14986912931213e-13,-4.95493075878454e-15,1.18565789007023e-14,-1.85529750236965e-14,80.0000000000106,0.23778887340964,0.0790083585618914,7.47313648306142e-14,-2.59570143157327e-14,0.773758553262443,-6.38809667709513e-13,-9.77298959948564,-2.05850974727246e-14,-0.0429869122185295,1.24938539551573e-13,0,0,0,0,1,0.673086199299627,0.673086199299627,80.0000000000106,-1.06914869458791e-11,2.07656114525889e-12
17.31,-8.38382303995623e-14,0.0790083585618656,-2.15173062304154e-13,-4.95512378817635e-15,1.18565723374154e-14,-1.85607597565363e-14,80.0000000000106,0.23778887340964,0.0790083585618914,7.47302134602336e-14,-2.5834889783024e-14,0.773758553262443,-6.38803334867751e-13,-9.77298959948564,-2.05850974727246e-14,-0.0429869122185295,1.24938539551573e-13,0,0,0,0,1,0.673086199299627,0.673086199299627,80.0000000000106,-1.07060653731664e-11,2.06679118264219e-12
17.32,-8.39024808258154e-14,0.0790083585618657,-2.1535928977305e-13,-4.95531671426969e-15,1.18567436861836e-14,-1.85685454900965e-14,80.0000000000106,0.23778887340964,0.0790083585618914,7.47290618538113e-14,-2.57127652503152e-14,0.773758553262443,-6.38797000521399e-13,-9.77298959948564,-2.05850974727246e-14,-0.0429869122185295,1.24938539551573e-13,0,0,0,0,1,0.673086199299627,0.673086199299627,80.0000000000106,-1.07206500159098e-11,2.05702122002549e-12
17.33,-8.39667393454231e-14,0.0790083585618659,-2.1554559534794e-13,-4.95550953755929e-15,1.18567371228967e-14,-1.85763322242705e-14,80.0000000000106,0.23778887340964,0.0790083585618914,7.4727910011705e-14,-2.55795384873602e-14,0.773758553262443,-6.38790664673226e-13,-9.77298959948564,-2.05850974727246e-14,-0.0429869122185295,1.24938539551573e-13,0,0,0,0,1,0.673086199299627,0.673086199299627,80.0000000000106,-1.07352408748852e-11,2.04636307898909e-12
17.34,-8.4031005958152e-14,0.079008358561866,-2.15731979038859e-13,-4.95570225853793e-15,1.18567305596098e-14,-1.85841199589531e-14,80.0000000000106,0.23778887340964,0.0790083585618914,7.47267579342706e-14,-2.54574139546515e-14,0.773758553262443,-6.38784327325987e-13,-9.77298959948564,-2.05850974727246e-14,-0.0429869122185295,1.24938539551573e-13,0,0,0,0,1,0.673086199299627,0.673086199299627,80.0000000000106,-1.07498379508684e-11,2.03659311637239e-12
17.35,-8.40952806637734e-14,0.0790083585618661,-2.15918440855845e-13,-4.95589487769641e-15,1.18567239963229e-14,-1.85919086940397e-14,80.0000000000106,0.23778887340964,0.0790083585618914,7.47256056218626e-14,-2.53352894219427e-14,0.773758553262443,-6.38777988482426e-13,-9.77298959948564,-2.05850974727246e-14,-0.0429869122185295,1.24938539551573e-13,0,0,0,0,1,0.673086199299627,0.673086199299627,80.0000000000106,-1.07644412446356e-11,2.02682315375569e-12
17.36,-8.41595634620638e-14,0.0790083585618662,-2.16104980808932e-13,-4.95608739552359e-15,1.1856717433036e-14,-1.85996984294264e-14,80.0000000000106,0.23778887340964,0.0790083585618914,7.4724453074834e-14,-2.5213164889234e-14,0.773758553262443,-6.38771648145277e-13,-9.77298959948564,-2.05850974727246e-14,-0.0429869122185295,1.24938539551573e-13,0,0,0,0,1,0.673086199299627,0.673086199299627,80.0000000000106,-1.07790507569626e-11,2.01705319113898e-12
17.37,-8.42238543528041e-14,0.0790083585618664,-2.16291598908153e-13,-4.95627981250637e-15,1.18567108697491e-14,-1.86074891650107e-14,80.0000000000106,0.23778887340964,0.0790083585618914,7.47233002935364e-14,-2.50910403565252e-14,0.773758553262443,-6.38765306317261e-13,-9.77298959948564,-2.05850974727246e-14,-0.0429869122185295,1.24938539551573e-13,0,0,0,0,1,0.673086199299627,0.673086199299627,80.0000000000106,-1.07936664886254e-11,2.00728322852228e-12
17.38,-8.42881533357801e-14,0.0790083585618665,-2.16478295163542e-13,-4.95647212912972e-15,1.18567043064622e-14,-1.86152809006906e-14,80.0000000000106,0.23778887340964,0.0790083585618914,7.47221472783199e-14,-2.49578135935702e-14,0.773758553262443,-6.38758963001088e-13,-9.77298959948564,-2.05850974727246e-14,-0.0429869122185295,1.24938539551573e-13,0,0,0,0,1,0.673086199299627,0.673086199299627,80.0000000000106,-1.08082884404e-11,1.99662508748588e-12
17.39,-8.43524604107825e-14,0.0790083585618666,-2.1666506958513e-13,-4.95666434587667e-15,1.18566977431752e-14,-1.8623073636365e-14,80.0000000000106,0.23778887340964,0.0790083585618914,7.4720994029533e-14,-2.48356890608615e-14,0.773758553262443,-6.38752618199459e-13,-9.77298959948564,-2.05850974727246e-14,-0.0429869122185295,1.24938539551573e-13,0,0,0,0,1,0.673086199299627,0.673086199299627,80.0000000000106,-1.08229166130623e-11,1.98685512486918e-12
17.4,-8.44167755776066e-14,0.0790083585618667,-2.16851922182948e-13,-4.95685646322833e-15,1.18566911798883e-14,-1.86308673719339e-14,80.0000000000106,0.23778887340964,0.0790083585618914,7.47198405475228e-14,-2.47024622979065e-14,0.773758553262443,-6.3874627191506e-13,-9.77298959948564,-2.05850974727246e-14,-0.0429869122185295,1.24938539551573e-13,0,0,0,0,1,0.673086199299627,0.673086199299627,80.0000000000106,-1.08375510073883e-11,1.97619698383278e-12
17.41,-8.44810988360524e-14,0.0790083585618669,-2.17038852967025e-13,-4.95704848166389e-15,1.18566846166014e-14,-1.86386621072979e-14,80.0000000000106,0.23778887340964,0.0790083585618914,7.4718686832635e-14,-2.45803377651977e-14,0.773758553262443,-6.38739924150569e-13,-9.77298959948564,-2.05850974727246e-14,-0.0429869122185295,1.24938539551573e-13,0,0,0,0,1,0.673086199299627,0.673086199299627,80.0000000000106,-1.08521916241541e-11,1.96642702121608e-12
17.42,-8.45454301859246e-14,0.079008358561867,-2.17225861947391e-13,-4.95724040166065e-15,1.18566780533145e-14,-1.86464578423588e-14,80.0000000000106,0.23778887340964,0.0790083585618914,7.47175328852139e-14,-2.4458213232489e-14,0.773758553262443,-6.38733574908651e-13,-9.77298959948564,-2.05850974727246e-14,-0.0429869122185295,1.24938539551573e-13,0,0,0,0,1,0.673086199299627,0.673086199299627,80.0000000000106,-1.08668384641356e-11,1.95665705859938e-12
17.43,-8.46097696270328e-14,0.0790083585618671,-2.17412949134074e-13,-4.95743222369398e-15,1.18566714900276e-14,-1.86542545770188e-14,80.0000000000106,0.23778887340964,0.0790083585618914,7.4716378705602e-14,-2.4324986469534e-14,0.773758553262443,-6.3872722419196e-13,-9.77298959948564,-2.05850974727246e-14,-0.0429869122185295,1.24938539551573e-13,0,0,0,0,1,0.673086199299627,0.673086199299627,80.0000000000106,-1.08814915281088e-11,1.94599891756297e-12
17.44,-8.46741171591911e-14,0.0790083585618672,-2.17600114537099e-13,-4.95762394823737e-15,1.18566649267407e-14,-1.86620523111815e-14,80.0000000000106,0.23778887340964,0.0790083585618914,7.47152242941409e-14,-2.42028619368252e-14,0.773758553262443,-6.38720872003142e-13,-9.77298959948564,-2.05850974727246e-14,-0.0429869122185295,1.24938539551573e-13,0,0,0,0,1,0.673086199299627,0.673086199299627,80.0000000000106,-1.08961508168497e-11,1.93622895494627e-12
17.45,-8.47384727822182e-14,0.0790083585618674,-2.17787358166493e-13,-4.95781557576243e-15,1.18566542520174e-14,-1.8669851044751e-14,80.0000000000106,0.23778887340964,0.0790083585618914,7.47140696511702e-14,-2.40807374041164e-14,0.773758553262443,-6.38714518344827e-13,-9.77298959948564,-2.05850974727246e-14,-0.0429869122185295,1.24938539551573e-13,0,0,0,0,1,0.673086199299627,0.673086199299627,80.0000000000106,-1.09108163311343e-11,1.92645899232957e-12
17.46,-8.48028364959374e-14,0.0790083585618675,-2.17974680032281e-13,-4.95800710673888e-15,1.18566435772941e-14,-1.86776507776323e-14,80.0000000000106,0.23778887340964,0.0790083585618914,7.47129147770286e-14,-2.39586128714077e-14,0.773758553262443,-6.38708163219639e-13,-9.77298959948564,-2.05850974727246e-14,-0.0429869122185295,1.24938539551573e-13,0,0,0,0,1,0.673086199299627,0.673086199299627,80.0000000000106,-1.09254880717388e-11,1.91668902971287e-12
17.47,-8.48672083001768e-14,0.0790083585618676,-2.18162080144486e-13,-4.95819854163459e-15,1.18566329025708e-14,-1.86854515097313e-14,80.0000000000106,0.23778887340964,0.0790083585618914,7.47117596720529e-14,-2.38253861084527e-14,0.773758553262443,-6.38701806630186e-13,-9.77298959948564,-2.05850974727246e-14,-0.0429869122185295,1.24938539551573e-13,0,0,0,0,1,0.673086199299627,0.673086199299627,80.0000000000106,-1.0940166039439e-11,1.90603088867647e-12
17.48,-8.49315881947691e-14,0.0790083585618677,-2.18349558513132e-13,-4.95838988091554e-15,1.18566222278475e-14,-1.86932532409549e-14,80.0000000000106,0.23778887340964,0.0790083585618914,7.47106043365788e-14,-2.37032615757439e-14,0.773758553262443,-6.38695448579071e-13,-9.77298959948564,-2.05850974727246e-14,-0.0429869122185295,1.24938539551573e-13,0,0,0,0,1,0.673086199299627,0.673086199299627,80.0000000000106,-1.09548502350112e-11,1.89626092605977e-12
17.49,-8.49959761795513e-14,0.0790083585618679,-2.1853711514824e-13,-4.95858112504587e-15,1.18566156645606e-14,-1.87010559712106e-14,80.0000000000106,0.23778887340964,0.0790083585618914,7.47094487709404e-14,-2.35811370430352e-14,0.773758553262443,-6.38689089068881e-13,-9.77298959948564,-2.05850974727246e-14,-0.0429869122185295,1.24938539551573e-13,0,0,0,0,1,0.673086199299627,0.673086199299627,80.0000000000106,-1.09695406592312e-11,1.88649096344307e-12
17.5,-8.50603722543652e-14,0.079008358561868,-2.18724750059832e-13,-4.95877227448787e-15,1.18566091012736e-14,-1.87088597004069e-14,80.0000000000106,0.23778887340964,0.0790083585618914,7.47082929754706e-14,-2.34590125103264e-14,0.773758553262443,-6.38682728102195e-13,-9.77298959948564,-2.05850974727246e-14,-0.0429869122185295,1.24938539551573e-13,0,0,0,0,1,0.673086199299627,0.673086199299627,80.0000000000106,-1.09842373128753e-11,1.87672100082636e-12
17.51,-8.51247764190572e-14,0.0790083585618681,-2.18912463257928e-13,-4.95896332970198e-15,1.18566025379867e-14,-1.8716664428453e-14,80.0000000000106,0.23778887340964,0.0790083585618914,7.47071369505007e-14,-2.33368879776177e-14,0.773758553262443,-6.38676365681581e-13,-9.77298959948564,-2.05850974727246e-14,-0.0429869122185295,1.24938539551573e-13,0,0,0,0,1,0.673086199299627,0.673086199299627,80.0000000000106,-1.09989401967194e-11,1.86695103820966e-12
17.52,-8.51891886734779e-14,0.0790083585618682,-2.19100254752548e-13,-4.95915429114682e-15,1.18565959746998e-14,-1.87244701552591e-14,80.0000000000106,0.23778887340964,0.0790083585618914,7.47059806963606e-14,-2.32147634449089e-14,0.773758553262443,-6.38670001809596e-13,-9.77298959948564,-2.05850974727246e-14,-0.0429869122185295,1.24938539551573e-13,0,0,0,0,1,0.673086199299627,0.673086199299627,80.0000000000106,-1.10136493115396e-11,1.85718107559296e-12
17.53,-8.52536090174827e-14,0.0790083585618684,-2.19288124553709e-13,-4.95934515927918e-15,1.18565894114129e-14,-1.87322768807362e-14,80.0000000000106,0.23778887340964,0.0790083585618914,7.47048242133789e-14,-2.30815366819539e-14,0.773758553262443,-6.38663636488786e-13,-9.77298959948564,-2.05850974727246e-14,-0.0429869122185295,1.24938539551573e-13,0,0,0,0,1,0.673086199299627,0.673086199299627,80.0000000000106,-1.10283646581122e-11,1.84652293455656e-12
17.54,-8.53180374509314e-14,0.0790083585618685,-2.19476072671429e-13,-4.95953593455402e-15,1.1856582848126e-14,-1.8740084604796e-14,80.0000000000106,0.23778887340964,0.0790083585618914,7.47036675018828e-14,-2.29594121492452e-14,0.773758553262443,-6.38657269721687e-13,-9.77298959948564,-2.05850974727246e-14,-0.0429869122185295,1.24938539551573e-13,0,0,0,0,1,0.673086199299627,0.673086199299627,80.0000000000106,-1.1043086237213e-11,1.83675297193986e-12
17.55,-8.53824739736882e-14,0.0790083585618686,-2.19664099115725e-13,-4.9597266174245e-15,1.18565762848391e-14,-1.87478933273512e-14,80.0000000000106,0.23778887340964,0.0790083585618914,7.47025105621981e-14,-2.28372876165364e-14,0.773758553262443,-6.38650901510824e-13,-9.77298959948564,-2.05850974727246e-14,-0.0429869122185295,1.24938539551573e-13,0,0,0,0,1,0.673086199299627,0.673086199299627,80.0000000000106,-1.10578140496184e-11,1.82698300932316e-12
17.56,-8.5446918585622e-14,0.0790083585618687,-2.19852203896612e-13,-4.95991720834198e-15,1.18567476336073e-14,-1.87557030483152e-14,80.0000000000106,0.23778887340964,0.0790083585618914,7.47013533946493e-14,-2.27151630838277e-14,0.773758553262443,-6.38644531858711e-13,-9.77298959948564,-2.05850974727246e-14,-0.0429869122185295,1.24938539551573e-13,0,0,0,0,1,0.673086199299627,0.673086199299627,80.0000000000106,-1.10725480961044e-11,1.81721304670646e-12
17.57,-8.55113712866057e-14,0.0790083585618689,-2.20040387024107e-13,-4.96010770775601e-15,1.18567410703204e-14,-1.87635137676022e-14,80.0000000000106,0.23778887340964,0.0790083585618914,7.47001959995594e-14,-2.25930385511189e-14,0.773758553262443,-6.38638160767854e-13,-9.77298959948564,-2.05850974727246e-14,-0.0429869122185295,1.24938539551573e-13,0,0,0,0,1,0.673086199299627,0.673086199299627,80.0000000000106,-1.10872883774472e-11,1.80744308408975e-12
17.58,-8.55758320765171e-14,0.079008358561869,-2.20228648508221e-13,-4.96029811611435e-15,1.18567345070335e-14,-1.87713254851275e-14,80.0000000000106,0.23778887340964,0.0790083585618914,7.46990383772501e-14,-2.24598117881639e-14,0.773758553262443,-6.38631788240745e-13,-9.77298959948564,-2.05850974727246e-14,-0.0429869122185295,1.24938539551573e-13,0,0,0,0,1,0.673086199299627,0.673086199299627,80.0000000000106,-1.1102034894423e-11,1.79678494305335e-12
17.59,-8.56403009552381e-14,0.0790083585618691,-2.20416988358969e-13,-4.96048843386299e-15,1.18567279437466e-14,-1.87791382008067e-14,80.0000000000106,0.23778887340964,0.0790083585618914,7.46978805280417e-14,-2.23376872554552e-14,0.773758553262443,-6.38625414279869e-13,-9.77298959948564,-2.05850974727246e-14,-0.0429869122185295,1.24938539551573e-13,0,0,0,0,1,0.673086199299627,0.673086199299627,80.0000000000106,-1.11167876478078e-11,1.78701498043665e-12
17.6,-8.5704777922655e-14,0.0790083585618692,-2.20605406586364e-13,-4.96067866144613e-15,1.18567213804597e-14,-1.87869519145567e-14,80.0000000000106,0.23778887340964,0.0790083585618914,7.46967224522532e-14,-2.22155627227464e-14,0.773758553262443,-6.38619038887698e-13,-9.77298959948564,-2.05850974727246e-14,-0.0429869122185295,1.24938539551573e-13,0,0,0,0,1,0.673086199299627,0.673086199299627,80.0000000000106,-1.11315466383779e-11,1.77724501781995e-12
17.61,-8.57692629786586e-14,0.0790083585618694,-2.20793903200416e-13,-4.96086879930622e-15,1.18567148171728e-14,-1.8794766626295e-14,80.0000000000106,0.23778887340964,0.0790083585618914,7.46955641502023e-14,-2.20934381900377e-14,0.773758553262443,-6.38612662066696e-13,-9.77298959948564,-2.05850974727246e-14,-0.0429869122185295,1.24938539551573e-13,0,0,0,0,1,0.673086199299627,0.673086199299627,80.0000000000106,-1.11463118669096e-11,1.76747505520325e-12
17.62,-8.5833756123144e-14,0.0790083585618695,-2.20982478211136e-13,-4.96105884788393e-15,1.18567082538859e-14,-1.88025823359399e-14,80.0000000000106,0.23778887340964,0.0790083585618914,7.46944056222052e-14,-2.19602114270827e-14,0.773758553262443,-6.38606283819314e-13,-9.77298959948564,-2.05850974727246e-14,-0.0429869122185295,1.24938539551573e-13,0,0,0,0,1,0.673086199299627,0.673086199299627,80.0000000000106,-1.11610833341789e-11,1.75681691416685e-12
17.63,-8.58982573560106e-14,0.0790083585618696,-2.21171131628534e-13,-4.96124880761818e-15,1.1856701690599e-14,-1.88103990434105e-14,80.0000000000106,0.23778887340964,0.0790083585618914,7.46932468685769e-14,-2.18269846641277e-14,0.773758553262443,-6.38599904147995e-13,-9.77298959948564,-2.05850974727246e-14,-0.0429869122185295,1.24938539551573e-13,0,0,0,0,1,0.673086199299627,0.673086199299627,80.0000000000106,-1.11758610409622e-11,1.74615877313045e-12
17.64,-8.59627666771621e-14,0.0790083585618697,-2.2135986346262e-13,-4.96143867894614e-15,1.18566951273121e-14,-1.88182167486267e-14,80.0000000000106,0.23778887340964,0.0790083585618914,7.4692087889631e-14,-2.17048601314189e-14,0.773758553262443,-6.38593523055172e-13,-9.77298959948564,-2.05850974727246e-14,-0.0429869122185295,1.24938539551573e-13,0,0,0,0,1,0.673086199299627,0.673086199299627,80.0000000000106,-1.11906449880357e-11,1.73638881051374e-12
17.65,-8.60272840865065e-14,0.0790083585618699,-2.21548673723401e-13,-4.96162846230326e-15,1.18566885640252e-14,-1.88260354515093e-14,80.0000000000106,0.23778887340964,0.0790083585618914,7.46909286856797e-14,-2.15827355987102e-14,0.773758553262443,-6.38587140543266e-13,-9.77298959948564,-2.05850974727246e-14,-0.0429869122185295,1.24938539551573e-13,0,0,0,0,1,0.673086199299627,0.673086199299627,80.0000000000106,-1.12054351761757e-11,1.72661884789704e-12
17.66,-8.60918095839561e-14,0.07900835856187,-2.21737562420885e-13,-4.96181815812323e-15,1.18566820007383e-14,-1.88338551519797e-14,80.0000000000106,0.23778887340964,0.0790083585618914,7.46897692570342e-14,-2.14606110660014e-14,0.773758553262443,-6.38580756614689e-13,-9.77298959948564,-2.05850974727246e-14,-0.0429869122185295,1.24938539551573e-13,0,0,0,0,1,0.673086199299627,0.673086199299627,80.0000000000106,-1.12202316061583e-11,1.71684888528034e-12
17.67,-8.61563431694276e-14,0.0790083585618701,-2.21926529565079e-13,-4.96200776683803e-15,1.18566754374513e-14,-1.88416758499603e-14,80.0000000000106,0.23778887340964,0.0790083585618914,7.4688609604004e-14,-2.13273843030464e-14,0.773758553262443,-6.38574371271844e-13,-9.77298959948564,-2.05850974727246e-14,-0.0429869122185295,1.24938539551573e-13,0,0,0,0,1,0.673086199299627,0.673086199299627,80.0000000000106,-1.123503427876e-11,1.70619074424394e-12
17.68,-8.62208848428418e-14,0.0790083585618702,-2.22115575165989e-13,-4.96219728887791e-15,1.18566688741644e-14,-1.88494975453741e-14,80.0000000000106,0.23778887340964,0.0790083585618914,7.46874497268974e-14,-2.12052597703377e-14,0.773758553262443,-6.38567984517121e-13,-9.77298959948564,-2.05850974727246e-14,-0.0429869122185295,1.24938539551573e-13,0,0,0,0,1,0.673086199299627,0.673086199299627,80.0000000000106,-1.1249843194757e-11,1.69642078162724e-12
17.69,-8.62854346041237e-14,0.0790083585618704,-2.22304699233619e-13,-4.96238672467141e-15,1.18566623108775e-14,-1.8857320238145e-14,80.0000000000106,0.23778887340964,0.0790083585618914,7.46862896260215e-14,-2.10831352376289e-14,0.773758553262443,-6.38561596352903e-13,-9.77298959948564,-2.05850974727246e-14,-0.0429869122185295,1.24938539551573e-13,0,0,0,0,1,0.673086199299627,0.673086199299627,80.0000000000106,-1.12646583549257e-11,1.68665081901054e-12
17.7,-8.63499924532027e-14,0.0790083585618705,-2.22493901777975e-13,-4.96257607464538e-15,1.18566516361542e-14,-1.88651439281977e-14,80.0000000000106,0.23778887340964,0.0790083585618914,7.46851293016821e-14,-2.09610107049202e-14,0.773758553262443,-6.38555206781562e-13,-9.77298959948564,-2.05850974727246e-14,-0.0429869122185295,1.24938539551573e-13,0,0,0,0,1,0.673086199299627,0.673086199299627,80.0000000000106,-1.12794797600423e-11,1.67688085639384e-12
17.71,-8.64145583900121e-14,0.0790083585618706,-2.2268318280906e-13,-4.96276533922494e-15,1.18566409614309e-14,-1.88729686154575e-14,80.0000000000106,0.23778887340964,0.0790083585618914,7.46839687541835e-14,-2.08388861722114e-14,0.773758553262443,-6.3854881580546e-13,-9.77298959948564,-2.05850974727246e-14,-0.0429869122185295,1.24938539551573e-13,0,0,0,0,1,0.673086199299627,0.673086199299627,80.0000000000106,-1.12943074108833e-11,1.66711089377714e-12
17.72,-8.64791324144896e-14,0.0790083585618707,-2.22872542336876e-13,-4.96295451883355e-15,1.18566302867076e-14,-1.88807942998506e-14,80.0000000000106,0.23778887340964,0.0790083585618914,7.4682807983829e-14,-2.07056594092564e-14,0.773758553262443,-6.38542423426949e-13,-9.77298959948564,-2.05850974727246e-14,-0.0429869122185295,1.24938539551573e-13,0,0,0,0,1,0.673086199299627,0.673086199299627,80.0000000000106,-1.1309141308225e-11,1.65645275274073e-12
17.73,-8.65437145265772e-14,0.0790083585618709,-2.23061980371427e-13,-4.96314361389296e-15,1.18566196119843e-14,-1.88886209813041e-14,80.0000000000106,0.23778887340964,0.0790083585618914,7.46816469909203e-14,-2.05835348765477e-14,0.773758553262443,-6.38536029648372e-13,-9.77298959948564,-2.05850974727246e-14,-0.0429869122185295,1.24938539551573e-13,0,0,0,0,1,0.673086199299627,0.673086199299627,80.0000000000106,-1.13239814528439e-11,1.64668279012403e-12
17.74,-8.66083047262208e-14,0.079008358561871,-2.23251496922712e-13,-4.96333262482326e-15,1.18566130486974e-14,-1.88964486597457e-14,80.0000000000106,0.23778887340964,0.0790083585618914,7.46804857757581e-14,-2.04503081135927e-14,0.773758553262443,-6.38529634472061e-13,-9.77298959948564,-2.05850974727246e-14,-0.0429869122185295,1.24938539551573e-13,0,0,0,0,1,0.673086199299627,0.673086199299627,80.0000000000106,-1.13388278455162e-11,1.63602464908763e-12
17.75,-8.66729030133704e-14,0.0790083585618711,-2.23441092000734e-13,-4.96352155204286e-15,1.18568795206478e-14,-1.89042773351038e-14,80.0000000000106,0.23778887340964,0.0790083585618914,7.46793243386417e-14,-2.03281835808839e-14,0.773758553262443,-6.38523237900339e-13,-9.77298959948564,-2.05850974727246e-14,-0.0429869122185295,1.24938539551573e-13,0,0,0,0,1,0.673086199299627,0.673086199299627,80.0000000000106,-1.13536804870185e-11,1.62625468647093e-12
17.76,-8.67375093879804e-14,0.0790083585618712,-2.23630765615492e-13,-4.96371039596849e-15,1.18570869661041e-14,-1.89121070073077e-14,80.0000000000106,0.23778887340964,0.0790083585618914,7.46781626798691e-14,-2.02060590481752e-14,0.773758553262443,-6.38516839935519e-13,-9.77298959948564,-2.05850974727246e-14,-0.0429869122185295,1.24938539551573e-13,0,0,0,0,1,0.673086199299627,0.673086199299627,80.0000000000106,-1.13685393781272e-11,1.61648472385423e-12
17.77,-8.68021238500091e-14,0.0790083585618714,-2.23820517776986e-13,-4.96389915701524e-15,1.18572944115604e-14,-1.89199376762874e-14,80.0000000000106,0.23778887340964,0.0790083585618914,7.46770007997371e-14,-2.00728322852202e-14,0.773758553262443,-6.38510440579905e-13,-9.77298959948564,-2.05850974727246e-14,-0.0429869122185295,1.24938539551573e-13,0,0,0,0,1,0.673086199299627,0.673086199299627,80.0000000000106,-1.13834045196187e-11,1.60582658281783e-12
17.78,-8.68667463994189e-14,0.0790083585618715,-2.24010348495213e-13,-4.96408783559656e-15,1.18575018570168e-14,-1.89277693419737e-14,80.0000000000106,0.23778887340964,0.0790083585618914,7.46758386985412e-14,-1.99507077525114e-14,0.773758553262443,-6.38504039835791e-13,-9.77298959948564,-2.05850974727246e-14,-0.0429869122185295,1.24938539551573e-13,0,0,0,0,1,0.673086199299627,0.673086199299627,80.0000000000106,-1.13982759122696e-11,1.59605662020113e-12
17.79,-8.69313770361763e-14,0.0790083585618716,-2.24200257780173e-13,-4.96427643212422e-15,1.18577093024731e-14,-1.89356020042982e-14,80.0000000000106,0.23778887340964,0.0790083585618914,7.46746763765757e-14,-1.98285832198027e-14,0.773758553262443,-6.38497637705461e-13,-9.77298959948564,-2.05850974727246e-14,-0.0429869122185295,1.24938539551573e-13,0,0,0,0,1,0.673086199299627,0.673086199299627,80.0000000000106,-1.14131535568563e-11,1.58628665758442e-12
17.8,-8.69960157602519e-14,0.0790083585618717,-2.24390245641861e-13,-4.96446494700837e-15,1.18579167479294e-14,-1.89434356631931e-14,80.0000000000106,0.23778887340964,0.0790083585618914,7.46735138341336e-14,-1.97064586870939e-14,0.773758553262443,-6.3849123419119e-13,-9.77298959948564,-2.05850974727246e-14,-0.0429869122185295,1.24938539551573e-13,0,0,0,0,1,0.673086199299627,0.673086199299627,80.0000000000106,-1.14280374541554e-11,1.57651669496772e-12
17.81,-8.70606625716203e-14,0.0790083585618719,-2.24580312090276e-13,-4.96465338065754e-15,1.18581241933857e-14,-1.89512703185914e-14,80.0000000000106,0.23778887340964,0.0790083585618914,7.46723510715066e-14,-1.95732319241389e-14,0.773758553262443,-6.38484829295243e-13,-9.77298959948564,-2.05850974727246e-14,-0.0429869122185295,1.24938539551573e-13,0,0,0,0,1,0.673086199299627,0.673086199299627,80.0000000000106,-1.14429276049434e-11,1.56585855393132e-12
17.82,-8.712531747026e-14,0.079008358561872,-2.24770457135412e-13,-4.96484173347861e-15,1.1858331638842e-14,-1.89591059704269e-14,80.0000000000106,0.23778887340964,0.0790083585618914,7.46711880889853e-14,-1.94511073914302e-14,0.773758553262443,-6.38478423019876e-13,-9.77298959948564,-2.05850974727246e-14,-0.0429869122185295,1.24938539551573e-13,0,0,0,0,1,0.673086199299627,0.673086199299627,80.0000000000106,-1.14578240099969e-11,1.55608859131462e-12
17.83,-8.71899804561538e-14,0.0790083585618721,-2.24960680787264e-13,-4.96503000587686e-15,1.18585390842983e-14,-1.8966942618634e-14,80.0000000000106,0.23778887340964,0.0790083585618914,7.46700248868589e-14,-1.93289828587214e-14,0.773758553262443,-6.38472015367335e-13,-9.77298959948564,-2.05850974727246e-14,-0.0429869122185295,1.24938539551573e-13,0,0,0,0,1,0.673086199299627,0.673086199299627,80.0000000000106,-1.14727266700924e-11,1.54631862869792e-12
17.84,-8.72546515292883e-14,0.0790083585618722,-2.25150983055829e-13,-4.96521819825595e-15,1.18587465297547e-14,-1.89747802631482e-14,80.0000000000106,0.23778887340964,0.0790083585618914,7.46688614654155e-14,-1.92068583260127e-14,0.773758553262443,-6.38465606339858e-13,-9.77298959948564,-2.05850974727246e-14,-0.0429869122185295,1.24938539551573e-13,0,0,0,0,1,0.673086199299627,0.673086199299627,80.0000000000106,-1.14876355860067e-11,1.53654866608122e-12
17.85,-8.7319330689654e-14,0.0790083585618724,-2.25341363951098e-13,-4.96540631101793e-15,1.1858953975211e-14,-1.89826189039052e-14,80.0000000000106,0.23778887340964,0.0790083585618914,7.4667697824942e-14,-1.90847337933039e-14,0.773758553262443,-6.38459195939673e-13,-9.77298959948564,-2.05850974727246e-14,-0.0429869122185295,1.24938539551573e-13,0,0,0,0,1,0.673086199299627,0.673086199299627,80.0000000000106,-1.15025507585162e-11,1.52677870346452e-12
17.86,-8.73840179372455e-14,0.0790083585618725,-2.25531823483066e-13,-4.96559434456325e-15,1.18591614206673e-14,-1.89904585408419e-14,80.0000000000106,0.23778887340964,0.0790083585618914,7.4666533965724e-14,-1.89515070303489e-14,0.773758553262443,-6.38452784168996e-13,-9.77298959948564,-2.05850974727246e-14,-0.0429869122185295,1.24938539551573e-13,0,0,0,0,1,0.673086199299627,0.673086199299627,80.0000000000106,-1.15174721883976e-11,1.51612056242811e-12
17.87,-8.74487132720614e-14,0.0790083585618726,-2.25722361661726e-13,-4.96578229929078e-15,1.18593688661236e-14,-1.89982991738957e-14,80.0000000000106,0.23778887340964,0.0790083585618914,7.46653698880459e-14,-1.88404847278864e-14,0.773758553262443,-6.38446371030038e-13,-9.77298959948564,-2.05850974727246e-14,-0.0429869122185295,1.24938539551573e-13,0,0,0,0,1,0.673086199299627,0.673086199299627,80.0000000000106,-1.15323998764277e-11,1.50723877823111e-12
17.88,-8.75134166941041e-14,0.0790083585618727,-2.25912978497068e-13,-4.96597017559779e-15,1.18595763115799e-14,-1.90061408030047e-14,80.0000000000106,0.23778887340964,0.0790083585618914,7.46642055921908e-14,-1.87183601951777e-14,0.773758553262443,-6.38439956524997e-13,-9.77298959948564,-2.05850974727246e-14,-0.0429869122185295,1.24938539551573e-13,0,0,0,0,1,0.673086199299627,0.673086199299627,80.0000000000106,-1.15473338233831e-11,1.49746881561441e-12
17.89,-8.75781282033799e-14,0.0790083585618729,-2.26103673999086e-13,-4.96615797387997e-15,1.18597837570362e-14,-1.90139834281079e-14,80.0000000000106,0.23778887340964,0.0790083585618914,7.46630410784407e-14,-1.85962356624689e-14,0.773758553262443,-6.38433540656066e-13,-9.77298959948564,-2.05850974727246e-14,-0.0429869122185295,1.24938539551573e-13,0,0,0,0,1,0.673086199299627,0.673086199299627,80.0000000000106,-1.15622740300404e-11,1.48769885299771e-12
17.9,-8.76428477998991e-14,0.079008358561873,-2.26294448177769e-13,-4.96634569453144e-15,1.18599912024926e-14,-1.90218270491447e-14,80.0000000000106,0.23778887340964,0.0790083585618914,7.46618763470765e-14,-1.84741111297602e-14,0.773758553262443,-6.38427123425425e-13,-9.77298959948564,-2.05850974727246e-14,-0.0429869122185295,1.24938539551573e-13,0,0,0,0,1,0.673086199299627,0.673086199299627,80.0000000000106,-1.15772204971766e-11,1.47792889038101e-12
17.91,-8.77075754836758e-14,0.0790083585618731,-2.26485301043107e-13,-4.96653333794475e-15,1.18601986479489e-14,-1.90296716660557e-14,80.0000000000106,0.23778887340964,0.0790083585618914,7.46607113983777e-14,-1.83519865970514e-14,0.773758553262443,-6.38420704835247e-13,-9.77298959948564,-2.05850974727246e-14,-0.0429869122185295,1.24938539551573e-13,0,0,0,0,1,0.673086199299627,0.673086199299627,80.0000000000106,-1.15921732255682e-11,1.46815892776431e-12
17.92,-8.77723112547281e-14,0.0790083585618732,-2.26676232605092e-13,-4.96672090451089e-15,1.18604060934052e-14,-1.90375172787818e-14,80.0000000000106,0.23778887340964,0.0790083585618914,7.46595462326228e-14,-1.82187598340964e-14,0.773758553262443,-6.38414284887695e-13,-9.77298959948564,-2.05850974727246e-14,-0.0429869122185295,1.24938539551573e-13,0,0,0,0,1,0.673086199299627,0.673086199299627,80.0000000000106,-1.16071322159922e-11,1.45750078672791e-12
17.93,-8.78370551130778e-14,0.0790083585618734,-2.2686724287371e-13,-4.9669083946193e-15,1.18606135388615e-14,-1.90453638872648e-14,80.0000000000106,0.23778887340964,0.0790083585618914,7.46583808500888e-14,-1.80966353013877e-14,0.773758553262443,-6.38407863584923e-13,-9.77298959948564,-2.05850974727246e-14,-0.0429869122185295,1.24938539551573e-13,0,0,0,0,1,0.673086199299627,0.673086199299627,80.0000000000106,-1.16220974692252e-11,1.4477308241112e-12
17.94,-8.79018070587506e-14,0.0790083585618735,-2.27058331858951e-13,-4.96709580865785e-15,1.18608209843178e-14,-1.90532114914471e-14,80.0000000000106,0.23778887340964,0.0790083585618914,7.46572152510519e-14,-1.79745107686789e-14,0.773758553262443,-6.38401440929075e-13,-9.77298959948564,-2.05850974727246e-14,-0.0429869122185295,1.24938539551573e-13,0,0,0,0,1,0.673086199299627,0.673086199299627,80.0000000000106,-1.16370689860442e-11,1.4379608614945e-12
17.95,-8.79665670917762e-14,0.0790083585618736,-2.27249499570803e-13,-4.96728314701289e-15,1.18610284297741e-14,-1.9061060091272e-14,80.0000000000106,0.23778887340964,0.0790083585618914,7.4656049435787e-14,-1.78523862359701e-14,0.773758553262443,-6.3839501692229e-13,-9.77298959948564,-2.05850974727246e-14,-0.0429869122185295,1.24938539551573e-13,0,0,0,0,1,0.673086199299627,0.673086199299627,80.0000000000106,-1.1652046767226e-11,1.4281908988778e-12
17.96,-8.80313352121878e-14,0.0790083585618737,-2.27440746019253e-13,-4.96747041006923e-15,1.18612358752305e-14,-1.90689096866832e-14,80.0000000000106,0.23778887340964,0.0790083585618914,7.46548834045676e-14,-1.77080572427689e-14,0.773758553262443,-6.38388591566692e-13,-9.77298959948564,-2.05850974727246e-14,-0.0429869122185295,1.24938539551573e-13,0,0,0,0,1,0.673086199299627,0.673086199299627,80.0000000000106,-1.16670308135474e-11,1.4166445794217e-12
17.97,-8.80961114200225e-14,0.0790083585618739,-2.27632071214287e-13,-4.96765759821013e-15,1.18614433206868e-14,-1.90767602776254e-14,80.0000000000106,0.23778887340964,0.0790083585618914,7.46537171576663e-14,-1.75859327100601e-14,0.773758553262443,-6.38382164864402e-13,-9.77298959948564,-2.05850974727246e-14,-0.0429869122185295,1.24938539551573e-13,0,0,0,0,1,0.673086199299627,0.673086199299627,80.0000000000106,-1.16820211257854e-11,1.406874616805e-12
17.98,-8.81608957153214e-14,0.079008358561874,-2.27823475165893e-13,-4.96784471181734e-15,1.18616507661431e-14,-1.90846118640439e-14,80.0000000000106,0.23778887340964,0.0790083585618914,7.46525506953545e-14,-1.74638081773514e-14,0.773758553262443,-6.38375736817527e-13,-9.77298959948564,-2.05850974727246e-14,-0.0429869122185295,1.24938539551573e-13,0,0,0,0,1,0.673086199299627,0.673086199299627,80.0000000000106,-1.1697017704717e-11,1.3971046541883e-12
17.99,-8.8225688098129e-14,0.0790083585618741,-2.28014957884055e-13,-4.96803175127111e-15,1.18618582115994e-14,-1.90924644458846e-14,80.0000000000106,0.23778887340964,0.0790083585618914,7.46513840179023e-14,-1.73416836446426e-14,0.773758553262443,-6.38369307428169e-13,-9.77298959948564,-2.05850974727246e-14,-0.0429869122185295,1.24938539551573e-13,0,0,0,0,1,0.673086199299627,0.673086199299627,80.0000000000106,-1.17120205511189e-11,1.3873346915716e-12
18,-8.82904885684939e-14,0.0790083585618742,-2.28206519378758e-13,-4.96821871695014e-15,1.18620656570557e-14,-1.91003180230942e-14,80.0000000000106,0.23778887340964,0.0790083585618914,7.46502171255788e-14,-1.72195591119339e-14,0.773758553262443,-6.3836287669842e-13,-9.77298959948564,-2.05850974727246e-14,-0.0429869122185295,1.24938539551573e-13,0,0,0,0,1,0.673086199299627,0.673086199299627,80.0000000000106,-1.17270296657683e-11,1.37756472895489e-12
18.01,-8.83552971264682e-14,0.0790083585618744,-2.28398159659988e-13,-4.96840560923165e-15,1.1862273102512e-14,-1.910817259562e-14,80.0000000000106,0.23778887340964,0.0790083585618914,7.46490500186518e-14,-1.70863323489789e-14,0.773758553262443,-6.38356444630362e-13,-9.77298959948564,-2.05850974727246e-14,-0.0429869122185295,1.24938539551573e-13,0,0,0,0,1,0.673086199299627,0.673086199299627,80.0000000000106,-1.17420450494422e-11,1.36690658791849e-12
18.02,-8.84201137721079e-14,0.0790083585618745,-2.28589878737728e-13,-4.96859242849134e-15,1.18624805479683e-14,-1.91160281634102e-14,80.0000000000106,0.23778887340964,0.0790083585618914,7.46478826973882e-14,-1.69642078162701e-14,0.773758553262443,-6.38350011226071e-13,-9.77298959948564,-2.05850974727246e-14,-0.0429869122185295,1.24938539551573e-13,0,0,0,0,1,0.673086199299627,0.673086199299627,80.0000000000106,-1.17570667029175e-11,1.35713662530179e-12
18.03,-8.84849385054725e-14,0.0790083585618746,-2.28781676621962e-13,-4.96877917510344e-15,1.18626879934247e-14,-1.91238847264133e-14,80.0000000000106,0.23778887340964,0.0790083585618914,7.46467151620535e-14,-1.68420832835614e-14,0.773758553262443,-6.3834357648761e-13,-9.77298959948564,-2.05850974727246e-14,-0.0429869122185295,1.24938539551573e-13,0,0,0,0,1,0.673086199299627,0.673086199299627,80.0000000000106,-1.17720946269713e-11,1.34736666268509e-12
18.04,-8.85497713266254e-14,0.0790083585618747,-2.28973553322673e-13,-4.96896584944068e-15,1.1862895438881e-14,-1.91317422845789e-14,80.0000000000106,0.23778887340964,0.0790083585618914,7.46455474129122e-14,-1.67199587508526e-14,0.773758553262443,-6.38337140417038e-13,-9.77298959948564,-2.05850974727246e-14,-0.0429869122185295,1.24938539551573e-13,0,0,0,0,1,0.673086199299627,0.673086199299627,80.0000000000106,-1.17871288223808e-11,1.33759670006839e-12
18.05,-8.86146122356335e-14,0.0790083585618749,-2.29165508849843e-13,-4.9691524518743e-15,1.18631028843373e-14,-1.9139600837857e-14,80.0000000000106,0.23778887340964,0.0790083585618914,7.46443794502276e-14,-1.65978342181439e-14,0.773758553262443,-6.38330703016402e-13,-9.77298959948564,-2.05850974727246e-14,-0.0429869122185295,1.24938539551573e-13,0,0,0,0,1,0.673086199299627,0.673086199299627,80.0000000000106,-1.18021692899229e-11,1.32782673745169e-12
18.06,-8.86794612325676e-14,0.079008358561875,-2.29357543213454e-13,-4.96933898277408e-15,1.18633103297936e-14,-1.91474603861984e-14,80.0000000000106,0.23778887340964,0.0790083585618914,7.4643211274262e-14,-1.64646074551889e-14,0.773758553262443,-6.38324264287741e-13,-9.77298959948564,-2.05850974727246e-14,-0.0429869122185295,1.24938539551573e-13,0,0,0,0,1,0.673086199299627,0.673086199299627,80.0000000000106,-1.1817216030375e-11,1.31716859641529e-12
18.07,-8.87443183175018e-14,0.0790083585618751,-2.29549656423488e-13,-4.9695254425083e-15,1.18635177752499e-14,-1.91553209295546e-14,80.0000000000106,0.23778887340964,0.0790083585618914,7.46420428852764e-14,-1.63313806922339e-14,0.773758553262443,-6.38317824233089e-13,-9.77298959948564,-2.05850974727246e-14,-0.0429869122185295,1.24938539551573e-13,0,0,0,0,1,0.673086199299627,0.673086199299627,80.0000000000106,-1.1832269044514e-11,1.30651045537888e-12
18.08,-8.88091834905142e-14,0.0790083585618752,-2.29741848489926e-13,-4.96971183144382e-15,1.18637252207062e-14,-1.91631824678776e-14,80.0000000000106,0.23778887340964,0.0790083585618914,7.46408742835308e-14,-1.62092561595251e-14,0.773758553262443,-6.38311382854466e-13,-9.77298959948564,-2.05850974727246e-14,-0.0429869122185295,1.24938539551573e-13,0,0,0,0,1,0.673086199299627,0.673086199299627,80.0000000000106,-1.18473283331173e-11,1.29674049276218e-12
18.09,-8.88740567516864e-14,0.0790083585618754,-2.29934119422749e-13,-4.969898149946e-15,1.18639326661626e-14,-1.91710450011202e-14,80.0000000000106,0.23778887340964,0.0790083585618914,7.46397054692841e-14,-1.60871316268164e-14,0.773758553262443,-6.38304940153886e-13,-9.77298959948564,-2.05850974727246e-14,-0.0429869122185295,1.24938539551573e-13,0,0,0,0,1,0.673086199299627,0.673086199299627,80.0000000000106,-1.1862393896962e-11,1.28697053014548e-12
18.1,-8.89389381011035e-14,0.0790083585618755,-2.30126469231936e-13,-4.97008439837876e-15,1.18641401116189e-14,-1.91789085292358e-14,80.0000000000106,0.23778887340964,0.0790083585618914,7.4638536442794e-14,-1.59539048638614e-14,0.773758553262443,-6.38298496133356e-13,-9.77298959948564,-2.05850974727246e-14,-0.0429869122185295,1.24938539551573e-13,0,0,0,0,1,0.673086199299627,0.673086199299627,80.0000000000106,-1.18774657368254e-11,1.27631238910908e-12
18.11,-8.90038275388542e-14,0.0790083585618756,-2.30318897927468e-13,-4.97027057710459e-15,1.18643475570752e-14,-1.91867730521787e-14,80.0000000000106,0.23778887340964,0.0790083585618914,7.46373672043172e-14,-1.58317803311526e-14,0.773758553262443,-6.38292050794872e-13,-9.77298959948564,-2.05850974727246e-14,-0.0429869122185295,1.24938539551573e-13,0,0,0,0,1,0.673086199299627,0.673086199299627,80.0000000000106,-1.18925438534848e-11,1.26654242649238e-12
18.12,-8.9068725065031e-14,0.0790083585618757,-2.30511405519322e-13,-4.97045668648453e-15,1.18645550025315e-14,-1.91946385699035e-14,80.0000000000106,0.23778887340964,0.0790083585618914,7.46361977541092e-14,-1.57096557984439e-14,0.773758553262443,-6.38285604140424e-13,-9.77298959948564,-2.05850974727246e-14,-0.0429869122185295,1.24938539551573e-13,0,0,0,0,1,0.673086199299627,0.673086199299627,80.0000000000106,-1.19076282477175e-11,1.25677246387568e-12
18.13,-8.91336306797298e-14,0.0790083585618759,-2.30703992017479e-13,-4.97064272687816e-15,1.18647624479878e-14,-1.92025050823657e-14,80.0000000000106,0.23778887340964,0.0790083585618914,7.46350280924245e-14,-1.55875312657351e-14,0.773758553262443,-6.38279156171991e-13,-9.77298959948564,-2.05850974727246e-14,-0.0429869122185295,1.24938539551573e-13,0,0,0,0,1,0.673086199299627,0.673086199299627,80.0000000000106,-1.19227189203007e-11,1.24700250125898e-12
18.14,-8.919854438305e-14,0.079008358561876,-2.30896657431916e-13,-4.97082869864366e-15,1.18649698934441e-14,-1.92103725895214e-14,80.0000000000106,0.23778887340964,0.0790083585618914,7.46338582195164e-14,-1.54654067330264e-14,0.773758553262443,-6.38272706891546e-13,-9.77298959948564,-2.05850974727246e-14,-0.0429869122185295,1.24938539551573e-13,0,0,0,0,1,0.673086199299627,0.673086199299627,80.0000000000106,-1.1937815872012e-11,1.23723253864227e-12
18.15,-8.92634661750946e-14,0.0790083585618761,-2.31089401772612e-13,-4.97101460213778e-15,1.18651773389005e-14,-1.92182410913273e-14,80.0000000000106,0.23778887340964,0.0790083585618914,7.46326881356373e-14,-1.53321799700714e-14,0.773758553262443,-6.38266256301053e-13,-9.77298959948564,-2.05850974727246e-14,-0.0429869122185295,1.24938539551573e-13,0,0,0,0,1,0.673086199299627,0.673086199299627,80.0000000000106,-1.19529191036286e-11,1.22657439760587e-12
18.16,-8.93283960559703e-14,0.0790083585618762,-2.31282225049543e-13,-4.97120043771584e-15,1.18653847843568e-14,-1.92261105877408e-14,80.0000000000106,0.23778887340964,0.0790083585618914,7.46315178410382e-14,-1.52100554373626e-14,0.773758553262443,-6.38259804402467e-13,-9.77298959948564,-2.05850974727246e-14,-0.0429869122185295,1.24938539551573e-13,0,0,0,0,1,0.673086199299627,0.673086199299627,80.0000000000106,-1.1968028615928e-11,1.21680443498917e-12
18.17,-8.9393334025787e-14,0.0790083585618764,-2.31475127272687e-13,-4.97138620573176e-15,1.18655922298131e-14,-1.92339810787199e-14,80.0000000000106,0.23778887340964,0.0790083585618914,7.46303473359694e-14,-1.50879309046539e-14,0.773758553262443,-6.38253351197735e-13,-9.77298959948564,-2.05850974727246e-14,-0.0429869122185295,1.24938539551573e-13,0,0,0,0,1,0.673086199299627,0.673086199299627,80.0000000000106,-1.19831444096877e-11,1.20703447237247e-12
18.18,-8.94582800846583e-14,0.0790083585618765,-2.3166810845202e-13,-4.97157190653805e-15,1.18657996752694e-14,-1.92418525642234e-14,80.0000000000106,0.23778887340964,0.0790083585618914,7.46291766206799e-14,-1.49658063719451e-14,0.773758553262443,-6.38246896688796e-13,-9.77298959948564,-2.05850974727246e-14,-0.0429869122185295,1.24938539551573e-13,0,0,0,0,1,0.673086199299627,0.673086199299627,80.0000000000106,-1.19982664856851e-11,1.19726450975577e-12
18.19,-8.95232342327013e-14,0.0790083585618766,-2.31861168597518e-13,-4.97175754048581e-15,1.18660071207257e-14,-1.92497250442105e-14,80.0000000000106,0.23778887340964,0.0790083585618914,7.46280056954176e-14,-1.48325796089901e-14,0.773758553262443,-6.38240440877582e-13,-9.77298959948564,-2.05850974727246e-14,-0.0429869122185295,1.24938539551573e-13,0,0,0,0,1,0.673086199299627,0.673086199299627,80.0000000000106,-1.20133948446977e-11,1.18660636871937e-12
18.2,-8.95881964700365e-14,0.0790083585618767,-2.32054307719158e-13,-4.97194310792476e-15,1.1866214566182e-14,-1.92575985186413e-14,80.0000000000106,0.23778887340964,0.0790083585618914,7.46268345604296e-14,-1.46993528460351e-14,0.773758553262443,-6.38233983766016e-13,-9.77298959948564,-2.05850974727246e-14,-0.0429869122185295,1.24938539551573e-13,0,0,0,0,1,0.673086199299627,0.673086199299627,80.0000000000106,-1.20285294875032e-11,1.17594822768297e-12
18.21,-8.96531667967877e-14,0.0790083585618769,-2.32247525826914e-13,-4.97212860920321e-15,1.18664220116384e-14,-1.92654729874763e-14,80.0000000000106,0.23778887340964,0.0790083585618914,7.46256632159615e-14,-1.45772283133264e-14,0.773758553262443,-6.38227525356011e-13,-9.77298959948564,-2.05850974727246e-14,-0.0429869122185295,1.24938539551573e-13,0,0,0,0,1,0.673086199299627,0.673086199299627,80.0000000000106,-1.2043670414879e-11,1.16617826506626e-12
18.22,-8.97181452130826e-14,0.079008358561877,-2.32440822930761e-13,-4.97231404466811e-15,1.18666294570947e-14,-1.92733484506768e-14,80.0000000000106,0.23778887340964,0.0790083585618914,7.46244916622582e-14,-1.44551037806176e-14,0.773758553262443,-6.38221065649474e-13,-9.77298959948564,-2.05850974727246e-14,-0.0429869122185295,1.24938539551573e-13,0,0,0,0,1,0.673086199299627,0.673086199299627,80.0000000000106,-1.20588176276028e-11,1.15640830244956e-12
18.23,-8.97831317190518e-14,0.0790083585618771,-2.32634199040674e-13,-4.972499414665e-15,1.1866836902551e-14,-1.92812249082046e-14,80.0000000000106,0.23778887340964,0.0790083585618914,7.46233198995635e-14,-1.43440814781551e-14,0.773758553262443,-6.38214604648305e-13,-9.77298959948564,-2.05850974727246e-14,-0.0429869122185295,1.24938539551573e-13,0,0,0,0,1,0.673086199299627,0.673086199299627,80.0000000000106,-1.20739711264523e-11,1.14752651825256e-12
18.24,-8.98481263148297e-14,0.0790083585618772,-2.32827654166628e-13,-4.97268471953808e-15,1.18670443480073e-14,-1.92891023600223e-14,80.0000000000106,0.23778887340964,0.0790083585618914,7.462214792812e-14,-1.42219569454464e-14,0.773758553262443,-6.38208142354394e-13,-9.77298959948564,-2.05850974727246e-14,-0.0429869122185295,1.24938539551573e-13,0,0,0,0,1,0.673086199299627,0.673086199299627,80.0000000000106,-1.2089130912205e-11,1.13775655563586e-12
18.25,-8.99131290005539e-14,0.0790083585618774,-2.33021188318596e-13,-4.97286995963015e-15,1.18672517934636e-14,-1.9296980806093e-14,80.0000000000106,0.23778887340964,0.0790083585618914,7.46209757481695e-14,-1.40887301824914e-14,0.773758553262443,-6.38201678769623e-13,-9.77298959948564,-2.05850974727246e-14,-0.0429869122185295,1.24938539551573e-13,0,0,0,0,1,0.673086199299627,0.673086199299627,80.0000000000106,-1.21042969856388e-11,1.12709841459946e-12
18.26,-8.99781397763656e-14,0.0790083585618775,-2.33214801506551e-13,-4.97305513528268e-15,1.18674592389199e-14,-1.93048602463804e-14,80.0000000000106,0.23778887340964,0.0790083585618914,7.46198033599524e-14,-1.39666056497826e-14,0.773758553262443,-6.38195213895868e-13,-9.77298959948564,-2.05850974727246e-14,-0.0429869122185295,1.24938539551573e-13,0,0,0,0,1,0.673086199299627,0.673086199299627,80.0000000000106,-1.21194693475313e-11,1.11732845198276e-12
18.27,-9.00431586424091e-14,0.0790083585618776,-2.33408493740467e-13,-4.97324024683575e-15,1.18676666843763e-14,-1.9312740680849e-14,80.0000000000106,0.23778887340964,0.0790083585618914,7.46186307637084e-14,-1.38444811170739e-14,0.773758553262443,-6.38188747734994e-13,-9.77298959948564,-2.05850974727246e-14,-0.0429869122185295,1.24938539551573e-13,0,0,0,0,1,0.673086199299627,0.673086199299627,80.0000000000106,-1.21346479986603e-11,1.10755848936606e-12
18.28,-9.01081855988323e-14,0.0790083585618777,-2.33602265030316e-13,-4.97342529462811e-15,1.18678741298326e-14,-1.93206221094638e-14,80.0000000000106,0.23778887340964,0.0790083585618914,7.46174579596761e-14,-1.37223565843651e-14,0.773758553262443,-6.38182280288862e-13,-9.77298959948564,-2.05850974727246e-14,-0.0429869122185295,1.24938539551573e-13,0,0,0,0,1,0.673086199299627,0.673086199299627,80.0000000000106,-1.21498329398036e-11,1.09778852674935e-12
18.29,-9.01732206457863e-14,0.0790083585618779,-2.33796115386071e-13,-4.97361027899716e-15,1.18680815752889e-14,-1.93285045321903e-14,80.0000000000106,0.23778887340964,0.0790083585618914,7.46162849480929e-14,-1.36002320516564e-14,0.773758553262443,-6.38175811559321e-13,-9.77298959948564,-2.05850974727246e-14,-0.0429869122185295,1.24938539551573e-13,0,0,0,0,1,0.673086199299627,0.673086199299627,80.0000000000106,-1.2165024171739e-11,1.08801856413265e-12
18.3,-9.02382637834256e-14,0.079008358561878,-2.33990044817704e-13,-4.97379520027896e-15,1.18682890207452e-14,-1.93363879489948e-14,80.0000000000106,0.23778887340964,0.0790083585618914,7.46151117291954e-14,-1.34559030584551e-14,0.773758553262443,-6.38169341548215e-13,-9.77298959948564,-2.05850974727246e-14,-0.0429869122185295,1.24938539551573e-13,0,0,0,0,1,0.673086199299627,0.673086199299627,80.0000000000106,-1.21802216952445e-11,1.07647224467655e-12
18.31,-9.03033150119081e-14,0.0790083585618781,-2.34184053335186e-13,-4.97398005880823e-15,1.18684964662015e-14,-1.93442723598441e-14,80.0000000000106,0.23778887340964,0.0790083585618914,7.46139383032189e-14,-1.33337785257464e-14,0.773758553262443,-6.38162870257381e-13,-9.77298959948564,-2.05850974727246e-14,-0.0429869122185295,1.24938539551573e-13,0,0,0,0,1,0.673086199299627,0.673086199299627,80.0000000000106,-1.21954255110979e-11,1.06670228205985e-12
18.32,-9.03683743313949e-14,0.0790083585618782,-2.34378140948489e-13,-4.97416485491836e-15,1.18687039116578e-14,-1.93521577647058e-14,80.0000000000106,0.23778887340964,0.0790083585618914,7.46127646703981e-14,-1.32116539930376e-14,0.773758553262443,-6.38156397688645e-13,-9.77298959948564,-2.05850974727246e-14,-0.0429869122185295,1.24938539551573e-13,0,0,0,0,1,0.673086199299627,0.673086199299627,80.0000000000106,-1.22106356200772e-11,1.05693231944315e-12
18.33,-9.04334417420505e-14,0.0790083585618784,-2.34572307667585e-13,-4.97434958894141e-15,1.18689113571142e-14,-1.93600441635479e-14,80.0000000000106,0.23778887340964,0.0790083585618914,7.46115908309663e-14,-1.30895294603289e-14,0.773758553262443,-6.38149923843827e-13,-9.77298959948564,-2.05850974727246e-14,-0.0429869122185295,1.24938539551573e-13,0,0,0,0,1,0.673086199299627,0.673086199299627,80.0000000000106,-1.22258520229603e-11,1.04716235682645e-12
18.34,-9.04985172440425e-14,0.0790083585618785,-2.34766553502443e-13,-4.97453426120814e-15,1.18691188025705e-14,-1.93679315563391e-14,80.0000000000106,0.23778887340964,0.0790083585618914,7.46104167851559e-14,-1.29674049276201e-14,0.773758553262443,-6.38143448724741e-13,-9.77298959948564,-2.05850974727246e-14,-0.0429869122185295,1.24938539551573e-13,0,0,0,0,1,0.673086199299627,0.673086199299627,80.0000000000106,-1.22410747205252e-11,1.03739239420975e-12
18.35,-9.05636008375421e-14,0.0790083585618786,-2.34960878463034e-13,-4.97471887204798e-15,1.18693262480268e-14,-1.93758199430486e-14,80.0000000000106,0.23778887340964,0.0790083585618914,7.46092425331985e-14,-1.28341781646651e-14,0.773758553262443,-6.3813697233319e-13,-9.77298959948564,-2.05850974727246e-14,-0.0429869122185295,1.24938539551573e-13,0,0,0,0,1,0.673086199299627,0.673086199299627,80.0000000000106,-1.225630371355e-11,1.02673425317334e-12
18.36,-9.06286925227235e-14,0.0790083585618787,-2.35155282559328e-13,-4.97490342178904e-15,1.18695336934831e-14,-1.93837093236464e-14,80.0000000000106,0.23778887340964,0.0790083585618914,7.46080680753244e-14,-1.27120536319564e-14,0.773758553262443,-6.38130494670972e-13,-9.77298959948564,-2.05850974727246e-14,-0.0429869122185295,1.24938539551573e-13,0,0,0,0,1,0.673086199299627,0.673086199299627,80.0000000000106,-1.22715390028128e-11,1.01696429055664e-12
18.37,-9.06937922997642e-14,0.0790083585618788,-2.35349765801296e-13,-4.97508791075816e-15,1.18697411389394e-14,-1.93915996981029e-14,80.0000000000106,0.23778887340964,0.0790083585618914,7.46068934117632e-14,-1.25899290992476e-14,0.773758553262443,-6.38124015739876e-13,-9.77298959948564,-2.05850974727246e-14,-0.0429869122185295,1.24938539551573e-13,0,0,0,0,1,0.673086199299627,0.673086199299627,80.0000000000106,-1.22867805890916e-11,1.00719432793994e-12
18.38,-9.0758900168845e-14,0.079008358561879,-2.35544328198906e-13,-4.97527233928085e-15,1.18699485843957e-14,-1.93994910663892e-14,80.0000000000106,0.23778887340964,0.0790083585618914,7.46057185427432e-14,-1.24678045665389e-14,0.773758553262443,-6.38117535541684e-13,-9.77298959948564,-2.05850974727246e-14,-0.0429869122185295,1.24938539551573e-13,0,0,0,0,1,0.673086199299627,0.673086199299627,80.0000000000106,-1.23020284731647e-11,9.97424365323241e-13
18.39,-9.08240161301498e-14,0.0790083585618791,-2.35738969762129e-13,-4.97545670768135e-15,1.18701560298521e-14,-1.9407383428477e-14,80.0000000000106,0.23778887340964,0.0790083585618914,7.46045434684919e-14,-1.23345778035839e-14,0.773758553262443,-6.3811105407817e-13,-9.77298959948564,-2.05850974727246e-14,-0.0429869122185295,1.24938539551573e-13,0,0,0,0,1,0.673086199299627,0.673086199299627,80.0000000000106,-1.23172826558101e-11,9.86766224286839e-13
18.4,-9.08891401838659e-14,0.0790083585618792,-2.35933690500932e-13,-4.97564101628258e-15,1.18703634753084e-14,-1.94152767843386e-14,80.0000000000106,0.23778887340964,0.0790083585618914,7.46033681892358e-14,-1.22124532708751e-14,0.773758553262443,-6.38104571351102e-13,-9.77298959948564,-2.05850974727246e-14,-0.0429869122185295,1.24938539551573e-13,0,0,0,0,1,0.673086199299627,0.673086199299627,80.0000000000106,-1.23325431378061e-11,9.76996261670138e-13
18.41,-9.09542723301838e-14,0.0790083585618793,-2.36128490425285e-13,-4.97582526540622e-15,1.18705709207647e-14,-1.94231711339468e-14,80.0000000000106,0.23778887340964,0.0790083585618914,7.46021927052005e-14,-1.20903287381664e-14,0.773758553262443,-6.38098087362238e-13,-9.77298959948564,-2.05850974727246e-14,-0.0429869122185295,1.24938539551573e-13,0,0,0,0,1,0.673086199299627,0.673086199299627,80.0000000000106,-1.2347809919931e-11,9.67226299053436e-13
18.42,-9.10194125692969e-14,0.0790083585618795,-2.36323369545156e-13,-4.97600945537263e-15,1.1870778366221e-14,-1.9431066477275e-14,80.0000000000106,0.23778887340964,0.0790083585618914,7.46010170166104e-14,-1.19682042054576e-14,0.773758553262443,-6.38091602113331e-13,-9.77298959948564,-2.05850974727246e-14,-0.0429869122185295,1.24938539551573e-13,0,0,0,0,1,0.673086199299627,0.673086199299627,80.0000000000106,-1.2363083002963e-11,9.57456336436735e-13
18.43,-9.10845609014021e-14,0.0790083585618796,-2.36518327870513e-13,-4.97619358650094e-15,1.18709858116773e-14,-1.94389628142974e-14,80.0000000000106,0.23778887340964,0.0790083585618914,7.45998411236891e-14,-1.18460796727488e-14,0.773758553262443,-6.38085115606125e-13,-9.77298959948564,-2.05850974727246e-14,-0.0429869122185295,1.24938539551573e-13,0,0,0,0,1,0.673086199299627,0.673086199299627,80.0000000000106,-1.23783623876805e-11,9.47686373820034e-13
18.44,-9.11497173266993e-14,0.0790083585618797,-2.36713365411324e-13,-4.97637765910896e-15,1.18711932571336e-14,-1.94468601449884e-14,80.0000000000106,0.23778887340964,0.0790083585618914,7.45986650266592e-14,-1.17128529097938e-14,0.773758553262443,-6.38078627842358e-13,-9.77298959948564,-2.05850974727246e-14,-0.0429869122185295,1.24938539551573e-13,0,0,0,0,1,0.673086199299627,0.673086199299627,80.0000000000106,-1.23936480748619e-11,9.37028232783632e-13
18.45,-9.12148818453915e-14,0.0790083585618798,-2.36908482177557e-13,-4.97656167351329e-15,1.187140070259e-14,-1.94547584693234e-14,80.0000000000106,0.23778887340964,0.0790083585618914,7.45974887257424e-14,-1.15907283770851e-14,0.773758553262443,-6.38072138823759e-13,-9.77298959948564,-2.05850974727246e-14,-0.0429869122185295,1.24938539551573e-13,0,0,0,0,1,0.673086199299627,0.673086199299627,80.0000000000106,-1.24089400652854e-11,9.27258270166931e-13
18.46,-9.12800544576851e-14,0.07900835856188,-2.3710367817918e-13,-4.97674563002925e-15,1.18716081480463e-14,-1.9462657787278e-14,80.0000000000106,0.23778887340964,0.0790083585618914,7.45963122211593e-14,-1.14686038443763e-14,0.773758553262443,-6.38065648552051e-13,-9.77298959948564,-2.05850974727246e-14,-0.0429869122185295,1.24938539551573e-13,0,0,0,0,1,0.673086199299627,0.673086199299627,80.0000000000106,-1.24242383597297e-11,9.17488307550229e-13
18.47,-9.13452351637894e-14,0.0790083585618801,-2.37298953426158e-13,-4.97692952897089e-15,1.18718155935026e-14,-1.94705580988287e-14,80.0000000000106,0.23778887340964,0.0790083585618914,7.45951355131297e-14,-1.13464793116676e-14,0.773758553262443,-6.38059157028948e-13,-9.77298959948564,-2.05850974727246e-14,-0.0429869122185295,1.24938539551573e-13,0,0,0,0,1,0.673086199299627,0.673086199299627,80.0000000000106,-1.24395429589731e-11,9.07718344933528e-13
18.48,-9.14104239639169e-14,0.0790083585618802,-2.3749430792846e-13,-4.97711337065104e-15,1.18720230389589e-14,-1.94784594039523e-14,80.0000000000106,0.23778887340964,0.0790083585618914,7.45939586018722e-14,-1.12243547789588e-14,0.773758553262443,-6.38052664256159e-13,-9.77298959948564,-2.05850974727246e-14,-0.0429869122185295,1.24938539551573e-13,0,0,0,0,1,0.673086199299627,0.673086199299627,80.0000000000106,-1.24548538637941e-11,8.97948382316827e-13
18.49,-9.1475620858283e-14,0.0790083585618803,-2.37689741696052e-13,-4.97729715538127e-15,1.18722304844152e-14,-1.94863617026264e-14,80.0000000000106,0.23778887340964,0.0790083585618914,7.45927814876047e-14,-1.10911280160038e-14,0.773758553262443,-6.38046170235385e-13,-9.77298959948564,-2.05850974727246e-14,-0.0429869122185295,1.24938539551573e-13,0,0,0,0,1,0.673086199299627,0.673086199299627,80.0000000000106,-1.24701710749714e-11,8.87290241280425e-13
18.5,-9.15408258471066e-14,0.0790083585618805,-2.37885254738901e-13,-4.97748088347194e-15,1.18724379298715e-14,-1.9494264994829e-14,80.0000000000106,0.23778887340964,0.0790083585618914,7.45916041705441e-14,-1.09690034832951e-14,0.773758553262443,-6.38039674968318e-13,-9.77298959948564,-2.05850974727246e-14,-0.0429869122185295,1.24938539551573e-13,0,0,0,0,1,0.673086199299627,0.673086199299627,80.0000000000106,-1.24854945932835e-11,8.77520278663724e-13
18.51,-9.16060389306093e-14,0.0790083585618806,-2.38080847066972e-13,-4.97766455523213e-15,1.18726453753278e-14,-1.95021692805388e-14,80.0000000000106,0.23778887340964,0.0790083585618914,7.45904266509064e-14,-1.08468789505863e-14,0.773758553262443,-6.38033178456645e-13,-9.77298959948564,-2.05850974727246e-14,-0.0429869122185295,1.24938539551573e-13,0,0,0,0,1,0.673086199299627,0.673086199299627,80.0000000000106,-1.2500824419509e-11,8.67750316047022e-13
18.52,-9.1671260109016e-14,0.0790083585618807,-2.38276518690232e-13,-4.97784817096974e-15,1.18728528207842e-14,-1.95100745597349e-14,80.0000000000106,0.23778887340964,0.0790083585618914,7.45892489289064e-14,-1.07247544178776e-14,0.773758553262443,-6.38026680702046e-13,-9.77298959948564,-2.05850974727246e-14,-0.0429869122185295,1.24938539551573e-13,0,0,0,0,1,0.673086199299627,0.673086199299627,80.0000000000106,-1.25161605544266e-11,8.57980353430321e-13
18.53,-9.17364893825546e-14,0.0790083585618808,-2.38472269618647e-13,-4.97803173099141e-15,1.18730602662405e-14,-1.95179808323971e-14,80.0000000000106,0.23778887340964,0.0790083585618914,7.45880710047583e-14,-1.05804254246763e-14,0.773758553262443,-6.38020181706192e-13,-9.77298959948564,-2.05850974727246e-14,-0.0429869122185295,1.24938539551573e-13,0,0,0,0,1,0.673086199299627,0.673086199299627,80.0000000000106,-1.25315029988149e-11,8.46434033974219e-13
18.54,-9.18017267514559e-14,0.079008358561881,-2.38668099862182e-13,-4.97821523560259e-15,1.18732677116968e-14,-1.95258880985058e-14,80.0000000000106,0.23778887340964,0.0790083585618914,7.45868928786752e-14,-1.04583008919676e-14,0.773758553262443,-6.38013681470749e-13,-9.77298959948564,-2.05850974727246e-14,-0.0429869122185295,1.24938539551573e-13,0,0,0,0,1,0.673086199299627,0.673086199299627,80.0000000000106,-1.25468517534528e-11,8.36664071357518e-13
18.55,-9.18669722159539e-14,0.0790083585618811,-2.38864009430803e-13,-4.97839868510751e-15,1.18734751571531e-14,-1.95337963580418e-14,80.0000000000106,0.23778887340964,0.0790083585618914,7.45857145508693e-14,-1.03361763592588e-14,0.773758553262443,-6.38007179997373e-13,-9.77298959948564,-2.05850974727246e-14,-0.0429869122185295,1.24938539551573e-13,0,0,0,0,1,0.673086199299627,0.673086199299627,80.0000000000106,-1.25622068191191e-11,8.26894108740817e-13
18.56,-9.19322257762857e-14,0.0790083585618812,-2.39059998334475e-13,-4.97858207980918e-15,1.18736826026094e-14,-1.95417056109865e-14,80.0000000000106,0.23778887340964,0.0790083585618914,7.45845360215519e-14,-1.02140518265501e-14,0.773758553262443,-6.38000677287716e-13,-9.77298959948564,-2.05850974727246e-14,-0.0429869122185295,1.24938539551573e-13,0,0,0,0,1,0.673086199299627,0.673086199299627,80.0000000000106,-1.25775681965925e-11,8.17124146124115e-13
18.57,-9.19974874326911e-14,0.0790083585618813,-2.39256066583163e-13,-4.97876542000941e-15,1.18738900480657e-14,-1.95496158573221e-14,80.0000000000106,0.23778887340964,0.0790083585618914,7.45833572909334e-14,-1.00919272938413e-14,0.773758553262443,-6.37994173343422e-13,-9.77298959948564,-2.05850974727246e-14,-0.0429869122185295,1.24938539551573e-13,0,0,0,0,1,0.673086199299627,0.673086199299627,80.0000000000106,-1.25929358866518e-11,8.07354183507414e-13
18.58,-9.20627571854132e-14,0.0790083585618815,-2.39452214186832e-13,-4.97894870600883e-15,1.18740974935221e-14,-1.95575270970309e-14,80.0000000000106,0.23778887340964,0.0790083585618914,7.45821783592232e-14,-9.98090499137883e-15,0.773758553262443,-6.37987668166127e-13,-9.77298959948564,-2.05850974727246e-14,-0.0429869122185295,1.24938539551573e-13,0,0,0,0,1,0.673086199299627,0.673086199299627,80.0000000000106,-1.26083098900761e-11,7.98472399310413e-13
18.59,-9.21280350346979e-14,0.0790083585618816,-2.39648441155447e-13,-4.97913193810686e-15,1.18743049389784e-14,-1.95654393300961e-14,80.0000000000106,0.23778887340964,0.0790083585618914,7.45809992266298e-14,-9.84767822842383e-15,0.773758553262443,-6.37981161757462e-13,-9.77298959948564,-2.05850974727246e-14,-0.0429869122185295,1.24938539551573e-13,0,0,0,0,1,0.673086199299627,0.673086199299627,80.0000000000106,-1.26236902076443e-11,7.87814258274011e-13
18.6,-9.21933209807941e-14,0.0790083585618817,-2.39844747498973e-13,-4.97931511660173e-15,1.18745123844347e-14,-1.95733525565013e-14,80.0000000000106,0.23778887340964,0.0790083585618914,7.45798198933609e-14,-9.72555369571508e-15,0.773758553262443,-6.37974654119049e-13,-9.77298959948564,-2.05850974727246e-14,-0.0429869122185295,1.24938539551573e-13,0,0,0,0,1,0.673086199299627,0.673086199299627,80.0000000000106,-1.26390768401353e-11,7.7804429565731e-13
18.61,-9.22586150239539e-14,0.0790083585618818,-2.40041133227373e-13,-4.9794982417905e-15,1.1874719829891e-14,-1.95812667762308e-14,80.0000000000106,0.23778887340964,0.0790083585618914,7.45786403596232e-14,-9.60342916300633e-15,0.773758553262443,-6.37968145252504e-13,-9.77298959948564,-2.05850974727246e-14,-0.0429869122185295,1.24938539551573e-13,0,0,0,0,1,0.673086199299627,0.673086199299627,80.0000000000106,-1.26544697883281e-11,7.68274333040608e-13
18.62,-9.2323917164432e-14,0.079008358561882,-2.40237598350612e-13,-4.97968131396902e-15,1.18749272753473e-14,-1.95891819892692e-14,80.0000000000106,0.23778887340964,0.0790083585618914,7.45774606256226e-14,-9.48130463029758e-15,0.773758553262443,-6.37961635159437e-13,-9.77298959948564,-2.05850974727246e-14,-0.0429869122185295,1.24938539551573e-13,0,0,0,0,1,0.673086199299627,0.673086199299627,80.0000000000106,-1.26698690530019e-11,7.58504370423907e-13
18.63,-9.23892274024862e-14,0.0790083585618821,-2.40434142878654e-13,-4.97986433343201e-15,1.18751347208036e-14,-1.95970981956019e-14,80.0000000000106,0.23778887340964,0.0790083585618914,7.45762806915639e-14,-9.35918009758883e-15,0.773758553262443,-6.3795512384145e-13,-9.77298959948564,-2.05850974727246e-14,-0.0429869122185295,1.24938539551573e-13,0,0,0,0,1,0.673086199299627,0.673086199299627,80.0000000000106,-1.26852746349356e-11,7.48734407807206e-13
18.64,-9.24545457383773e-14,0.0790083585618822,-2.40630766821463e-13,-4.98004730047298e-15,1.187534216626e-14,-1.96050153952146e-14,80.0000000000106,0.23778887340964,0.0790083585618914,7.45751005576513e-14,-9.21485110438758e-15,0.773758553262443,-6.37948611300138e-13,-9.77298959948564,-2.05850974727246e-14,-0.0429869122185295,1.24938539551573e-13,0,0,0,0,1,0.673086199299627,0.673086199299627,80.0000000000106,-1.27006865349086e-11,7.37188088351104e-13
18.65,-9.25198721723689e-14,0.0790083585618823,-2.40827470189003e-13,-4.98023021538431e-15,1.18755496117163e-14,-1.96129335880937e-14,80.0000000000106,0.23778887340964,0.0790083585618914,7.45739202240878e-14,-9.09272657167883e-15,0.773758553262443,-6.37942097537089e-13,-9.77298959948564,-2.05850974727246e-14,-0.0429869122185295,1.24938539551573e-13,0,0,0,0,1,0.673086199299627,0.673086199299627,80.0000000000106,-1.27161047536999e-11,7.27418125734403e-13
18.66,-9.25852067047276e-14,0.0790083585618825,-2.41024252991237e-13,-4.98041307845718e-15,1.18757570571726e-14,-1.96208527742261e-14,80.0000000000106,0.23778887340964,0.0790083585618914,7.45727396910758e-14,-8.97060203897007e-15,0.773758553262443,-6.37935582553887e-13,-9.77298959948564,-2.05850974727246e-14,-0.0429869122185295,1.24938539551573e-13,0,0,0,0,1,0.673086199299627,0.673086199299627,80.0000000000106,-1.27315292920888e-11,7.17648163117701e-13
18.67,-9.26505493357228e-14,0.0790083585618826,-2.4122111523813e-13,-4.98059588998164e-15,1.18759645026289e-14,-1.96287729535991e-14,80.0000000000106,0.23778887340964,0.0790083585618914,7.45715589588166e-14,-8.84847750626132e-15,0.773758553262443,-6.37929066352107e-13,-9.77298959948564,-2.05850974727246e-14,-0.0429869122185295,1.24938539551573e-13,0,0,0,0,1,0.673086199299627,0.673086199299627,80.0000000000106,-1.27469601508546e-11,7.07878200501e-13
18.68,-9.27159000656269e-14,0.0790083585618827,-2.41418056939644e-13,-4.9807786502466e-15,1.18761719480852e-14,-1.96366941262009e-14,80.0000000000106,0.23778887340964,0.0790083585618914,7.45703780275107e-14,-8.71525074330632e-15,0.773758553262443,-6.37922548933316e-13,-9.77298959948564,-2.05850974727246e-14,-0.0429869122185295,1.24938539551573e-13,0,0,0,0,1,0.673086199299627,0.673086199299627,80.0000000000106,-1.27623973307765e-11,6.97220059464598e-13
18.69,-9.2781258894715e-14,0.0790083585618828,-2.41615078105743e-13,-4.98096135953979e-15,1.18763793935415e-14,-1.96446162920197e-14,80.0000000000106,0.23778887340964,0.0790083585618914,7.45691968973578e-14,-8.59312621059757e-15,0.773758553262443,-6.37916030299076e-13,-9.77298959948564,-2.05850974727246e-14,-0.0429869122185295,1.24938539551573e-13,0,0,0,0,1,0.673086199299627,0.673086199299627,80.0000000000106,-1.2777840832634e-11,6.87450096847897e-13
18.7,-9.28466258232653e-14,0.079008358561883,-2.4181217874639e-13,-4.98114401814782e-15,1.18765868389979e-14,-1.96525394510447e-14,80.0000000000106,0.23778887340964,0.0790083585618914,7.45680155685566e-14,-8.47100167788882e-15,0.773758553262443,-6.37909510450943e-13,-9.77298959948564,-2.05850974727246e-14,-0.0429869122185295,1.24938539551573e-13,0,0,0,0,1,0.673086199299627,0.673086199299627,80.0000000000106,-1.27932906572064e-11,6.77680134231196e-13
18.71,-9.29120008515586e-14,0.0790083585618831,-2.42009358871548e-13,-4.98132662635616e-15,1.18767942844542e-14,-1.96604636032653e-14,80.0000000000106,0.23778887340964,0.0790083585618914,7.4566834041305e-14,-8.34887714518007e-15,0.773758553262443,-6.37902989390466e-13,-9.77298959948564,-2.05850974727246e-14,-0.0429869122185295,1.24938539551573e-13,0,0,0,0,1,0.673086199299627,0.673086199299627,80.0000000000106,-1.28087468052732e-11,6.67910171614494e-13
18.72,-9.29773839798788e-14,0.0790083585618832,-2.42206618491181e-13,-4.98150918444915e-15,1.18770017299105e-14,-1.96683887486716e-14,80.0000000000106,0.23778887340964,0.0790083585618914,7.45656523158e-14,-8.22675261247132e-15,0.773758553262443,-6.37896467119185e-13,-9.77298959948564,-2.05850974727246e-14,-0.0429869122185295,1.24938539551573e-13,0,0,0,0,1,0.673086199299627,0.673086199299627,80.0000000000106,-1.28242092776138e-11,6.58140208997793e-13
18.73,-9.30427752085124e-14,0.0790083585618833,-2.4240395761525e-13,-4.98169169270999e-15,1.18772091753668e-14,-1.96763148872542e-14,80.0000000000106,0.23778887340964,0.0790083585618914,7.45644703922378e-14,-8.09352584951632e-15,0.773758553262443,-6.37889943638638e-13,-9.77298959948564,-2.05850974727246e-14,-0.0429869122185295,1.24938539551573e-13,0,0,0,0,1,0.673086199299627,0.673086199299627,80.0000000000106,-1.28396780750079e-11,6.47482067961391e-13
18.74,-9.31081745377489e-14,0.0790083585618835,-2.42601376253719e-13,-4.98187415142076e-15,1.18774166208231e-14,-1.96842420190042e-14,80.0000000000106,0.23778887340964,0.0790083585618914,7.45632882708137e-14,-7.97140131680757e-15,0.773758553262443,-6.37883418950352e-13,-9.77298959948564,-2.05850974727246e-14,-0.0429869122185295,1.24938539551573e-13,0,0,0,0,1,0.673086199299627,0.673086199299627,80.0000000000106,-1.28551531982349e-11,6.3771210534469e-13
18.75,-9.31735819678805e-14,0.0790083585618836,-2.42798874416551e-13,-4.98205656086242e-15,1.18776240662794e-14,-1.96921701439132e-14,80.0000000000106,0.23778887340964,0.0790083585618914,7.45621059517221e-14,-7.83817455385256e-15,0.773758553262443,-6.37876893055849e-13,-9.77298959948564,-2.05850974727246e-14,-0.0429869122185295,1.24938539551573e-13,0,0,0,0,1,0.673086199299627,0.673086199299627,80.0000000000106,-1.28706346480745e-11,6.27053964308288e-13
18.76,-9.32389974992021e-14,0.0790083585618837,-2.42996452113707e-13,-4.98223892131484e-15,1.18778315117358e-14,-1.97000992619733e-14,80.0000000000106,0.23778887340964,0.0790083585618914,7.45609234351567e-14,-7.71605002114381e-15,0.773758553262443,-6.37870365956646e-13,-9.77298959948564,-2.05850974727246e-14,-0.0429869122185295,1.24938539551573e-13,0,0,0,0,1,0.673086199299627,0.673086199299627,80.0000000000106,-1.28861224253063e-11,6.17284001691587e-13
18.77,-9.33044211320117e-14,0.0790083585618838,-2.43194109355152e-13,-4.98242123305673e-15,1.18780389571921e-14,-1.97080293731771e-14,80.0000000000106,0.23778887340964,0.0790083585618914,7.45597407213102e-14,-7.59392548843506e-15,0.773758553262443,-6.37863837654252e-13,-9.77298959948564,-2.05850974727246e-14,-0.0429869122185295,1.24938539551573e-13,0,0,0,0,1,0.673086199299627,0.673086199299627,80.0000000000106,-1.290161653071e-11,6.07514039074886e-13
18.78,-9.33698528666097e-14,0.079008358561884,-2.43391846150846e-13,-4.98260349636574e-15,1.18782464026484e-14,-1.97159604775178e-14,80.0000000000106,0.23778887340964,0.0790083585618914,7.45585578103746e-14,-7.46069872548006e-15,0.773758553262443,-6.3785730815017e-13,-9.77298959948564,-2.05850974727246e-14,-0.0429869122185295,1.24938539551573e-13,0,0,0,0,1,0.673086199299627,0.673086199299627,80.0000000000106,-1.29171169650655e-11,5.96855898038484e-13
18.79,-9.34352927032996e-14,0.0790083585618841,-2.43589662510753e-13,-4.9827857115184e-15,1.18784538481047e-14,-1.97238925749891e-14,80.0000000000106,0.23778887340964,0.0790083585618914,7.45573747025408e-14,-7.33857419277131e-15,0.773758553262443,-6.37850777445896e-13,-9.77298959948564,-2.05850974727246e-14,-0.0429869122185295,1.24938539551573e-13,0,0,0,0,1,0.673086199299627,0.673086199299627,80.0000000000106,-1.29326237291524e-11,5.87085935421783e-13
18.8,-9.35007406423874e-14,0.0790083585618842,-2.43787558444835e-13,-4.98296787879014e-15,1.1878661293561e-14,-1.97318256655851e-14,80.0000000000106,0.23778887340964,0.0790083585618914,7.45561913979991e-14,-7.21644966006256e-15,0.773758553262443,-6.37844245542921e-13,-9.77298959948564,-2.05850974727246e-14,-0.0429869122185295,1.24938539551573e-13,0,0,0,0,1,0.673086199299627,0.673086199299627,80.0000000000106,-1.29481368237506e-11,5.77315972805081e-13
18.81,-9.3566196684182e-14,0.0790083585618843,-2.43985533963055e-13,-4.9831499984553e-15,1.18788687390173e-14,-1.97397597493004e-14,80.0000000000106,0.23778887340964,0.0790083585618914,7.45550078969389e-14,-7.09432512735381e-15,0.773758553262443,-6.37837712442727e-13,-9.77298959948564,-2.05850974727246e-14,-0.0429869122185295,1.24938539551573e-13,0,0,0,0,1,0.673086199299627,0.673086199299627,80.0000000000106,-1.29636562496401e-11,5.6754601018838e-13
18.82,-9.36316608289949e-14,0.0790083585618845,-2.44183589075373e-13,-4.98333207078714e-15,1.18790761844737e-14,-1.97476948261303e-14,80.0000000000106,0.23778887340964,0.0790083585618914,7.45538241995488e-14,-6.96109836439881e-15,0.773758553262443,-6.37831178146793e-13,-9.77298959948564,-2.05850974727246e-14,-0.0429869122185295,1.24938539551573e-13,0,0,0,0,1,0.673086199299627,0.673086199299627,80.0000000000106,-1.29791820076006e-11,5.56887869151979e-13
18.83,-9.36971330771406e-14,0.0790083585618846,-2.44381723791754e-13,-4.98351409605782e-15,1.187928362993e-14,-1.97556308960704e-14,80.0000000000106,0.23778887340964,0.0790083585618914,7.45526403060165e-14,-6.83897383169006e-15,0.773758553262443,-6.37824642656589e-13,-9.77298959948564,-2.05850974727246e-14,-0.0429869122185295,1.24938539551573e-13,0,0,0,0,1,0.673086199299627,0.673086199299627,80.0000000000106,-1.29947140984123e-11,5.47117906535277e-13
18.84,-9.37626134289359e-14,0.0790083585618847,-2.44579938122158e-13,-4.98369607453842e-15,1.18794910753863e-14,-1.97635679591169e-14,80.0000000000106,0.23778887340964,0.0790083585618914,7.45514562165289e-14,-6.71684929898131e-15,0.773758553262443,-6.37818105973581e-13,-9.77298959948564,-2.05850974727246e-14,-0.0429869122185295,1.24938539551573e-13,0,0,0,0,1,0.673086199299627,0.673086199299627,80.0000000000106,-1.3010252522855e-11,5.37347943918576e-13
18.85,-9.38281018847007e-14,0.0790083585618848,-2.44778232076548e-13,-4.98387800649898e-15,1.18796985208426e-14,-1.97715060152664e-14,80.0000000000106,0.23778887340964,0.0790083585618914,7.45502719312722e-14,-6.59472476627255e-15,0.773758553262443,-6.37811568099226e-13,-9.77298959948564,-2.05850974727246e-14,-0.0429869122185295,1.24938539551573e-13,0,0,0,0,1,0.673086199299627,0.673086199299627,80.0000000000106,-1.3025797281709e-11,5.27577981301874e-13
18.86,-9.38935984447573e-14,0.079008358561885,-2.44976605664886e-13,-4.98405989220842e-15,1.18799059662989e-14,-1.97794450645162e-14,80.0000000000106,0.23778887340964,0.0790083585618914,7.45490874504315e-14,-6.46149800331755e-15,0.773758553262443,-6.37805029034978e-13,-9.77298959948564,-2.05850974727246e-14,-0.0429869122185295,1.24938539551573e-13,0,0,0,0,1,0.673086199299627,0.673086199299627,80.0000000000106,-1.30413483757542e-11,5.16919840265473e-13
18.87,-9.39591031094309e-14,0.0790083585618851,-2.45175058897135e-13,-4.98424173193462e-15,1.18801134117552e-14,-1.97873851068638e-14,80.0000000000106,0.23778887340964,0.0790083585618914,7.45479027741914e-14,-6.32827124036255e-15,0.773758553262443,-6.37798488782281e-13,-9.77298959948564,-2.05850974727246e-14,-0.0429869122185295,1.24938539551573e-13,0,0,0,0,1,0.673086199299627,0.673086199299627,80.0000000000106,-1.30569058057709e-11,5.06261699229071e-13
18.88,-9.40246158790492e-14,0.0790083585618852,-2.45373591783255e-13,-4.98442352594441e-15,1.18803208572116e-14,-1.97953261423074e-14,80.0000000000106,0.23778887340964,0.0790083585618914,7.45467179027355e-14,-6.2061467076538e-15,0.773758553262443,-6.37791947342576e-13,-9.77298959948564,-2.05850974727246e-14,-0.0429869122185295,1.24938539551573e-13,0,0,0,0,1,0.673086199299627,0.673086199299627,80.0000000000106,-1.30724695725393e-11,4.9649173661237e-13
18.89,-9.40901367539426e-14,0.0790083585618853,-2.4557220433321e-13,-4.98460527450352e-15,1.18805283026679e-14,-1.98032681708457e-14,80.0000000000106,0.23778887340964,0.0790083585618914,7.45455328362467e-14,-6.08402217494505e-15,0.773758553262443,-6.37785404717297e-13,-9.77298959948564,-2.05850974727246e-14,-0.0429869122185295,1.24938539551573e-13,0,0,0,0,1,0.673086199299627,0.673086199299627,80.0000000000106,-1.30880396768395e-11,4.86721773995669e-13
18.9,-9.41556657344442e-14,0.0790083585618855,-2.45770896556961e-13,-4.98478697787667e-15,1.18807357481242e-14,-1.98112111924777e-14,80.0000000000106,0.23778887340964,0.0790083585618914,7.45443475749069e-14,-5.9618976422363e-15,0.773758553262443,-6.37778860907871e-13,-9.77298959948564,-2.05850974727246e-14,-0.0429869122185295,1.24938539551573e-13,0,0,0,0,1,0.673086199299627,0.673086199299627,80.0000000000106,-1.31036161194519e-11,4.76951811378967e-13
18.91,-9.42212028208897e-14,0.0790083585618856,-2.4596966846447e-13,-4.98496863632751e-15,1.18809431935805e-14,-1.98191552072031e-14,80.0000000000106,0.23778887340964,0.0790083585618914,7.45431621188975e-14,-5.83977310952755e-15,0.773758553262443,-6.37772315915719e-13,-9.77298959948564,-2.05850974727246e-14,-0.0429869122185295,1.24938539551573e-13,0,0,0,0,1,0.673086199299627,0.673086199299627,80.0000000000106,-1.31191989011569e-11,4.67181848762266e-13
18.92,-9.42867480136176e-14,0.0790083585618857,-2.461685200657e-13,-4.98515025011863e-15,1.18811506390368e-14,-1.9827100215022e-14,80.0000000000106,0.23778887340964,0.0790083585618914,7.45419764683988e-14,-5.70654634657255e-15,0.773758553262443,-6.37765769742257e-13,-9.77298959948564,-2.05850974727246e-14,-0.0429869122185295,1.24938539551573e-13,0,0,0,0,1,0.673086199299627,0.673086199299627,80.0000000000106,-1.31347880227348e-11,4.56523707725864e-13
18.93,-9.43523013129687e-14,0.0790083585618858,-2.46367451370611e-13,-4.98533181951161e-15,1.18813580844931e-14,-1.98350462159349e-14,80.0000000000106,0.23778887340964,0.0790083585618914,7.45407906235906e-14,-5.5844218138638e-15,0.773758553262443,-6.37759222388894e-13,-9.77298959948564,-2.05850974727246e-14,-0.0429869122185295,1.24938539551573e-13,0,0,0,0,1,0.673086199299627,0.673086199299627,80.0000000000106,-1.3150383484966e-11,4.46753745109163e-13
18.94,-9.44178627192867e-14,0.079008358561886,-2.46566462389167e-13,-4.98551334476698e-15,1.18815655299495e-14,-1.98429932099429e-14,80.0000000000106,0.23778887340964,0.0790083585618914,7.45396045846516e-14,-5.4733995114013e-15,0.773758553262443,-6.37752673857034e-13,-9.77298959948564,-2.05850974727246e-14,-0.0429869122185295,1.24938539551573e-13,0,0,0,0,1,0.673086199299627,0.673086199299627,80.0000000000106,-1.31659852886311e-11,4.37871960912162e-13
18.95,-9.44834322329177e-14,0.0790083585618861,-2.46765553131329e-13,-4.98569482614422e-15,1.18817729754058e-14,-1.98509411970475e-14,80.0000000000106,0.23778887340964,0.0790083585618914,7.45384183517599e-14,-5.35127497869254e-15,0.773758553262443,-6.37746124148073e-13,-9.77298959948564,-2.05850974727246e-14,-0.0429869122185295,1.24938539551573e-13,0,0,0,0,1,0.673086199299627,0.673086199299627,80.0000000000106,-1.31815934345106e-11,4.2810199829546e-13
18.96,-9.45490098542106e-14,0.0790083585618862,-2.4696472360706e-13,-4.98587626390181e-15,1.18819804208621e-14,-1.98588901772508e-14,80.0000000000106,0.23778887340964,0.0790083585618914,7.45372319250928e-14,-5.22915044598379e-15,0.773758553262443,-6.37739573263403e-13,-9.77298959948564,-2.05850974727246e-14,-0.0429869122185295,1.24938539551573e-13,0,0,0,0,1,0.673086199299627,0.673086199299627,80.0000000000106,-1.3197207923385e-11,4.18332035678759e-13
18.97,-9.46145955835166e-14,0.0790083585618863,-2.47163973826321e-13,-4.98605765829718e-15,1.18821878663184e-14,-1.98668401505551e-14,80.0000000000106,0.23778887340964,0.0790083585618914,7.45360453048268e-14,-5.09592368302879e-15,0.773758553262443,-6.37733021204409e-13,-9.77298959948564,-2.05850974727246e-14,-0.0429869122185295,1.24938539551573e-13,0,0,0,0,1,0.673086199299627,0.673086199299627,80.0000000000106,-1.3212828756035e-11,4.07673894642357e-13
18.98,-9.46801894211897e-14,0.0790083585618865,-2.47363303799075e-13,-4.98623900958676e-15,1.18823953117747e-14,-1.98747911169635e-14,80.0000000000106,0.23778887340964,0.0790083585618914,7.45348584911376e-14,-4.97379915032004e-15,0.773758553262443,-6.37726467972469e-13,-9.77298959948564,-2.05850974727246e-14,-0.0429869122185295,1.24938539551573e-13,0,0,0,0,1,0.673086199299627,0.673086199299627,80.0000000000106,-1.32284559332413e-11,3.97903932025656e-13
18.99,-9.47457913675865e-14,0.0790083585618866,-2.47562713535283e-13,-4.98642031802595e-15,1.1882602757231e-14,-1.98827430764795e-14,80.0000000000106,0.23778887340964,0.0790083585618914,7.45336714842001e-14,-4.85167461761129e-15,0.773758553262443,-6.37719913568959e-13,-9.77298959948564,-2.05850974727246e-14,-0.0429869122185295,1.24938539551573e-13,0,0,0,0,1,0.673086199299627,0.673086199299627,80.0000000000106,-1.32440894557845e-11,3.88133969408955e-13
19,-9.48114014230659e-14,0.0790083585618867,-2.47762203044908e-13,-4.98660158386913e-15,1.18828102026873e-14,-1.98906960291067e-14,80.0000000000106,0.23778887340964,0.0790083585618914,7.45324842841886e-14,-4.72955008490254e-15,0.773758553262443,-6.37713357995244e-13,-9.77298959948564,-2.05850974727246e-14,-0.0429869122185295,1.24938539551573e-13,0,0,0,0,1,0.673086199299627,0.673086199299627,80.0000000000106,-1.32597293244455e-11,3.78364006792253e-13
19.01,-9.48770195879896e-14,0.0790083585618868,-2.47961772337912e-13,-4.9867828073697e-15,1.18830176481437e-14,-1.98986499748498e-14,80.0000000000106,0.23778887340964,0.0790083585618914,7.45312968912764e-14,-4.60742555219379e-15,0.773758553262443,-6.37706801252687e-13,-9.77298959948564,-2.05850974727246e-14,-0.0429869122185295,1.24938539551573e-13,0,0,0,0,1,0.673086199299627,0.673086199299627,80.0000000000106,-1.32753755400051e-11,3.68594044175552e-13
19.02,-9.49426458627216e-14,0.079008358561887,-2.48161421424258e-13,-4.98696398878004e-15,1.18832250936e-14,-1.99066049137134e-14,80.0000000000106,0.23778887340964,0.0790083585618914,7.45301093056361e-14,-4.47419878923879e-15,0.773758553262443,-6.37700243342644e-13,-9.77298959948564,-2.05850974727246e-14,-0.0429869122185295,1.24938539551573e-13,0,0,0,0,1,0.673086199299627,0.673086199299627,80.0000000000106,-1.32910281032441e-11,3.5793590313915e-13
19.03,-9.50082802476286e-14,0.0790083585618871,-2.48361150313907e-13,-4.98714512835151e-15,1.18834325390563e-14,-1.99145608457028e-14,80.0000000000106,0.23778887340964,0.0790083585618914,7.45289215274396e-14,-4.35207425653004e-15,0.773758553262443,-6.37693684266463e-13,-9.77298959948564,-2.05850974727246e-14,-0.0429869122185295,1.24938539551573e-13,0,0,0,0,1,0.673086199299627,0.673086199299627,80.0000000000106,-1.33066870149435e-11,3.48165940522449e-13
19.04,-9.50739227430798e-14,0.0790083585618872,-2.48560959016822e-13,-4.9873262263345e-15,1.18836399845126e-14,-1.99225177708239e-14,80.0000000000106,0.23778887340964,0.0790083585618914,7.4527733556858e-14,-4.22994972382128e-15,0.773758553262443,-6.3768712402549e-13,-9.77298959948564,-2.05850974727246e-14,-0.0429869122185295,1.24938539551573e-13,0,0,0,0,1,0.673086199299627,0.673086199299627,80.0000000000106,-1.33223522758843e-11,3.38395977905748e-13
19.05,-9.51395733494467e-14,0.0790083585618873,-2.48760847542965e-13,-4.98750728297841e-15,1.18838474299689e-14,-1.99304756890827e-14,80.0000000000106,0.23778887340964,0.0790083585618914,7.45265453940617e-14,-4.10782519111253e-15,0.773758553262443,-6.37680562621062e-13,-9.77298959948564,-2.05850974727246e-14,-0.0429869122185295,1.24938539551573e-13,0,0,0,0,1,0.673086199299627,0.673086199299627,80.0000000000106,-1.33380238868474e-11,3.28626015289046e-13
19.06,-9.52052320671037e-14,0.0790083585618875,-2.489608159023e-13,-4.98768829853162e-15,1.18840548754252e-14,-1.99384346004861e-14,80.0000000000106,0.23778887340964,0.0790083585618914,7.45253570392202e-14,-3.98570065840378e-15,0.773758553262443,-6.37674000054512e-13,-9.77298959948564,-2.05850974727246e-14,-0.0429869122185295,1.24938539551573e-13,0,0,0,0,1,0.673086199299627,0.673086199299627,80.0000000000106,-1.3353701848614e-11,3.18856052672345e-13
19.07,-9.52708988964273e-14,0.0790083585618876,-2.49160864104788e-13,-4.98786927324157e-15,1.18842623208816e-14,-1.9946394505041e-14,80.0000000000106,0.23778887340964,0.0790083585618914,7.45241684925024e-14,-3.85247389544878e-15,0.773758553262443,-6.37667436327167e-13,-9.77298959948564,-2.05850974727246e-14,-0.0429869122185295,1.24938539551573e-13,0,0,0,0,1,0.673086199299627,0.673086199299627,80.0000000000106,-1.33693861619651e-11,3.08197911635943e-13
19.08,-9.53365738377966e-14,0.0790083585618877,-2.49360992160392e-13,-4.98805020735467e-15,1.18844697663379e-14,-1.99543554027551e-14,80.0000000000106,0.23778887340964,0.0790083585618914,7.45229797540764e-14,-3.73034936274003e-15,0.773758553262443,-6.37660871440348e-13,-9.77298959948564,-2.05850974727246e-14,-0.0429869122185295,1.24938539551573e-13,0,0,0,0,1,0.673086199299627,0.673086199299627,80.0000000000106,-1.33850768276819e-11,2.98427949019242e-13
19.09,-9.54022568915932e-14,0.0790083585618878,-2.49561200079075e-13,-4.9882311011164e-15,1.18846772117942e-14,-1.99623172936365e-14,80.0000000000106,0.23778887340964,0.0790083585618914,7.45217908241095e-14,-3.59712259978503e-15,0.773758553262443,-6.37654305395371e-13,-9.77298959948564,-2.05850974727246e-14,-0.0429869122185295,1.24938539551573e-13,0,0,0,0,1,0.673086199299627,0.673086199299627,80.0000000000106,-1.34007738465456e-11,2.87769807982841e-13
19.1,-9.54679480582011e-14,0.079008358561888,-2.49761487870799e-13,-4.98841195477124e-15,1.18848846572505e-14,-1.99702801776935e-14,80.0000000000106,0.23778887340964,0.0790083585618914,7.45206017027683e-14,-3.47499806707628e-15,0.773758553262443,-6.37647738193544e-13,-9.77298959948564,-2.05850974727246e-14,-0.0429869122185295,1.24938539551573e-13,0,0,0,0,1,0.673086199299627,0.673086199299627,80.0000000000106,-1.34164772193376e-11,2.77999845366139e-13
19.11,-9.55336473380068e-14,0.0790083585618881,-2.49961855545528e-13,-4.98859276856271e-15,1.18850921027068e-14,-1.99782440549352e-14,80.0000000000106,0.23778887340964,0.0790083585618914,7.45194123902187e-14,-3.34177130412128e-15,0.773758553262443,-6.37641169836173e-13,-9.77298959948564,-2.05850974727246e-14,-0.0429869122185295,1.24938539551573e-13,0,0,0,0,1,0.673086199299627,0.673086199299627,80.0000000000106,-1.34321869468391e-11,2.67341704329738e-13
19.12,-9.55993547313993e-14,0.0790083585618882,-2.50162303113224e-13,-4.98877354273335e-15,1.18852995481631e-14,-1.99862089253708e-14,80.0000000000106,0.23778887340964,0.0790083585618914,7.45182228866259e-14,-3.21964677141253e-15,0.773758553262443,-6.37634600324555e-13,-9.77298959948564,-2.05850974727246e-14,-0.0429869122185295,1.24938539551573e-13,0,0,0,0,1,0.673086199299627,0.673086199299627,80.0000000000106,-1.34479030298315e-11,2.57571741713036e-13
19.13,-9.56650702387698e-14,0.0790083585618883,-2.50362830583851e-13,-4.98895427752477e-15,1.18852929848762e-14,-1.99941747890103e-14,80.0000000000106,0.23778887340964,0.0790083585618914,7.45170331921541e-14,-3.09752223870378e-15,0.773758553262443,-6.37628029659983e-13,-9.77298959948564,-2.05850974727246e-14,-0.0429869122185295,1.24938539551573e-13,0,0,0,0,1,0.673086199299627,0.673086199299627,80.0000000000106,-1.34636254690962e-11,2.47801779096335e-13
19.14,-9.57307938605122e-14,0.0790083585618885,-2.50563437967372e-13,-4.9891349731776e-15,1.18852864215893e-14,-2.00021416458639e-14,80.0000000000106,0.23778887340964,0.0790083585618914,7.45158433069672e-14,-2.97539770599502e-15,0.773758553262443,-6.37621457843746e-13,-9.77298959948564,-2.05850974727246e-14,-0.0429869122185295,1.24938539551573e-13,0,0,0,0,1,0.673086199299627,0.673086199299627,80.0000000000106,-1.34793542654147e-11,2.38031816479634e-13
19.15,-9.57965255970227e-14,0.0790083585618886,-2.50764125273749e-13,-4.98931562993151e-15,1.18852798583024e-14,-2.00101094959423e-14,80.0000000000106,0.23778887340964,0.0790083585618914,7.45146532312279e-14,-2.85327317328627e-15,0.773758553262443,-6.37614884877123e-13,-9.77298959948564,-2.05850974727246e-14,-0.0429869122185295,1.24938539551573e-13,0,0,0,0,1,0.673086199299627,0.673086199299627,80.0000000000106,-1.34950894195686e-11,2.28261853862932e-13
19.16,-9.58622654486997e-14,0.0790083585618887,-2.50964892512947e-13,-4.98949624802524e-15,1.18852732950155e-14,-2.00180783392567e-14,80.0000000000106,0.23778887340964,0.0790083585618914,7.45134629650985e-14,-2.72004641033127e-15,0.773758553262443,-6.37608310761392e-13,-9.77298959948564,-2.05850974727246e-14,-0.0429869122185295,1.24938539551573e-13,0,0,0,0,1,0.673086199299627,0.673086199299627,80.0000000000106,-1.35108309323393e-11,2.17603712826531e-13
19.17,-9.59280134159443e-14,0.0790083585618888,-2.51165739694929e-13,-4.98967682769658e-15,1.18852667317286e-14,-2.00260481758186e-14,80.0000000000106,0.23778887340964,0.0790083585618914,7.45122725087406e-14,-2.59792187762252e-15,0.773758553262443,-6.37601735497824e-13,-9.77298959948564,-2.05850974727246e-14,-0.0429869122185295,1.24938539551573e-13,0,0,0,0,1,0.673086199299627,0.673086199299627,80.0000000000106,-1.35265788045086e-11,2.07833750209829e-13
19.18,-9.59937694991598e-14,0.079008358561889,-2.51366666829658e-13,-4.98985736918238e-15,1.18852560570053e-14,-2.003401900564e-14,80.0000000000106,0.23778887340964,0.0790083585618914,7.45110818623148e-14,-2.47579734491377e-15,0.773758553262443,-6.37595159087682e-13,-9.77298959948564,-2.05850974727246e-14,-0.0429869122185295,1.24938539551573e-13,0,0,0,0,1,0.673086199299627,0.673086199299627,80.0000000000106,-1.35423330368581e-11,1.98063787593128e-13
19.19,-9.6059533698752e-14,0.0790083585618891,-2.51567673927098e-13,-4.99003787271852e-15,1.1885245382282e-14,-2.00419908287335e-14,80.0000000000106,0.23778887340964,0.0790083585618914,7.45098910259812e-14,-2.35367281220502e-15,0.773758553262443,-6.37588581532228e-13,-9.77298959948564,-2.05850974727246e-14,-0.0429869122185295,1.24938539551573e-13,0,0,0,0,1,0.673086199299627,0.673086199299627,80.0000000000106,-1.35580936301696e-11,1.88293824976427e-13
19.2,-9.61253060151289e-14,0.0790083585618892,-2.51768760997214e-13,-4.99021833854e-15,1.18852347075587e-14,-2.0049963645112e-14,80.0000000000106,0.23778887340964,0.0790083585618914,7.45086999998992e-14,-2.22044604925002e-15,0.773758553262443,-6.37582002832715e-13,-9.77298959948564,-2.05850974727246e-14,-0.0429869122185295,1.24938539551573e-13,0,0,0,0,1,0.673086199299627,0.673086199299627,80.0000000000106,-1.35738605852248e-11,1.77635683940025e-13
19.21,-9.6191086448701e-14,0.0790083585618893,-2.51969928049968e-13,-4.99039876688085e-15,1.18852240328354e-14,-2.00579374547886e-14,80.0000000000106,0.23778887340964,0.0790083585618914,7.45075087842274e-14,-2.08721928629502e-15,0.773758553262443,-6.37575422990392e-13,-9.77298959948564,-2.05850974727246e-14,-0.0429869122185295,1.24938539551573e-13,0,0,0,0,1,0.673086199299627,0.673086199299627,80.0000000000106,-1.35896339028055e-11,1.66977542903624e-13
19.22,-9.62568749998811e-14,0.0790083585618895,-2.52171175095326e-13,-4.99057915797417e-15,1.18852174695485e-14,-2.00659122577774e-14,80.0000000000106,0.23778887340964,0.0790083585618914,7.45063173791236e-14,-1.96509475358627e-15,0.773758553262443,-6.37568842006503e-13,-9.77298959948564,-2.05850974727246e-14,-0.0429869122185295,1.24938539551573e-13,0,0,0,0,1,0.673086199299627,0.673086199299627,80.0000000000106,-1.36054135836937e-11,1.57207580286922e-13
19.23,-9.63226716690843e-14,0.0790083585618896,-2.52372502143251e-13,-4.99075951205218e-15,1.18852109062615e-14,-2.00738880540923e-14,80.0000000000106,0.23778887340964,0.0790083585618914,7.45051257847452e-14,-1.84297022087752e-15,0.773758553262443,-6.37562259882286e-13,-9.77298959948564,-2.05850974727246e-14,-0.0429869122185295,1.24938539551573e-13,0,0,0,0,1,0.673086199299627,0.673086199299627,80.0000000000106,-1.36211996286714e-11,1.47437617670221e-13
19.24,-9.6388476456728e-14,0.0790083585618897,-2.52573909203708e-13,-4.99093982934613e-15,1.18852043429746e-14,-2.0081864843748e-14,80.0000000000106,0.23778887340964,0.0790083585618914,7.45039340012486e-14,-1.72084568816876e-15,0.773758553262443,-6.37555676618973e-13,-9.77298959948564,-2.05850974727246e-14,-0.0429869122185295,1.24938539551573e-13,0,0,0,0,1,0.673086199299627,0.673086199299627,80.0000000000106,-1.36369920385204e-11,1.37667655053519e-13
19.25,-9.64542893632321e-14,0.0790083585618898,-2.52775396286662e-13,-4.99112011008638e-15,1.18851977796877e-14,-2.00898426267596e-14,80.0000000000106,0.23778887340964,0.0790083585618914,7.45027420287896e-14,-1.58761892521376e-15,0.773758553262443,-6.37549092217791e-13,-9.77298959948564,-2.05850974727246e-14,-0.0429869122185295,1.24938539551573e-13,0,0,0,0,1,0.673086199299627,0.673086199299627,80.0000000000106,-1.36527908140229e-11,1.27009514017118e-13
19.26,-9.65201103890186e-14,0.07900835856189,-2.52976963402077e-13,-4.99130035450237e-15,1.18851912164008e-14,-2.00978214031425e-14,80.0000000000106,0.23778887340964,0.0790083585618914,7.45015498675234e-14,-1.46549439250501e-15,0.773758553262443,-6.37542506679963e-13,-9.77298959948564,-2.05850974727246e-14,-0.0429869122185295,1.24938539551573e-13,0,0,0,0,1,0.673086199299627,0.673086199299627,80.0000000000106,-1.36685959559609e-11,1.17239551400417e-13
19.27,-9.65859395345119e-14,0.0790083585618901,-2.53178610559918e-13,-4.99148056282264e-15,1.18851846531139e-14,-2.01058011729126e-14,80.0000000000106,0.23778887340964,0.0790083585618914,7.45003575176043e-14,-1.34336985979626e-15,0.773758553262443,-6.37535920006705e-13,-9.77298959948564,-2.05850974727246e-14,-0.0429869122185295,1.24938539551573e-13,0,0,0,0,1,0.673086199299627,0.673086199299627,80.0000000000106,-1.36844074651167e-11,1.07469588783715e-13
19.28,-9.66517768001387e-14,0.0790083585618902,-2.5338033777015e-13,-4.99166073527482e-15,1.1885178089827e-14,-2.01137819360863e-14,80.0000000000106,0.23778887340964,0.0790083585618914,7.44991649791862e-14,-1.22124532708751e-15,0.773758553262443,-6.3752933219923e-13,-9.77298959948564,-2.05850974727246e-14,-0.0429869122185295,1.24938539551573e-13,0,0,0,0,1,0.673086199299627,0.673086199299627,80.0000000000106,-1.37002253422723e-11,9.76996261670138e-14
19.29,-9.6717622186328e-14,0.0790083585618903,-2.53582145042738e-13,-4.99184087208564e-15,1.18853494385952e-14,-2.01217636926801e-14,80.0000000000106,0.23778887340964,0.0790083585618914,7.44979722524219e-14,-1.11022302462501e-15,0.773758553262443,-6.37522743258742e-13,-9.77298959948564,-2.05850974727246e-14,-0.0429869122185295,1.24938539551573e-13,0,0,0,0,1,0.673086199299627,0.673086199299627,80.0000000000106,-1.37160495882102e-11,8.88178419700125e-14
19.3,-9.6783475693511e-14,0.0790083585618905,-2.53784032387648e-13,-4.99202097348093e-15,1.18853428753083e-14,-2.01297464427114e-14,80.0000000000106,0.23778887340964,0.0790083585618914,7.4496779337464e-14,-9.88098491916258e-16,0.773758553262443,-6.37516153186443e-13,-9.77298959948564,-2.05850974727246e-14,-0.0429869122185295,1.24938539551573e-13,0,0,0,0,1,0.673086199299627,0.673086199299627,80.0000000000106,-1.37318802037126e-11,7.90478793533111e-14
19.31,-9.68493373221212e-14,0.0790083585618906,-2.53985999814845e-13,-4.99220103968562e-15,1.18853363120214e-14,-2.01377301861976e-14,80.0000000000106,0.23778887340964,0.0790083585618914,7.4495586234464e-14,-8.43769498715007e-16,0.773758553262443,-6.37509561983529e-13,-9.77298959948564,-2.05850974727246e-14,-0.0429869122185295,1.24938539551573e-13,0,0,0,0,1,0.673086199299627,0.673086199299627,80.0000000000106,-1.37477171895618e-11,6.75015598972095e-14
19.32,-9.69152070725944e-14,0.0790083585618907,-2.54188047334295e-13,-4.99238107092376e-15,1.18853297487345e-14,-2.01457149231567e-14,80.0000000000106,0.23778887340964,0.0790083585618914,7.4494392943573e-14,-7.21644966006256e-16,0.773758553262443,-6.37502969651191e-13,-9.77298959948564,-2.05850974727246e-14,-0.0429869122185295,1.24938539551573e-13,0,0,0,0,1,0.673086199299627,0.673086199299627,80.0000000000106,-1.37635605465404e-11,5.77315972805081e-14
19.33,-9.69810849453687e-14,0.0790083585618908,-2.54390174955964e-13,-4.99256106741851e-15,1.18853231854476e-14,-2.01537006536071e-14,80.0000000000106,0.23778887340964,0.0790083585618914,7.44931994649413e-14,-5.99520433297505e-16,0.773758553262443,-6.37496376190612e-13,-9.77298959948564,-2.05850974727246e-14,-0.0429869122185295,1.24938539551573e-13,0,0,0,0,1,0.673086199299627,0.673086199299627,80.0000000000106,-1.37794102754307e-11,4.79616346638068e-14
19.34,-9.70469709408842e-14,0.079008358561891,-2.54592382689818e-13,-4.99274102939215e-15,1.18853166221607e-14,-2.01616873775676e-14,80.0000000000106,0.23778887340964,0.0790083585618914,7.44920057987185e-14,-4.77395900588754e-16,0.773758553262443,-6.37489781602975e-13,-9.77298959948564,-2.05850974727246e-14,-0.0429869122185295,1.24938539551573e-13,0,0,0,0,1,0.673086199299627,0.673086199299627,80.0000000000106,-1.37952663770154e-11,3.81916720471054e-14
19.35,-9.71128650595835e-14,0.0790083585618911,-2.54794670545824e-13,-4.99292095706607e-15,1.18853100588738e-14,-2.01696750950574e-14,80.0000000000106,0.23778887340964,0.0790083585618914,7.44908119450535e-14,-3.55271367880003e-16,0.773758553262443,-6.37483185889454e-13,-9.77298959948564,-2.05850974727246e-14,-0.0429869122185295,1.24938539551573e-13,0,0,0,0,1,0.673086199299627,0.673086199299627,80.0000000000106,-1.3811128852077e-11,2.8421709430404e-14
19.36,-9.71787673019113e-14,0.0790083585618912,-2.54997038533947e-13,-4.99310085066079e-15,1.18853034955869e-14,-2.01776638060961e-14,80.0000000000106,0.23778887340964,0.0790083585618914,7.44896179040947e-14,-2.22044604925002e-16,0.773758553262443,-6.37476589051219e-13,-9.77298959948564,-2.05850974727246e-14,-0.0429869122185295,1.24938539551573e-13,0,0,0,0,1,0.673086199299627,0.673086199299627,80.0000000000106,-1.38269977013982e-11,1.77635683940025e-14
19.37,-9.72446776683146e-14,0.0790083585618913,-2.55199486664154e-13,-4.99328071039597e-15,1.18852969323e-14,-2.01856535107037e-14,80.0000000000106,0.23778887340964,0.0790083585618914,7.44884236759898e-14,-9.99200722162508e-17,0.773758553262443,-6.37469991089435e-13,-9.77298959948564,-2.05850974727246e-14,-0.0429869122185295,1.24938539551573e-13,0,0,0,0,1,0.673086199299627,0.673086199299627,80.0000000000106,-1.38428729257616e-11,7.99360577730113e-15
19.38,-9.73105961592424e-14,0.0790083585618915,-2.55402014946413e-13,-4.99346053649037e-15,1.18852903690131e-14,-2.01936442089007e-14,80.0000000000106,0.23778887340964,0.0790083585618914,7.44872292608856e-14,2.22044604925002e-17,0.773758553262443,-6.37463392005262e-13,-9.77298959948564,-2.05850974727246e-14,-0.0429869122185295,1.24938539551573e-13,0,0,0,0,1,0.673086199299627,0.673086199299627,80.0000000000106,-1.385875452595e-11,-1.77635683940025e-15
19.39,-9.73765227751462e-14,0.0790083585618916,-2.5560462339069e-13,-4.99364032916191e-15,1.18852838057262e-14,-2.02016359007079e-14,80.0000000000106,0.23778887340964,0.0790083585618914,7.44860346589285e-14,1.44328993201251e-16,0.773758553262443,-6.37456791799854e-13,-9.77298959948564,-2.05850974727246e-14,-0.0429869122185295,1.24938539551573e-13,0,0,0,0,1,0.673086199299627,0.673086199299627,80.0000000000106,-1.38746425027463e-11,-1.15463194561016e-14
19.4,-9.74424575164795e-14,0.0790083585618917,-2.55807312006953e-13,-4.99382008862764e-15,1.18852772424392e-14,-2.02096285861464e-14,80.0000000000106,0.23778887340964,0.0790083585618914,7.44848398702641e-14,2.77555756156252e-16,0.773758553262443,-6.37450190474362e-13,-9.77298959948564,-2.05850974727246e-14,-0.0429869122185295,1.24938539551573e-13,0,0,0,0,1,0.673086199299627,0.673086199299627,80.0000000000106,-1.38905368569333e-11,-2.22044604925031e-14
19.41,-9.7508400383698e-14,0.0790083585618918,-2.56010080805169e-13,-4.99399981510375e-15,1.18852706791523e-14,-2.0217622265238e-14,80.0000000000106,0.23778887340964,0.0790083585618914,7.44836448950375e-14,3.99680288865003e-16,0.773758553262443,-6.3744358802993e-13,-9.77298959948564,-2.05850974727246e-14,-0.0429869122185295,1.24938539551573e-13,0,0,0,0,1,0.673086199299627,0.673086199299627,80.0000000000106,-1.39064375892939e-11,-3.19744231092045e-14
19.42,-9.75743513772595e-14,0.079008358561892,-2.56212929795306e-13,-4.99417950880558e-15,1.1885260004429e-14,-2.02256169380047e-14,80.0000000000106,0.23778887340964,0.0790083585618914,7.44824497333929e-14,5.21804821573754e-16,0.773758553262443,-6.37436984467697e-13,-9.77298959948564,-2.05850974727246e-14,-0.0429869122185295,1.24938539551573e-13,0,0,0,0,1,0.673086199299627,0.673086199299627,80.0000000000106,-1.39223447006112e-11,-4.17443857259059e-14
19.43,-9.76403104976243e-14,0.0790083585618921,-2.56415858987332e-13,-4.99435916994761e-15,1.18852493297057e-14,-2.02336126044688e-14,80.0000000000106,0.23778887340964,0.0790083585618914,7.4481254385474e-14,6.43929354282505e-16,0.773758553262443,-6.374303797888e-13,-9.77298959948564,-2.05850974727246e-14,-0.0429869122185295,1.24938539551573e-13,0,0,0,0,1,0.673086199299627,0.673086199299627,80.0000000000106,-1.3938258191668e-11,-5.15143483426073e-14
19.44,-9.77062777452544e-14,0.0790083585618922,-2.56618868391215e-13,-4.99453879874347e-15,1.18852386549824e-14,-2.02416092646532e-14,80.0000000000106,0.23778887340964,0.0790083585618914,7.4480058851424e-14,7.66053886991256e-16,0.773758553262443,-6.37423773994366e-13,-9.77298959948564,-2.05850974727246e-14,-0.0429869122185295,1.24938539551573e-13,0,0,0,0,1,0.673086199299627,0.673086199299627,80.0000000000106,-1.39541780632477e-11,-6.12843109593086e-14
19.45,-9.77722531206142e-14,0.0790083585618923,-2.56821958016923e-13,-4.99471839540595e-15,1.18852279802591e-14,-2.02496069185812e-14,80.0000000000106,0.23778887340964,0.0790083585618914,7.44788631313851e-14,8.99280649946257e-16,0.773758553262443,-6.37417167085523e-13,-9.77298959948564,-2.05850974727246e-14,-0.0429869122185295,1.24938539551573e-13,0,0,0,0,1,0.673086199299627,0.673086199299627,80.0000000000106,-1.39701043161332e-11,-7.19424519957101e-14
19.46,-9.78382366241703e-14,0.0790083585618925,-2.57025127874426e-13,-4.99489796014701e-15,1.18852214169722e-14,-2.02576055662762e-14,80.0000000000106,0.23778887340964,0.0790083585618914,7.44776672254992e-14,1.02140518265501e-15,0.773758553262443,-6.37410559063389e-13,-9.77298959948564,-2.05850974727246e-14,-0.0429869122185295,1.24938539551573e-13,0,0,0,0,1,0.673086199299627,0.673086199299627,80.0000000000106,-1.39860369511078e-11,-8.17124146124115e-14
19.47,-9.79042282563914e-14,0.0790083585618926,-2.57228377973692e-13,-4.99507749317775e-15,1.18852148536853e-14,-2.02656052077624e-14,80.0000000000106,0.23778887340964,0.0790083585618914,7.44764711339072e-14,1.14352971536376e-15,0.773758553262443,-6.37403949929079e-13,-9.77298959948564,-2.05850974727246e-14,-0.0429869122185295,1.24938539551573e-13,0,0,0,0,1,0.673086199299627,0.673086199299627,80.0000000000106,-1.40019759689547e-11,-9.14823772291129e-14
19.48,-9.79702280177481e-14,0.0790083585618927,-2.57431708324689e-13,-4.99525699470844e-15,1.18852082903984e-14,-2.0273605843064e-14,80.0000000000106,0.23778887340964,0.0790083585618914,7.44752748567498e-14,1.26565424807251e-15,0.773758553262443,-6.37397339683704e-13,-9.77298959948564,-2.05850974727246e-14,-0.0429869122185295,1.24938539551573e-13,0,0,0,0,1,0.673086199299627,0.673086199299627,80.0000000000106,-1.40179213704574e-11,-1.01252339845814e-13
19.49,-9.80362359087134e-14,0.0790083585618928,-2.57635118937389e-13,-4.99543646494853e-15,1.18852017271115e-14,-2.02816074722059e-14,80.0000000000106,0.23778887340964,0.0790083585618914,7.44740783941667e-14,1.38777878078126e-15,0.773758553262443,-6.37390728328369e-13,-9.77298959948564,-2.05850974727246e-14,-0.0429869122185295,1.24938539551573e-13,0,0,0,0,1,0.673086199299627,0.673086199299627,80.0000000000106,-1.40338731563991e-11,-1.11022302462516e-13
19.5,-9.81022519297623e-14,0.079008358561893,-2.57838609821759e-13,-4.99561590410664e-15,1.18851951638246e-14,-2.02896100952132e-14,80.0000000000106,0.23778887340964,0.0790083585618914,7.44728817462972e-14,1.52100554373626e-15,0.773758553262443,-6.37384115864175e-13,-9.77298959948564,-2.05850974727246e-14,-0.0429869122185295,1.24938539551573e-13,0,0,0,0,1,0.673086199299627,0.673086199299627,80.0000000000106,-1.40498313275633e-11,-1.21680443498917e-13
19.51,-9.81682760813719e-14,0.0790083585618931,-2.58042180987771e-13,-4.99579531239054e-15,1.18851886005376e-14,-2.02976137121115e-14,80.0000000000106,0.23778887340964,0.0790083585618914,7.44716849132798e-14,1.64313007644501e-15,0.773758553262443,-6.37377502292218e-13,-9.77298959948564,-2.05850974727246e-14,-0.0429869122185295,1.24938539551573e-13,0,0,0,0,1,0.673086199299627,0.673086199299627,80.0000000000106,-1.40657958847334e-11,-1.31450406115619e-13
19.52,-9.82343083640214e-14,0.0790083585618932,-2.58245832445394e-13,-4.99597469000721e-15,1.18851820372507e-14,-2.03056183229267e-14,80.0000000000106,0.23778887340964,0.0790083585618914,7.44704878952524e-14,1.76525460915376e-15,0.773758553262443,-6.37370887613588e-13,-9.77298959948564,-2.05850974727246e-14,-0.0429869122185295,1.24938539551573e-13,0,0,0,0,1,0.673086199299627,0.673086199299627,80.0000000000106,-1.40817668286932e-11,-1.4122036873232e-13
19.53,-9.8300348778192e-14,0.0790083585618933,-2.58449564204598e-13,-4.99615403716279e-15,1.1885353386019e-14,-2.03136239276851e-14,80.0000000000106,0.23778887340964,0.0790083585618914,7.44692906923525e-14,1.88737914186252e-15,0.773758553262443,-6.37364271829372e-13,-9.77298959948564,-2.05850974727246e-14,-0.0429869122185295,1.24938539551573e-13,0,0,0,0,1,0.673086199299627,0.673086199299627,80.0000000000106,-1.4097744160226e-11,-1.50990331349021e-13
19.54,-9.83663973243672e-14,0.0790083585618935,-2.58653376275355e-13,-4.99633335406263e-15,1.18853468227321e-14,-2.03216305264134e-14,80.0000000000106,0.23778887340964,0.0790083585618914,7.44680933047166e-14,2.03170813506377e-15,0.773758553262443,-6.37357654940652e-13,-9.77298959948564,-2.05850974727246e-14,-0.0429869122185295,1.24938539551573e-13,0,0,0,0,1,0.673086199299627,0.673086199299627,80.0000000000106,-1.41137278801157e-11,-1.62536650805123e-13
19.55,-9.84324540030324e-14,0.0790083585618936,-2.58857268667635e-13,-4.99651264091123e-15,1.18853402594452e-14,-2.03296381191386e-14,80.0000000000106,0.23778887340964,0.0790083585618914,7.44668957324808e-14,2.15383266777252e-15,0.773758553262443,-6.37351036948503e-13,-9.77298959948564,-2.05850974727246e-14,-0.0429869122185295,1.24938539551573e-13,0,0,0,0,1,0.673086199299627,0.673086199299627,80.0000000000106,-1.41297179891459e-11,-1.72306613421824e-13
19.56,-9.8498518814675e-14,0.0790083585618937,-2.59061241391409e-13,-4.99669189791232e-15,1.18853336961583e-14,-2.03376467058882e-14,80.0000000000106,0.23778887340964,0.0790083585618914,7.44656979757806e-14,2.27595720048127e-15,0.773758553262443,-6.37344417853998e-13,-9.77298959948564,-2.05850974727246e-14,-0.0429869122185295,1.24938539551573e-13,0,0,0,0,1,0.673086199299627,0.673086199299627,80.0000000000106,-1.41457144881004e-11,-1.82076576038526e-13
19.57,-9.85645917597846e-14,0.0790083585618938,-2.5926529445665e-13,-4.9968711252688e-15,1.18853271328714e-14,-2.034565628669e-14,80.0000000000106,0.23778887340964,0.0790083585618914,7.44645000347509e-14,2.39808173319002e-15,0.773758553262443,-6.37337797658204e-13,-9.77298959948564,-2.05850974727246e-14,-0.0429869122185295,1.24938539551573e-13,0,0,0,0,1,0.673086199299627,0.673086199299627,80.0000000000106,-1.4161717377763e-11,-1.91846538655227e-13
19.58,-9.86306728388528e-14,0.079008358561894,-2.59469427873328e-13,-4.99705032318277e-15,1.18853205695844e-14,-2.03536668615723e-14,80.0000000000106,0.23778887340964,0.0790083585618914,7.44633019095259e-14,2.52020626589877e-15,0.773758553262443,-6.37331176362184e-13,-9.77298959948564,-2.05850974727246e-14,-0.0429869122185295,1.24938539551573e-13,0,0,0,0,1,0.673086199299627,0.673086199299627,80.0000000000106,-1.41777266589178e-11,-2.01616501271928e-13
19.59,-9.86967620523734e-14,0.0790083585618941,-2.59673641651415e-13,-4.99722949185555e-15,1.18853140062975e-14,-2.03616784305635e-14,80.0000000000106,0.23778887340964,0.0790083585618914,7.44621036002392e-14,2.65343302885377e-15,0.773758553262443,-6.37324553966996e-13,-9.77298959948564,-2.05850974727246e-14,-0.0429869122185295,1.24938539551573e-13,0,0,0,0,1,0.673086199299627,0.673086199299627,80.0000000000106,-1.41937423323485e-11,-2.1227464230833e-13
19.6,-9.87628594008418e-14,0.0790083585618942,-2.59877935800885e-13,-4.99740863148764e-15,1.18853074430106e-14,-2.03696909936926e-14,80.0000000000106,0.23778887340964,0.0790083585618914,7.44609051070237e-14,2.77555756156252e-15,0.773758553262443,-6.37317930473692e-13,-9.77298959948564,-2.05850974727246e-14,-0.0429869122185295,1.24938539551573e-13,0,0,0,0,1,0.673086199299627,0.673086199299627,80.0000000000106,-1.42097643988393e-11,-2.22044604925031e-13
19.61,-9.88289648847559e-14,0.0790083585618943,-2.6008231033171e-13,-4.99758774227875e-15,1.18853008797237e-14,-2.0377704550989e-14,80.0000000000106,0.23778887340964,0.0790083585618914,7.4459706430012e-14,2.89768209427127e-15,0.773758553262443,-6.37311305883323e-13,-9.77298959948564,-2.05850974727246e-14,-0.0429869122185295,1.24938539551573e-13,0,0,0,0,1,0.673086199299627,0.673086199299627,80.0000000000106,-1.42257928591741e-11,-2.31814567541733e-13
19.62,-9.88950785046152e-14,0.0790083585618945,-2.60286765253862e-13,-4.99776682442783e-15,1.18852943164368e-14,-2.03857191024823e-14,80.0000000000106,0.23778887340964,0.0790083585618914,7.44585075693358e-14,3.01980662698002e-15,0.773758553262443,-6.37304680196931e-13,-9.77298959948564,-2.05850974727246e-14,-0.0429869122185295,1.24938539551573e-13,0,0,0,0,1,0.673086199299627,0.673086199299627,80.0000000000106,-1.42418277141373e-11,-2.41584530158434e-13
19.63,-9.89612002609217e-14,0.0790083585618946,-2.60491300577315e-13,-4.997945878133e-15,1.18852877531499e-14,-2.03937346482025e-14,80.0000000000106,0.23778887340964,0.0790083585618914,7.44573085251263e-14,3.14193115968878e-15,0.773758553262443,-6.37298053415557e-13,-9.77298959948564,-2.05850974727246e-14,-0.0429869122185295,1.24938539551573e-13,0,0,0,0,1,0.673086199299627,0.673086199299627,80.0000000000106,-1.42578689645128e-11,-2.51354492775135e-13
19.64,-9.90273301541789e-14,0.0790083585618947,-2.60695916312042e-13,-4.99812490359162e-15,1.1885281189863e-14,-2.04017511881801e-14,80.0000000000106,0.23778887340964,0.0790083585618914,7.44561092975141e-14,3.27515792264378e-15,0.773758553262443,-6.37291425540235e-13,-9.77298959948564,-2.05850974727246e-14,-0.0429869122185295,1.24938539551573e-13,0,0,0,0,1,0.673086199299627,0.673086199299627,80.0000000000106,-1.42739166110851e-11,-2.62012633811537e-13
19.65,-9.90934681848926e-14,0.0790083585618948,-2.60900612468018e-13,-4.99830390100029e-15,1.18852746265761e-14,-2.04097687224458e-14,80.0000000000106,0.23778887340964,0.0790083585618914,7.44549098866292e-14,3.39728245535253e-15,0.773758553262443,-6.37284796571996e-13,-9.77298959948564,-2.05850974727246e-14,-0.0429869122185295,1.24938539551573e-13,0,0,0,0,1,0.673086199299627,0.673086199299627,80.0000000000106,-1.42899706546383e-11,-2.71782596428238e-13
19.66,-9.91596143535705e-14,0.079008358561895,-2.61105389055216e-13,-4.99848287055479e-15,1.18852680632892e-14,-2.04177872510308e-14,80.0000000000106,0.23778887340964,0.0790083585618914,7.4453710292601e-14,3.51940698806128e-15,0.773758553262443,-6.37278166511865e-13,-9.77298959948564,-2.05850974727246e-14,-0.0429869122185295,1.24938539551573e-13,0,0,0,0,1,0.673086199299627,0.673086199299627,80.0000000000106,-1.43060310959569e-11,-2.8155255904494e-13
19.67,-9.92257686607222e-14,0.0790083585618951,-2.61310246083611e-13,-4.99866181245015e-15,1.18852573885659e-14,-2.04258067739666e-14,80.0000000000106,0.23778887340964,0.0790083585618914,7.44525105155584e-14,3.64153152077003e-15,0.773758553262443,-6.37271535360864e-13,-9.77298959948564,-2.05850974727246e-14,-0.0429869122185295,1.24938539551573e-13,0,0,0,0,1,0.673086199299627,0.673086199299627,80.0000000000106,-1.43220979358254e-11,-2.91322521661641e-13
19.68,-9.92919311068595e-14,0.0790083585618952,-2.61515183563178e-13,-4.99884072688064e-15,1.18852467138425e-14,-2.0433827291285e-14,80.0000000000106,0.23778887340964,0.0790083585618914,7.44513105556296e-14,3.76365605347878e-15,0.773758553262443,-6.37264903120009e-13,-9.77298959948564,-2.05850974727246e-14,-0.0429869122185295,1.24938539551573e-13,0,0,0,0,1,0.673086199299627,0.673086199299627,80.0000000000106,-1.43381711750281e-11,-3.01092484278342e-13
19.69,-9.93581016924959e-14,0.0790083585618953,-2.61720201503891e-13,-4.99901961403973e-15,1.18852360391192e-14,-2.04418488030183e-14,80.0000000000106,0.23778887340964,0.0790083585618914,7.44501104129422e-14,3.88578058618753e-15,0.773758553262443,-6.37258269790314e-13,-9.77298959948564,-2.05850974727246e-14,-0.0429869122185295,1.24938539551573e-13,0,0,0,0,1,0.673086199299627,0.673086199299627,80.0000000000106,-1.43542508143497e-11,-3.10862446895044e-13
19.7,-9.9424280418147e-14,0.0790083585618955,-2.61925299915727e-13,-4.99919847412017e-15,1.18852253643959e-14,-2.04498713091991e-14,80.0000000000106,0.23778887340964,0.0790083585618914,7.44489100876233e-14,4.01900734914253e-15,0.773758553262443,-6.37251635372785e-13,-9.77298959948564,-2.05850974727246e-14,-0.0429869122185295,1.24938539551573e-13,0,0,0,0,1,0.673086199299627,0.673086199299627,80.0000000000106,-1.43703368545748e-11,-3.21520587931445e-13
19.71,-9.94904672843304e-14,0.0790083585618956,-2.62130478808661e-13,-4.9993773073139e-15,1.1885218801109e-14,-2.04578948098602e-14,80.0000000000106,0.23778887340964,0.0790083585618914,7.44477095797993e-14,4.14113188185128e-15,0.773758553262443,-6.37244999868427e-13,-9.77298959948564,-2.05850974727246e-14,-0.0429869122185295,1.24938539551573e-13,0,0,0,0,1,0.673086199299627,0.673086199299627,80.0000000000106,-1.4386429296488e-11,-3.31290550548147e-13
19.72,-9.95566622915654e-14,0.0790083585618957,-2.62335738192668e-13,-4.99955611381214e-15,1.18852122378221e-14,-2.04659193050349e-14,80.0000000000106,0.23778887340964,0.0790083585618914,7.44465088895962e-14,4.26325641456004e-15,0.773758553262443,-6.37238363278239e-13,-9.77298959948564,-2.05850974727246e-14,-0.0429869122185295,1.24938539551573e-13,0,0,0,0,1,0.673086199299627,0.673086199299627,80.0000000000106,-1.44025281408741e-11,-3.41060513164848e-13
19.73,-9.96228654403736e-14,0.0790083585618958,-2.62541078077726e-13,-4.99973489380533e-15,1.18852056745352e-14,-2.0473944794757e-14,80.0000000000106,0.23778887340964,0.0790083585618914,7.44453080171392e-14,4.38538094726879e-15,0.773758553262443,-6.37231725603214e-13,-9.77298959948564,-2.05850974727246e-14,-0.0429869122185295,1.24938539551573e-13,0,0,0,0,1,0.673086199299627,0.673086199299627,80.0000000000106,-1.44186333885178e-11,-3.50830475781549e-13
19.74,-9.96890767312782e-14,0.079008358561896,-2.62746498473812e-13,-4.99991364748317e-15,1.18851991112483e-14,-2.04819712790604e-14,80.0000000000106,0.23778887340964,0.0790083585618914,7.44441069625532e-14,4.51860771022379e-15,0.773758553262443,-6.37225086844344e-13,-9.77298959948564,-2.05850974727246e-14,-0.0429869122185295,1.24938539551573e-13,0,0,0,0,1,0.673086199299627,0.673086199299627,80.0000000000106,-1.44347450402042e-11,-3.61488616817951e-13
19.75,-9.97552961648044e-14,0.0790083585618961,-2.62951999390901e-13,-5.00009237503461e-15,1.18851925479614e-14,-2.04899987579794e-14,80.0000000000106,0.23778887340964,0.0790083585618914,7.44429057259623e-14,4.64073224293254e-15,0.773758553262443,-6.37218447002615e-13,-9.77298959948564,-2.05850974727246e-14,-0.0429869122185295,1.24938539551573e-13,0,0,0,0,1,0.673086199299627,0.673086199299627,80.0000000000106,-1.44508630967179e-11,-3.71258579434652e-13
19.76,-9.98215237414795e-14,0.0790083585618962,-2.63157580838973e-13,-5.00027107664785e-15,1.18851859846745e-14,-2.04980272315488e-14,80.0000000000106,0.23778887340964,0.0790083585618914,7.44417043074901e-14,4.77395900588754e-15,0.773758553262443,-6.37211806079006e-13,-9.77298959948564,-2.05850974727246e-14,-0.0429869122185295,1.24938539551573e-13,0,0,0,0,1,0.673086199299627,0.673086199299627,80.0000000000106,-1.44669875588441e-11,-3.81916720471054e-13
19.77,-9.98877594618325e-14,0.0790083585618963,-2.63363242828004e-13,-5.00044975251035e-15,1.18851794213876e-14,-2.05060566998035e-14,80.0000000000106,0.23778887340964,0.0790083585618914,7.44405027072596e-14,4.89608353859629e-15,0.773758553262443,-6.37205164074497e-13,-9.77298959948564,-2.05850974727246e-14,-0.0429869122185295,1.24938539551573e-13,0,0,0,0,1,0.673086199299627,0.673086199299627,80.0000000000106,-1.44831184273678e-11,-3.91686683087755e-13
19.78,-9.99540033263944e-14,0.0790083585618965,-2.63568985367973e-13,-5.00062840280883e-15,1.18853507701558e-14,-2.0514087162779e-14,80.0000000000106,0.23778887340964,0.0790083585618914,7.44393009253933e-14,5.01820807130504e-15,0.773758553262443,-6.37198520990059e-13,-9.77298959948564,-2.05850974727246e-14,-0.0429869122185295,1.24938539551573e-13,0,0,0,0,1,0.673086199299627,0.673086199299627,80.0000000000106,-1.4499255703074e-11,-4.01456645704457e-13
19.79,-1.00020255335698e-13,0.0790083585618966,-2.63774808468858e-13,-5.00080702772927e-15,1.18853442068689e-14,-2.05221186205111e-14,80.0000000000106,0.23778887340964,0.0790083585618914,7.44380989620132e-14,5.15143483426004e-15,0.773758553262443,-6.37191876826662e-13,-9.77298959948564,-2.05850974727246e-14,-0.0429869122185295,1.24938539551573e-13,0,0,0,0,1,0.673086199299627,0.673086199299627,80.0000000000106,-1.4515399386748e-11,-4.12114786740858e-13
19.8,-1.00086515490278e-13,0.0790083585618967,-2.63980712140638e-13,-5.00098562745691e-15,1.18854154356281e-14,-2.05301510730357e-14,80.0000000000106,0.23778887340964,0.0790083585618914,7.44368968172405e-14,5.27355936696879e-15,0.773758553262443,-6.3718523158527e-13,-9.77298959948564,-2.05850974727246e-14,-0.0429869122185295,1.24938539551573e-13,0,0,0,0,1,0.673086199299627,0.673086199299627,80.0000000000106,-1.4531549479175e-11,-4.21884749357559e-13
19.81,-1.00152783790671e-13,0.0790083585618968,-2.64186696393293e-13,-5.00116420217626e-15,1.18856228810844e-14,-2.05381845203893e-14,80.0000000000106,0.23778887340964,0.0790083585618914,7.4435694491196e-14,5.39568389967754e-15,0.773758553262443,-6.37178585266842e-13,-9.77298959948564,-2.05850974727246e-14,-0.0429869122185295,1.24938539551573e-13,0,0,0,0,1,0.673086199299627,0.673086199299627,80.0000000000106,-1.45477059811402e-11,-4.31654711974261e-13
19.82,-1.00219060237416e-13,0.079008358561897,-2.64392761236801e-13,-5.00134275207113e-15,1.18858303265408e-14,-2.05462189626087e-14,80.0000000000106,0.23778887340964,0.0790083585618914,7.4434491984e-14,5.5178084323863e-15,0.773758553262443,-6.37171937872334e-13,-9.77298959948564,-2.05850974727246e-14,-0.0429869122185295,1.24938539551573e-13,0,0,0,0,1,0.673086199299627,0.673086199299627,80.0000000000106,-1.45638688934291e-11,-4.41424674590962e-13
19.83,-1.00285344831052e-13,0.0790083585618971,-2.64598906681144e-13,-5.00152127732455e-15,1.18860377719971e-14,-2.0554254399731e-14,80.0000000000106,0.23778887340964,0.0790083585618914,7.44332892957721e-14,5.6510351953413e-15,0.773758553262443,-6.37165289402699e-13,-9.77298959948564,-2.05850974727246e-14,-0.0429869122185295,1.24938539551573e-13,0,0,0,0,1,0.673086199299627,0.673086199299627,80.0000000000106,-1.45800382168269e-11,-4.52082815627364e-13
19.84,-1.00351637572123e-13,0.0790083585618972,-2.64805132736301e-13,-5.00169977811888e-15,1.18862452174534e-14,-2.05622908317936e-14,80.0000000000106,0.23778887340964,0.0790083585618914,7.44320864266315e-14,5.77315972805005e-15,0.773758553262443,-6.37158639858882e-13,-9.77298959948564,-2.05850974727246e-14,-0.0429869122185295,1.24938539551573e-13,0,0,0,0,1,0.673086199299627,0.673086199299627,80.0000000000106,-1.45962139521192e-11,-4.61852778244065e-13
19.85,-1.00417938461172e-13,0.0790083585618973,-2.65011439412253e-13,-5.00187825463573e-15,1.18864526629097e-14,-2.05703282588343e-14,80.0000000000106,0.23778887340964,0.0790083585618914,7.44308833766967e-14,5.8952842607588e-15,0.773758553262443,-6.37151989241828e-13,-9.77298959948564,-2.05850974727246e-14,-0.0429869122185295,1.24938539551573e-13,0,0,0,0,1,0.673086199299627,0.673086199299627,80.0000000000106,-1.46123961000916e-11,-4.71622740860766e-13
19.86,-1.00484247498745e-13,0.0790083585618975,-2.65217826718981e-13,-5.002056707056e-15,1.1886660108366e-14,-2.05783666808912e-14,80.0000000000106,0.23778887340964,0.0790083585618914,7.44296801460857e-14,6.01740879346755e-15,0.773758553262443,-6.37145337552476e-13,-9.77298959948564,-2.05850974727246e-14,-0.0429869122185295,1.24938539551573e-13,0,0,0,0,1,0.673086199299627,0.673086199299627,80.0000000000106,-1.46285846615296e-11,-4.81392703477468e-13
19.87,-1.0055056468539e-13,0.0790083585618976,-2.65424294666467e-13,-5.00223513555987e-15,1.18868675538223e-14,-2.05864060980028e-14,80.0000000000106,0.23778887340964,0.0790083585618914,7.44284767349161e-14,6.1395333261763e-15,0.773758553262443,-6.37138684791759e-13,-9.77298959948564,-2.05850974727246e-14,-0.0429869122185295,1.24938539551573e-13,0,0,0,0,1,0.673086199299627,0.673086199299627,80.0000000000106,-1.46447796372189e-11,-4.91162666094169e-13
19.88,-1.00616890021656e-13,0.0790083585618977,-2.65630843264692e-13,-5.00241354032683e-15,1.18870749992786e-14,-2.05944465102079e-14,80.0000000000106,0.23778887340964,0.0790083585618914,7.44272731433047e-14,6.28386231937755e-15,0.773758553262443,-6.37132030960609e-13,-9.77298959948564,-2.05850974727246e-14,-0.0429869122185295,1.24938539551573e-13,0,0,0,0,1,0.673086199299627,0.673086199299627,80.0000000000106,-1.46609810279452e-11,-5.02708985550271e-13
19.89,-1.00683223508095e-13,0.0790083585618978,-2.65837472523639e-13,-5.00259192153563e-15,1.1887282444735e-14,-2.06024879175455e-14,80.0000000000106,0.23778887340964,0.0790083585618914,7.4426069371368e-14,6.4059868520863e-15,0.773758553262443,-6.37125376059952e-13,-9.77298959948564,-2.05850974727246e-14,-0.0429869122185295,1.24938539551573e-13,0,0,0,0,1,0.673086199299627,0.673086199299627,80.0000000000106,-1.46771888344943e-11,-5.12478948166972e-13
19.9,-1.0074956514526e-13,0.079008358561898,-2.66044182453291e-13,-5.00277027936435e-15,1.18874898901913e-14,-2.06105303200552e-14,80.0000000000106,0.23778887340964,0.0790083585618914,7.44248654192217e-14,6.52811138479505e-15,0.773758553262443,-6.37118720090711e-13,-9.77298959948564,-2.05850974727246e-14,-0.0429869122185295,1.24938539551573e-13,0,0,0,0,1,0.673086199299627,0.673086199299627,80.0000000000106,-1.46934030576521e-11,-5.22248910783674e-13
19.91,-1.00815914933706e-13,0.0790083585618981,-2.6625097306363e-13,-5.00294861399033e-15,1.18876973356476e-14,-2.06185737177766e-14,80.0000000000106,0.23778887340964,0.0790083585618914,7.44236612869813e-14,6.65023591750381e-15,0.773758553262443,-6.37112063053804e-13,-9.77298959948564,-2.05850974727246e-14,-0.0429869122185295,1.24938539551573e-13,0,0,0,0,1,0.673086199299627,0.673086199299627,80.0000000000106,-1.47096236982045e-11,-5.32018873400375e-13
19.92,-1.0088227287399e-13,0.0790083585618982,-2.6645784436464e-13,-5.00312692559025e-15,1.18879047811039e-14,-2.062661811075e-14,80.0000000000106,0.23778887340964,0.0790083585618914,7.44224569747614e-14,6.77236045021256e-15,0.773758553262443,-6.37105404950143e-13,-9.77298959948564,-2.05850974727246e-14,-0.0429869122185295,1.24938539551573e-13,0,0,0,0,1,0.673086199299627,0.673086199299627,80.0000000000106,-1.47258507569374e-11,-5.41788836017076e-13
19.93,-1.0094863896667e-13,0.0790083585618983,-2.66664796366305e-13,-5.00330521434005e-15,1.18881122265602e-14,-2.06346634990157e-14,80.0000000000106,0.23778887340964,0.0790083585618914,7.44212524826764e-14,6.90558721316756e-15,0.773758553262443,-6.37098745780642e-13,-9.77298959948564,-2.05850974727246e-14,-0.0429869122185295,1.24938539551573e-13,0,0,0,0,1,0.673086199299627,0.673086199299627,80.0000000000106,-1.47420842346369e-11,-5.52446977053478e-13
19.94,-1.01015013212307e-13,0.0790083585618985,-2.66871829078609e-13,-5.00348348041501e-15,1.18883196720165e-14,-2.06427098826145e-14,80.0000000000106,0.23778887340964,0.0790083585618914,7.44200478108399e-14,7.02771174587631e-15,0.773758553262443,-6.37092085546205e-13,-9.77298959948564,-2.05850974727246e-14,-0.0429869122185295,1.24938539551573e-13,0,0,0,0,1,0.673086199299627,0.673086199299627,80.0000000000106,-1.47583241320891e-11,-5.62216939670179e-13
19.95,-1.01081395611463e-13,0.0790083585618986,-2.67078942511537e-13,-5.0036617239897e-15,1.18885271174729e-14,-2.06507572615874e-14,80.0000000000106,0.23778887340964,0.0790083585618914,7.44188429593652e-14,7.14983627858506e-15,0.773758553262443,-6.37085424247733e-13,-9.77298959948564,-2.05850974727246e-14,-0.0429869122185295,1.24938539551573e-13,0,0,0,0,1,0.673086199299627,0.673086199299627,80.0000000000106,-1.47745704500802e-11,-5.71986902286881e-13
19.96,-1.01147786164702e-13,0.0790083585618987,-2.67286136675073e-13,-5.00383994523802e-15,1.18887345629292e-14,-2.0658805635976e-14,80.0000000000106,0.23778887340964,0.0790083585618914,7.44176379283648e-14,7.27196081129381e-15,0.773758553262443,-6.37078761886126e-13,-9.77298959948564,-2.05850974727246e-14,-0.0429869122185295,1.24938539551573e-13,0,0,0,0,1,0.673086199299627,0.673086199299627,80.0000000000106,-1.47908231893964e-11,-5.81756864903582e-13
19.97,-1.01214184872589e-13,0.0790083585618988,-2.67493411579204e-13,-5.00401814433315e-15,1.18889420083855e-14,-2.0666855005822e-14,80.0000000000106,0.23778887340964,0.0790083585618914,7.4416432717951e-14,7.40518757424881e-15,0.773758553262443,-6.37072098462277e-13,-9.77298959948564,-2.05850974727246e-14,-0.0429869122185295,1.24938539551573e-13,0,0,0,0,1,0.673086199299627,0.673086199299627,80.0000000000106,-1.4807082350824e-11,-5.92415005939984e-13
19.98,-1.01280591735693e-13,0.079008358561899,-2.67700767233916e-13,-5.00419632144762e-15,1.18891494538418e-14,-2.06749053711672e-14,80.0000000000106,0.23778887340964,0.0790083585618914,7.44152273282352e-14,7.52731210695756e-15,0.773758553262443,-6.37065433977076e-13,-9.77298959948564,-2.05850974727246e-14,-0.0429869122185295,1.24938539551573e-13,0,0,0,0,1,0.673086199299627,0.673086199299627,80.0000000000106,-1.48233479351494e-11,-6.02184968556685e-13
19.99,-1.01347006754582e-13,0.0790083585618991,-2.67908203649194e-13,-5.00437447675327e-15,1.18893568992981e-14,-2.06829567320543e-14,80.0000000000106,0.23778887340964,0.0790083585618914,7.44140217593288e-14,7.64943663966631e-15,0.773758553262443,-6.3705876843141e-13,-9.77298959948564,-2.05850974727246e-14,-0.0429869122185295,1.24938539551573e-13,0,0,0,0,1,0.673086199299627,0.673086199299627,80.0000000000106,-1.4839619943159e-11,-6.11954931173386e-13
20,3.80060487475583e-07,0.0790083585673904,2.68843244345348e-08,0.000149967572727237,2.17097542896931e-09,1.06202117254824e-05,79.9999985599032,0.237788869129121,0.0790083585784397,9.63996408001661e-08,-1.10801592119783e-11,0.773332426593788,0.00221269840913471,-9.7730229861776,-0.0500000000000206,-0.0429869122185295,1.24938539551573e-13,0,0,0,0,1,0.673086199299627,0.673086199299627,79.9999985599028,7.46297913744794e-06,8.86412721001761e-10
20.01,5.51376758481205e-06,0.0790083586400482,3.87733207341831e-07,0.00100413501885337,1.44395958398176e-08,7.05305363765012e-05,79.9999902781256,0.237788844512689,0.079008358799224,6.79463645459168e-07,-1.61714483694105e-10,0.772550262083032,0.00627711782856603,-9.77308290558632,-0.0500000000000206,-0.0429869122185295,1.24938539551573e-13,0,0,0,0,1,0.673086199299627,0.673086199299627,79.9999902781096,5.0561290756015e-05,1.29371571233605e-08
20.02,2.30411864412682e-05,0.0790083588712676,1.6090289526984e-06,0.00259492553396544,3.67715510717316e-08,0.0001804623507581,79.9999746417569,0.237788798035757,0.0790083595359386,1.87088360069315e-06,-6.86758412444055e-10,0.771863558066183,0.00986713667194688,-9.7731335150417,-0.0500000000000206,-0.0429869122185295,1.24938539551573e-13,0,0,0,0,1,0.673086199299627,0.673086199299627,79.9999746416465,0.000132908724901948,5.49406555805376e-08
20.03,5.97847599524718e-05,0.0790083592793974,4.14311341908714e-06,0.00480902886741916,6.68281170031132e-08,0.000330757644464603,79.999952550163,0.237788732371564,0.0790083610198712,3.72183097790728e-06,-1.82167866703483e-09,0.771260677239784,0.0130588502057556,-9.77317597737017,-0.0500000000000206,-0.0429869122185295,1.24938539551573e-13,0,0,0,0,1,0.673086199299627,0.673086199299627,79.999952549767,0.00025170874868934,1.45734206924431e-07
20.04,0.000121500951408307,0.0790083597390095,8.35123758432498e-06,0.00754767420281263,1.01552609243837e-07,0.000512894299364111,79.9999247930939,0.237788649867531,0.0790083633602687,6.30668767901918e-06,-3.80438155575774e-09,0.770731393254281,0.0159139380096935,-9.77321130294007,-0.0500000000000206,-0.0429869122185295,1.24938539551573e-13,0,0,0,0,1,0.673086199299627,0.673086199299627,79.9999247920664,0.000405465066465401,3.04350238344853e-07
20.05,0.000213017215172432,0.0790083599044606,1.45144072092309e-05,0.010724814303363,1.36527087226736e-07,0.000719378287674642,79.9998920639893,0.237788552584808,0.0790083665115871,9.72014296958093e-06,-6.88612056084276e-09,0.770266716018701,0.0184820142316889,-9.77324036226849,-0.0500000000000206,-0.0429869122185295,1.24938539551573e-13,0,0,0,0,1,0.673086199299627,0.673086199299627,79.9998920617859,0.000593752180758609,5.50888901607038e-07
20.06,0.000338351878742801,0.0790083591350641,2.28431942263509e-05,0.0142655350194028,1.65521987420523e-07,0.000943645141647589,79.9998549716547,0.237788442332982,0.0790083702329645,1.40744045164572e-05,-1.13414252757221e-08,0.769858739452856,0.0208026370942995,-9.77326389604796,-0.0500000000000206,-0.0429869122185295,1.24938539551573e-13,0,0,0,0,1,0.673086199299627,0.673086199299627,79.9998549674827,0.000817020242703041,9.0731237722963e-07
20.07,0.00050081905458964,0.0790083564298926,3.34866029521424e-05,0.0181046623157605,1.80198756398855e-07,0.00117996993234266,79.9998140505199,0.237788320700569,0.0790083740413155,1.94965423731495e-05,-1.74779563288232e-08,0.769500508962503,0.0229070237349112,-9.77328252292267,-0.0500000000000206,-0.0429869122185295,1.24938539551573e-13,0,0,0,0,1,0.673086199299627,0.673086199299627,79.9998140432779,0.00107642945590989,1.39823325628896e-06
20.08,0.000703120438667067,0.0790083503765395,4.6540072885786e-05,0.0221855424022803,1.69936309406773e-07,0.00142338505647612,79.9997697696644,0.237788189081838,0.0790083771597152,2.61259792570756e-05,-2.56467381449012e-08,0.769185906000744,0.024819510478077,-9.77329674537822,-0.0500000000000206,-0.0429869122185295,1.24938539551573e-13,0,0,0,0,1,0.673086199299627,0.673086199299627,79.9997697578701,0.00137370992182707,2.05173314693496e-06
20.09,0.000947425623150737,0.0790083391156244,6.20526931179369e-05,0.0264589735562447,1.21759263171379e-07,0.00166960518690849,79.9997225407695,0.237788048700449,0.0790083784628539,3.41121359111205e-05,-3.62529369535613e-08,0.768909547308924,0.0265587934125372,-9.77330695410926,-0.0500000000000206,-0.0429869122185295,1.24938539551573e-13,0,0,0,0,1,0.673086199299627,0.673086199299627,79.9997225224714,0.00171104335880733,2.90022489757291e-06
20.1,0.00123544234982523,0.079008320321132,8.00336971798083e-05,0.0308822708623223,2.03506082100986e-08,0.0019149587943979,79.999672725131,0.237787900630299,0.0790083764213312,4.36122365988747e-05,-4.97671810112219e-08,0.768666696720681,0.0281389795833271,-9.77331343120934,-0.0500000000000206,-0.0429869122185295,1.24938539551573e-13,0,0,0,0,1,0.673086199299627,0.673086199299627,79.999672697805,0.00209096360143437,3.9813581933501e-06
20.11,0.00156847795417143,0.079008291195593,0.0001004583014722,0.0354184474089703,-1.51865364945951e-07,0.0021563256961396,79.9996206398522,0.237787745813924,0.0790083690464655,5.47892767298954e-05,-6.67373294732871e-08,0.768453187714569,0.0295704751279973,-9.77331635249446,-0.0500000000000206,-0.0429869122185295,1.24938539551573e-13,0,0,0,0,1,0.673086199299627,0.673086199299627,79.9996206002791,0.00251627319993189,5.33896104037979e-06
20.12,0.00194749309554923,0.0790082484784799,0.000123272945184344,0.0400354975095454,-4.14581922094631e-07,0.00239108013067152,79.9995665633133,0.237787585078765,0.0790083538371395,6.78101521449237e-05,-8.78005505436267e-08,0.768265355185934,0.030860733212666,-9.77331578923476,-0.0500000000000206,-0.0429869122185295,1.24938539551573e-13,0,0,0,0,1,0.673086199299627,0.673086199299627,79.9995665074381,0.00298997379940504,7.02400598751041e-06
20.13,0.00237314873326939,0.0790081884658611,0.000148399984806087,0.0447057692964899,-7.89421034534685e-07,0.0026170388992548,79.999510740005,0.237787419151525,0.079008327730014,8.28439476221069e-05,-1.13695558146921e-07,0.768099975163236,0.0320148815947093,-9.77331170952827,-0.0500000000000206,-0.0429869122185295,1.24938539551573e-13,0,0,0,0,1,0.673086199299627,0.673086199299627,79.9995106627747,0.0035152082919814,9.09558902506546e-06
20.14,0.00284584718946125,0.0790081070392445,0.000175741891919579,0.0494054155983643,-1.29970618238288e-06,0.00283241415111867,79.9994533847976,0.237787248670865,0.0790082870542373,0.000100060380616998,-1.45274859876132e-07,0.767954211412718,0.0330362469985788,-9.77330397951311,-0.0500000000000206,-0.0429869122185295,1.24938539551573e-13,0,0,0,0,1,0.673086199299627,0.673086199299627,79.9994532799787,0.00409521300753286,1.16219093806436e-05
20.15,0.00336576803541718,0.0790079997015758,0.000205184998896743,0.054113913378982,-1.9702052457085e-06,0.00303577042424851,79.9993946867106,0.237787074198606,0.079008227491565,0.000119628395055141,-1.83516883865155e-07,0.767825568057684,0.0339267911906257,-9.77329236457752,-0.0500000000000206,-0.0429869122185295,1.24938539551573e-13,0,0,0,0,1,0.673086199299627,0.673086199299627,79.9993945466837,0.00473327844573547,1.46812396240037e-05
20.16,0.00393289944672966,0.0790078616184769,0.000236602833397552,0.0588136432189868,-2.82685111531452e-06,0.00322598558493479,79.9993348122377,0.237786896229611,0.079008144042598,0.000141714899099381,-2.29537870454304e-07,0.767711847487759,0.0346874716351094,-9.77327653069479,-0.0500000000000206,-0.0429869122185295,1.24938539551573e-13,0,0,0,0,1,0.673086199299627,0.673086199299627,79.9993346277689,0.00543271725828172,1.83628769505617e-05
20.17,0.00454706559245115,0.0790076876629924,0.000269859079135157,0.0634895213735336,-3.89644692348213e-06,0.00340221533830661,79.9992739082758,0.237786715200493,0.0790080309996517,0.000166483640165671,-2.84603433300243e-07,0.76761111295322,0.0353185378692794,-9.77325604598063,-0.0500000000000206,-0.0429869122185295,1.24938539551573e-13,0,0,0,0,1,0.673086199299627,0.673086199299627,79.9992736682653,0.00619683836905225,2.27680680158215e-05
20.18,0.00520795055331386,0.0790074724623125,0.000304810197222834,0.0681286778634058,-5.20636210363938e-06,0.00356386100875049,79.999212104702,0.237786531497271,0.0790078819265883,0.000194094210019123,-3.5013971314417e-07,0.767521655334519,0.0358197732177292,-9.77323038254509,-0.0500000000000206,-0.0429869122185295,1.24938539551573e-13,0,0,0,0,1,0.673086199299627,0.673086199299627,79.9992117959078,0.00702892627543929,2.80109011780993e-05
20.19,0.0059151192025297,0.0790072104451632,0.000341307739522455,0.0727201748668358,-6.78422482307138e-06,0.00371054031364856,79.9991495166359,0.237786345462098,0.0790076896457811,0.000224701172510391,-4.27744062938977e-07,0.767441963651983,0.0361906901463971,-9.77319891868911,-0.0500000000000206,-0.0429869122185295,1.24938539551573e-13,0,0,0,0,1,0.673086199299627,0.673086199299627,79.9991491233732,0.00793222470881625,3.42191612459075e-05
20.2,0.0066680354287812,0.0790068958887611,0.000379200382754151,0.0772547603894389,-8.65761568975815e-06,0.00384206087643127,79.9990862464233,0.237786157399155,0.0790074462322385,0.000258453306380569,-5.19195216857948e-07,0.767370698939336,0.0364306864094948,-9.77316094147703,-0.0500000000000206,-0.0429869122185295,1.24938539551573e-13,0,0,0,0,1,0.673086199299627,0.673086199299627,79.9990857502397,0.00890992394900891,4.15351429321476e-05
20.21,0.00746607803377682,0.0790065229644357,0.000418335709683263,0.0817246528122764,-1.0853767014078e-05,0.00395839624568705,79.9990223853707,0.237785967579804,0.0790071430147886,0.000295492955544465,-6.26462906454038e-07,0.767306671150858,0.0365391681462785,-9.77311564970085,-0.0500000000000206,-0.0429869122185295,1.24938539551573e-13,0,0,0,0,1,0.673086199299627,0.673086199299627,79.9990217646959,0.00996515118885576,5.01164200770177e-05
20.22,0.00830855459535511,0.079006085781207,0.000458561761456364,0.086123352463882,-1.33992713116882e-05,0.00405966420614888,79.9989580152595,0.237785776247093,0.0790067705841208,0.000335955479335204,-7.51716896164712e-07,0.767248818808494,0.0365156452197065,-9.77306215723883,-0.0500000000000206,-0.0429869122185295,1.24938539551573e-13,0,0,0,0,1,0.673086199299627,0.673086199299627,79.9989572450307,0.0111009634325641,6.01365684156363e-05
20.23,0.00919471355086305,0.0790055784267721,0.000499728383096932,0.0904454768405461,-1.63198021693505e-05,0.00414610718492029,79.9988932096652,0.237785583619671,0.0790063188073965,0.000379968795338808,-8.97335416996122e-07,0.767196191124547,0.0363598033388088,-9.77299949680075,-0.0500000000000206,-0.0429869122185295,1.24938539551573e-13,0,0,0,0,1,0.673086199299627,0.673086199299627,79.9988922609271,0.012320342487341,7.17858401975136e-05
20.24,0.0101237547237696,0.0790049950055033,0.000541688382278813,0.0946866165185375,-1.96398500645474e-05,0.00421807457243247,79.9988280351037,0.237785389895202,0.0790057768490654,0.000427653007649817,-1.06591298224951e-06,0.767147932359637,0.0360715568563315,-9.77292662404317,-0.0500000000000206,-0.0429869122185295,1.24938539551573e-13,0,0,0,0,1,0.673086199299627,0.673086199299627,79.9988268745843,0.0136261916732404,8.52717893673471e-05
20.25,0.0110948384886536,0.0790043296731882,0.000584298519758082,0.0988432091695087,-2.33824752357143e-05,0.00427600679245458,79.9987625520259,0.237785195253314,0.0790051331974723,0.000479120113624829,-1.26026757289397e-06,0.767103268195789,0.0356510855700312,-9.77284242203199,-0.0500000000000206,-0.0429869122185295,1.24938539551573e-13,0,0,0,0,1,0.673086199299627,0.673086199299627,79.9987611416876,0.0150213339326684,0.000100819846315936
20.26,0.0121070937453371,0.0790035766683503,0.000627420348249234,0.102912429412462,-2.75690792446731e-05,0.00432042096911334,79.9986968156793,0.237784999858162,0.0790043756967965,0.000534473782488798,-1.48344718360896e-06,0.76706149392195,0.0350988583686599,-9.77274570602356,-0.0500000000000206,-0.0429869122185295,1.24938539551573e-13,0,0,0,0,1,0.673086199299627,0.673086199299627,79.9986951122451,0.0165085110696966,0.000118673841483563
20.27,0.013159624851597,0.0790027303400808,0.000670920915067994,0.106892092517929,-3.22191964577612e-05,0.00435189805141296,79.9986308768525,0.237784803860641,0.0790034915838357,0.000593809199449722,-1.73873572127486e-06,0.767021964244795,0.0344156461423608,-9.7726352285327,-0.0500000000000206,-0.0429869122185295,1.24938539551573e-13,0,0,0,0,1,0.673086199299627,0.673086199299627,79.9986288313091,0.0180903838912753,0.000139096477158596
20.28,0.0142515176452002,0.079001785172389,0.000714673342520199,0.110780570227348,-3.73503062974527e-05,0.00437107126726921,79.998564782518,0.237784607400296,0.0790024675291287,0.000657212969293276,-2.02965825110907e-06,0.7669840845518,0.033602526013327,-9.77250968465261,-0.0500000000000206,-0.0429869122185295,1.24938539551573e-13,0,0,0,0,1,0.673086199299627,0.673086199299627,79.9985623395941,0.0197695330585074,0.00016236974708761
20.29,0.0153818446696497,0.0790007358051374,0.000758557298784275,0.114576717167335,-4.2977666781243e-05,0.00437861578966374,79.9984985763874,0.237784410606973,0.0790012896819002,0.000724763073753526,-2.35998558534528e-06,0.766947303466731,0.0326608786286565,-9.77236771759032,-0.0500000000000206,-0.0429869122185295,1.24938539551573e-13,0,0,0,0,1,0.673086199299627,0.673086199299627,79.9984956740092,0.0215484604871146,0.000188795303489364
20.3,0.0165496697037054,0.0789995770516798,0.000802459370904931,0.11827980652835,-4.91141695683013e-05,0.00437523950726083,79.9984322993892,0.237784213602233,0.0789999437183106,0.000796528877283911,-2.73373821138533e-06,0.766911106550134,0.0315923799868387,-9.77220792438,-0.0500000000000206,-0.0429869122185295,1.24938539551573e-13,0,0,0,0,1,0.673086199299627,0.673086199299627,79.9984288681121,0.023429591162784,0.00021869477122749
20.31,0.0177540516822072,0.078998303913352,0.000846273350479597,0.121889473843566,-5.57702164750547e-05,0.00436167480077765,79.9983659900817,0.237784016500587,0.0789984148924975,0.000872571176179986,-3.15518955751827e-06,0.766875011009223,0.0303989890365161,-9.77202886173675,-0.0500000000000206,-0.0429869122185295,1.24938539551573e-13,0,0,0,0,1,0.673086199299627,0.673086199299627,79.9983619524996,0.0254152752598108,0.000252410008990012
20.32,0.0189940480847544,0.0789969115910001,0.000889900441669279,0.125405667849379,-6.29536171964062e-05,0.00433867123462316,79.9982996850087,0.237783819410546,0.0789966880899089,0.000952942286328511,-3.62886859511217e-06,0.766838561292896,0.0290829320861131,-9.77182905201314,-0.0500000000000206,-0.0429869122185295,1.24938539551573e-13,0,0,0,0,1,0.673086199299627,0.673086199299627,79.9982949551404,0.0275077904708724,0.000290303317388663
20.33,0.0202687178591952,0.0789953954937427,0.000933249400294856,0.128828607536525,-7.06695077774564e-05,0.00430698908087899,79.9982334190073,0.23778362243554,0.0789947478824388,0.00103768616517372,-4.15956177737152e-06,0.766801325458463,0.0276466848912615,-9.77160698922217,-0.0500000000000206,-0.0429869122185295,1.24938539551573e-13,0,0,0,0,1,0.673086199299627,0.673086199299627,79.9982279016611,0.0297093444723187,0.000332757593985988
20.34,0.0215771239384746,0.0789937512451818,0.000976236611982078,0.132158744612461,-7.89202892190078e-05,0.00426739359964063,79.9981672254746,0.237783425674704,0.0789925785848998,0.00112683856379882,-4.752314316985e-06,0.766762892207004,0.0260929531399001,-9.771361145091,-0.0500000000000206,-0.0429869122185295,1.24938539551573e-13,0,0,0,0,1,0.673086199299627,0.673086199299627,79.9981608155901,0.0320220774634473,0.000380176435436752
20.35,0.02291833540204,0.0789919746872806,0.00101878611658765,0.135396730693439,-8.77055854661167e-05,0.00422065000611889,79.9981011365989,0.237783229223573,0.0789901643123871,0.00122042720531757,-5.41243080504356e-06,0.766722868494153,0.0244246519291948,-9.7710899751113,-0.0500000000000206,-0.0429869122185295,1.24938539551573e-13,0,0,0,0,1,0.673086199299627,0.673086199299627,79.9980937185684,0.0344480647301755,0.000432984186934604
20.36,0.024291429326573,0.0789900618821278,0.0010608295854694,0.138543388630306,-9.70222199201926e-05,0.00416751906076444,79.9980351835619,0.237783033174677,0.0789874890381106,0.00131847198605554,-6.14547517622903e-06,0.766680877632512,0.0226448847211318,-9.77079192455412,-0.0500000000000206,-0.0429869122185295,1.24938539551573e-13,0,0,0,0,1,0.673086199299627,0.673086199299627,79.99802663053,0.0369893191936219,0.000491625939364582
20.37,0.0256954923651881,0.0789880091118083,0.0011023062575508,0.141599687446962,-0.000106864209529075,0.00410875322406439,79.9979693967162,0.237782837618068,0.0789845366513024,0.00142098519627327,-6.95727002719396e-06,0.766636557810625,0.0207569221722893,-9.77046543441851,-0.0500000000000206,-0.0429869122185295,1.24938539551573e-13,0,0,0,0,1,0.673086199299627,0.673086199299627,79.9979595698579,0.0396477939126338,0.000556567474715663
20.38,0.0271296220893237,0.0789858128765918,0.00114316283956878,0.144566720436006,-0.000117222775443788,0.00404509332260735,79.9979038057408,0.237782642641782,0.0789812910148296,0.00152797175744272,-7.85389529542002e-06,0.766589560961831,0.0187641811557216,-9.7701089472856,-0.0500000000000206,-0.0429869122185295,1.24938539551573e-13,0,0,0,0,1,0.673086199299627,0.673086199299627,79.9978925535201,0.0424253845164499,0.000628295160336911
20.39,0.0285929281232443,0.078983469891646,0.00118335337538103,0.147445686013454,-0.000128086369183081,0.00397726567755768,79.9978384397798,0.237782448332254,0.0789777360221723,0.00163942947333438,-8.84168630935023e-06,0.766539551923911,0.0166702042271886,-9.76972091305149,-0.0500000000000206,-0.0429869122185295,1.24938539551573e-13,0,0,0,0,1,0.673086199299627,0.673086199299627,79.9978255971876,0.0453239315496741,0.000707315792901397
20.4,0.030084533097315,0.0789809770824685,0.00122283908873891,0.150237870984625,-0.000139440713215258,0.00390597965085277,79.9977733275664,0.237782254774682,0.0789738556534539,0.00175534929240472,-9.92723122086829e-06,0.766486207837654,0.0144786397325091,-9.76929979451505,-0.0500000000000206,-0.0429869122185295,1.24938539551573e-13,0,0,0,0,1,0.673086199299627,0.673086199299627,79.9977587153381,0.0483452227167183,0.000794156392964318
20.41,0.0316035734429201,0.0789783315792236,0.00126158820350308,0.152944635917189,-0.000151268854849228,0.00383192556826916,79.9977084975336,0.237782062053357,0.078969634030239,0.00187571557919303,-1.11173678350837e-05,0.766429217738988,0.012193222706161,-9.76884407279822,-0.0500000000000206,-0.0429869122185295,1.24938539551573e-13,0,0,0,0,1,0.673086199299627,0.673086199299627,79.9976919213474,0.0514909950169977,0.000889363951312561
20.42,0.0331492000490201,0.0789755307101554,0.00129957574488651,0.155567402355809,-0.000163551232321318,0.00375577298202177,79.9976439779152,0.237781870251963,0.0789650554688425,0.00200050639264215,-1.24191798512492e-05,0.766368282305312,0.00981775667217621,-9.76835225257908,-0.0500000000000206,-0.0429869122185295,1.24938539551573e-13,0,0,0,0,1,0.673086199299627,0.673086199299627,79.9976252275714,0.0547629367655501,0.000993505128212391
20.43,0.0347205787978345,0.0789725719942389,0.00133678332495095,0.158107641646358,-0.000176265751969587,0.00367816923879037,79.9975797968375,0.237781679453849,0.0789601045319191,0.00212969376945075,-1.38399925338664e-05,0.766303113722152,0.00735609642578543,-9.76782286712023,-0.0500000000000206,-0.0429869122185295,1.24938539551573e-13,0,0,0,0,1,0.673086199299627,0.673086199299627,79.9975586454182,0.0581626894965177,0.00110716590708027
20.44,0.0363168909949376,0.078969453133216,0.0013731989152555,0.160566865167096,-0.000189387875401535,0.00359973832203172,79.9975159824038,0.237781489742278,0.0789547660781299,0.00226324401074526,-1.5387367831947e-05,0.76623343564111,0.00481213184725252,-9.76725448307657,-0.0500000000000206,-0.0429869122185295,1.24938539551573e-13,0,0,0,0,1,0.673086199299627,0.673086199299627,79.997492185414,0.0616918497491629,0.00123095120401473
20.45,0.0379373337071376,0.0789661720031516,0.00140881660925718,0.162946615789835,-0.000202890715582919,0.0035210799401568,79.9974525627715,0.237781301200658,0.0789490253097089,0.00240111797052738,-1.70690989676731e-05,0.766158983204566,0.00218977277706554,-9.76664570506923,-0.0500000000000206,-0.0429869122185295,1.24938539551573e-13,0,0,0,0,1,0.673086199299627,0.673086199299627,79.9974258572627,0.065351970737872,0.00136548443488937
20.46,0.0395811200198334,0.0789627266456323,0.00144363637679058,0.165248460416586,-0.000216745140803551,0.00344276883464863,79.9973895662246,0.237781113912755,0.0789428678177749,0.00254327134451037,-1.88932045165208e-05,0.766079503116443,-0.000507065036552376,-9.76599518001428,-0.0500000000000206,-0.0429869122185295,1.24938539551573e-13,0,0,0,0,1,0.673086199299627,0.673086199299627,79.9973596698993,0.0691445639090027,0.00151140704177255
20.47,0.041247479224078,0.0789591152587171,0.00147766381270509,0.167473983456774,-0.000230919885509437,0.00336535428448654,79.9973270212403,0.237780927962894,0.0789362796252593,0.00268965495810219,-2.08679220026107e-05,0.765994753741889,-0.00327447292160518,-9.76530160119667,-0.0500000000000206,-0.0429869122185295,1.24938539551573e-13,0,0,0,0,1,0.673086199299627,0.673086199299627,79.9972936315394,0.0730711003885123,0.00166937798057543
20.48,0.0429356569422996,0.0789553361877399,0.00151090988151164,0.169624781127243,-0.000245381667028254,0.00328935978534332,79.9972649565517,0.237780743436139,0.0789292472273428,0.00284021505242875,-2.30017010343818e-05,0.765904505221744,-0.00610856121337119,-9.76456371208182,-0.0500000000000206,-0.0429869122185295,1.24938539551573e-13,0,0,0,0,1,0.673086199299627,0.673086199299627,79.9972277497244,0.0771330123251117,0.00184007317193657
20.49,0.044644915200511,0.0789513879160487,0.00154339065968452,0.171702456472241,-0.000260095307256252,0.0032152828839479,79.9972034012058,0.23778056041847,0.0789217576293131,0.0029948935674153,-2.53031960064606e-05,0.765808539590381,-0.00900547015748625,-9.76378030985899,-0.0500000000000206,-0.0429869122185295,1.24938539551573e-13,0,0,0,0,1,0.673086199299627,0.673086199299627,79.9971620313627,0.0813316941342782,0.00202418491741341
20.5,0.0463745324538665,0.0789472690557591,0.00157512707707598,0.173708615013652,-0.000275023858418291,0.00314359514977264,79.997142384618,0.237780378996942,0.0789137983817781,0.00315362842105911,-2.77812583950437e-05,0.765706650887791,-0.0119613798172526,-9.76295024871255,-0.0500000000000206,-0.0429869122185295,1.24938539551573e-13,0,0,0,0,1,0.673086199299627,0.673086199299627,79.9970964827673,0.0856685036488562,0.0022224212831663
20.51,0.0481238035715678,0.0789429783385874,0.00160614465873048,0.175644860953139,-0.000290128732058201,0.00307474226782301,79.9970819366229,0.237780199259838,0.0789053576131858,0.00331635378413292,-3.0444928674776e-05,0.765598645258827,-0.0149725190228457,-9.76207244281826,-0.0500000000000206,-0.0429869122185295,1.24938539551573e-13,0,0,0,0,1,0.673086199299627,0.673086199299627,79.9970311096902,0.0901447631822176,0.00243550545337445
20.52,0.0498920397863794,0.0789385146068212,0.0016364732682303,0.177512793857852,-0.00030536983046343,0.00300914423779117,79.9970220875217,0.237780021296805,0.0788964240596202,0.00348300034965632,-3.33034278859515e-05,0.765484341034215,-0.0180351734040909,-9.76114586906374,-0.0500000000000206,-0.0429869122185295,1.24938539551573e-13,0,0,0,0,1,0.673086199299627,0.673086199299627,79.9969659173543,0.0947617605100733,0.00266417505569017
20.53,0.0516785686133639,0.0789338768044725,0.00166614685356323,0.17931400577002,-0.000320705679775433,0.00294719566619417,79.9969628681259,0.237779845198991,0.078886987091859,0.00365349559656196,-3.6366148880809e-05,0.765363568789389,-0.0211456925512573,-9.76016956949351,-0.0500000000000206,-0.0429869122185295,1.24938539551573e-13,0,0,0,0,1,0.673086199299627,0.673086199299627,79.9969009104812,0.0995207497770315,0.00290918146103358
20.54,0.0534827337418755,0.0789290639686569,0.00169520319637508,0.181050078688367,-0.000336093564084987,0.00288926613936254,79.9969043097984,0.237779671059156,0.0788770367396926,0.00382776404706591,-3.96426472794597e-05,0.765236171378458,-0.0243004963500715,-9.75914265347997,-0.0500000000000206,-0.0429869122185295,1.24938539551573e-13,0,0,0,0,1,0.673086199299627,0.673086199299627,79.9968360933168,0.104422952333939,0.00317128906017139
20.55,0.0553038949043602,0.0789240752212282,0.0017236836653541,0.182722582375886,-0.000351489659859276,0.00283570066628483,79.9968464444903,0.237779498971793,0.0788665637135184,0.00400572751732662,-4.31426321641748e-05,0.76510200394159,-0.0274960805380648,-9.75806429962337,-0.0500000000000206,-0.0429869122185295,1.24938539551573e-13,0,0,0,0,1,0.673086199299627,0.673086199299627,79.996771469654,0.109469557511896,0.00345127451937799
20.56,0.0571414277250724,0.0789189097606946,0.00175163297438912,0.184333072454305,-0.000366849170094655,0.00278682018135748,79.996789304776,0.237779329033223,0.078855559423237,0.0041873053610456,-4.68759565433817e-05,0.764960933884979,-0.0307290215296021,-9.75693375738448,-0.0500000000000206,-0.0429869122185295,1.24938539551573e-13,0,0,0,0,1,0.673086199299627,0.673086199299627,79.9967070428526,0.114661723338651,0.00374992601768742
20.57,0.0589947235514421,0.0789135668544379,0.00177909894604875,0.185883088750602,-0.000382126457635478,0.00274292209804385,79.9967329238835,0.237779161341688,0.0788440159944871,0.00437241470572595,-5.0852607614152e-05,0.764812840833219,-0.033995980556613,-9.75575034845493,-0.0500000000000206,-0.0429869122185295,1.24938539551573e-13,0,0,0,0,1,0.673086199299627,0.673086199299627,79.9966428158561,0.120000577202854,0.00406804246803905
20.58,0.0608631892704953,0.0789080458312464,0.00180613228084294,0.187374153865307,-0.000397275177144643,0.00270428090532019,79.9966773357231,0.237778995997438,0.0788319262822676,0.00456097068136129,-5.5082696853955e-05,0.764657616554449,-0.0372937071712743,-9.75451346787089,-0.0500000000000206,-0.0429869122185295,1.24938539551573e-13,0,0,0,0,1,0.673086199299627,0.673086199299627,79.9965787912062,0.125487216471385,0.00440643272477903
20.59,0.0627462471124418,0.078902346074174,0.00183278633265113,0.188807771936199,-0.000412248405255717,0.00267114879958457,79.9966225749119,0.237778833102799,0.0788192838820028,0.00475288664137987,-5.95764499708153e-05,0.76449516485907,-0.0406190421557802,-9.75322258487659,-0.0500000000000206,-0.0429869122185295,1.24938539551573e-13,0,0,0,0,1,0.673086199299627,0.673086199299627,79.9965149710544,0.131122709064719,0.00476591477984911
20.6,0.0646433344432899,0.0788964670137272,0.00185911689063152,0.190185427574288,-0.000426998768479247,0.00264375634543534,79.9965686767957,0.237778672762242,0.0788060831381171,0.00494807437571494,-6.4344196740749e-05,0.764325401473154,-0.0439689198829423,-9.75187724354501,-0.0500000000000206,-0.0429869122185295,1.24938539551573e-13,0,0,0,0,1,0.673086199299627,0.673086199299627,79.9964513571711,0.136908093994955,0.00514731494997278
20.61,0.0665539035481301,0.0788904081213834,0.00188518196786341,0.19150858495192,-0.000441478568477114,0.00262231315939232,79.9965156774683,0.237778515082439,0.0787923191501895,0.00514644431591513,-6.93963607622531e-05,0.764148253887926,-0.0473403701697707,-9.75047706316353,-0.0500000000000206,-0.0429869122185295,1.24938539551573e-13,0,0,0,0,1,0.673086199299627,0.673086199299627,79.996387950952,0.142844381870889,0.00555146705722098
20.62,0.0684774214065327,0.0788841689034356,0.00191104159691856,0.192778687025358,-0.00045563990435847,0.00260700861124331,79.9964636137873,0.237778360172308,0.0787779877767675,0.00534790573224629,-7.47434491544354e-05,0.76396366118682,-0.050730519664448,-9.74902173839293,-0.0500000000000206,-0.0429869122185295,1.24938539551573e-13,0,0,0,0,1,0.673086199299627,0.673086199299627,79.9963247534221,0.148932555374175,0.00597921160508452
20.63,0.0704133694613389,0.0788777488951608,0.00193675763250688,0.193997154876416,-0.00046943479168869,0.00259801253825446,79.996412523387,0.237778208143052,0.0787630856369236,0.00555236692277062,-8.03960422273164e-05,0.763771573851784,-0.0541365928052637,-9.74751103920847,-0.0500000000000206,-0.0429869122185295,1.24938539551573e-13,0,0,0,0,1,0.673086199299627,0.673086199299627,79.9962617652371,0.155173569710334,0.0064313949523358
20.64,0.0723612433819728,0.0788711476553021,0.00196239356129725,0.195165387159612,-0.000482815277939022,0.00259547596799052,79.9963624446892,0.237778059108194,0.0787476101096428,0.00575973539441933,-8.63647831504262e-05,0.763571953550508,-0.0575559123881733,-9.74594481063253,-0.0500000000000206,-0.0429869122185295,1.24938539551573e-13,0,0,0,0,1,0.673086199299627,0.673086199299627,79.9961989866826,0.161568353038075,0.00690886848676975
20.65,0.0743205528232765,0.0788643647608558,0.00198801431897373,0.196284759643017,-0.000495733554138986,0.00259953184595326,79.9963134169106,0.237777913183594,0.0787315593311328,0.00596991803610249,-9.26603676454299e-05,0.763364772906323,-0.0609858997777103,-9.74432297226796,-0.0500000000000206,-0.0429869122185295,1.24938539551573e-13,0,0,0,0,1,0.673086199299627,0.673086199299627,79.996136417671,0.168117806880098,0.00741248780088277
20.66,0.076290821180752,0.0788573998021514,0.00201368611455226,0.197356624832414,-0.000508142062526226,0.00261029576466831,79.9962654800679,0.237777770487468,0.0787149321901515,0.00618282128392386,-9.92935337280187e-05,0.76315001525246,-0.0644240747940384,-9.74264551764223,-0.0500000000000206,-0.0429869122185295,1.24938539551573e-13,0,0,0,0,1,0.673086199299627,0.673086199299627,79.9960740577361,0.174822806518285,0.00794311187150853
20.67,0.0782715853429989,0.0788502523782123,0.00203947626195095,0.198382311669652,-0.000519993600019282,0.00262786669123419,79.9962186749805,0.237777631140392,0.0786977283214506,0.00639835127858981,-0.000106275051522147,0.762927674372358,-0.0678680553070042,-9.74091251337212,-0.0500000000000206,-0.0429869122185295,1.24938539551573e-13,0,0,0,0,1,0.673086199299627,0.673086199299627,79.9960119060259,0.181684201375896,0.00850160224525709
20.68,0.0802623954420431,0.0788429220923826,0.00206545301877942,0.199363125297185,-0.000531241417367759,0.00265232769069703,79.9961730432706,0.237777495265307,0.078679948097432,0.00661641401512054,-0.000113615713170487,0.762697754227632,-0.0713155565661619,-9.73912409815904,-0.0500000000000206,-0.0429869122185295,1.24938539551573e-13,0,0,0,0,1,0.673086199299627,0.673086199299627,79.9959499612929,0.188702815389157,0.00908882223166696
20.69,0.0822628146021806,0.0788354085482053,0.00209168543228806,0.200300346881762,-0.000541839313861606,0.00268374664293215,79.9961286273612,0.23777736298751,0.0786615926181203,0.00683691548498806,-0.000121326322862063,0.762460268675264,-0.0747643902938897,-9.73728048162522,-0.0500000000000206,-0.0429869122185295,1.24938539551573e-13,0,0,0,0,1,0.673086199299627,0.673086199299627,79.9958882218832,0.195879447370355,0.00970563610574704
20.7,0.084272418687889,0.0788277113455366,0.0021182431923966,0.20119523349104,-0.000551741727506682,0.00272217695100233,79.9960854704717,0.23777723443464,0.0786426636995487,0.00705976181081979,-0.000129417686998031,0.762215241175474,-0.0782124635669294,-9.73538194300086,-0.0500000000000206,-0.0429869122185295,1.24938539551573e-13,0,0,0,0,1,0.673086199299627,0.673086199299627,79.9958266857238,0.203214871364354,0.0103529083215852
20.71,0.0862907960512998,0.0788198300768808,0.00214519649170262,0.202049018017663,-0.000560903820597534,0.00276765823922502,79.9960436166121,0.237777109736664,0.0786231638606629,0.0072848593738191,-0.000137900604515629,0.761962704491673,-0.0816577775099538,-9.73342882967228,-0.0500000000000206,-0.0429869122185295,1.24938539551573e-13,0,0,0,0,1,0.673086199299627,0.673086199299627,79.9957653503074,0.210709837000202,0.0110315027386259
20.72,0.0883175472796726,0.0788117643239298,0.00217261589235441,0.202862909145944,-0.000569281560640403,0.00282021703941848,79.9960031105745,0.23777698902585,0.0786030963088409,0.00751211493406449,-0.000146785857387747,0.761702700383772,-0.0850984258231039,-9.73142155560128,-0.0500000000000206,-0.0429869122185295,1.24938539551573e-13,0,0,0,0,1,0.673086199299627,0.673086199299627,79.9957042126772,0.218365069839317,0.0117422818620119
20.73,0.0903522849432664,0.0788035136542916,0.00220057219965882,0.203638091356877,-0.000576831796599975,0.00287986746401244,79.9959639979237,0.237776872436737,0.0785824649241298,0.0077414357438581,-0.000156084201316706,0.761435279296088,-0.0885325931638585,-9.72936059962571,-0.0500000000000206,-0.0429869122185295,1.24938539551573e-13,0,0,0,0,1,0.673086199299627,0.673086199299627,79.9956432694093,0.226181271721529,0.0124861060984776
20.74,0.0923946333439585,0.0787950776183915,0.00222913634228269,0.204375724967656,-0.000583512330462249,0.00294661186490401,79.9959263249852,0.237776760106104,0.0785612742422995,0.00797272965430166,-0.000165806356636898,0.761160500040933,-0.0919585534020799,-9.72724650365077,-0.0500000000000206,-0.0429869122185295,1.24938539551573e-13,0,0,0,0,1,0.673086199299627,0.673086199299627,79.995582516594,0.234159121110099,0.0132638330289652
20.75,0.0944442282649291,0.0787864557465324,0.00225837925889655,0.205076946202329,-0.000589281984123309,0.00302044147711616,79.9958901388329,0.23777665217293,0.0785395294368084,0.00820590521528397,-0.000175962999442798,0.760878429478935,-0.0953746677656556,-9.7250798707411,-0.0500000000000206,-0.0429869122185295,1.24938539551573e-13,0,0,0,0,1,0.673086199299627,0.673086199299627,79.9955219498168,0.242299273436656,0.0140763166992848
20.76,0.0965007167216938,0.0787776475460964,0.00228837179110092,0.205742867290556,-0.000594100661629765,0.00310133704647531,79.9958554872745,0.237776548778351,0.0785172362997791,0.00844087176906882,-0.000186564752954759,0.760589142197027,-0.0987793828927872,-9.72286136312288,-0.0500000000000206,-0.0429869122185295,1.24938539551573e-13,0,0,0,0,1,0.673086199299627,0.673086199299627,79.9954615641376,0.250602361446844,0.0149244069298105
20.77,0.0985637567147361,0.0787686524986748,0.00231918458244905,0.206374576591744,-0.000597929813629544,0.00318926944067208,79.9958224150193,0.237776450054271,0.0784944012686909,0.00867753953809423,-0.00019762222576687,0.760286960826388,-0.102171228815132,-9.72058687543722,-0.0500000000000206,-0.0429869122185295,1.24938539551573e-13,0,0,0,0,1,0.673086199299627,0.673086199299627,79.995401350253,0.259068995200902,0.0158089523748055
20.78,0.100633016983384,0.078759469986692,0.00235088797630604,0.206973138732942,-0.000600748393250558,0.0032842002444096,79.9957908138677,0.23777635567807,0.078471033167312,0.00891581972460804,-0.000209147829064455,0.759959481592036,-0.105548817231719,-9.71824679834025,-0.0500000000000206,-0.0429869122185295,1.24938539551573e-13,0,0,0,0,1,0.673086199299627,0.673086199299627,79.9953411446948,0.267699748654654,0.0167309458610383
20.79,0.102708176761455,0.078750099212062,0.00238355191800773,0.207539594766951,-0.000602526558388595,0.00338608233746706,79.9957606689427,0.237776265604487,0.078447140079169,0.00915562456180159,-0.000221152754754626,0.759624550438467,-0.108910838744029,-9.71585685332105,-0.0500000000000206,-0.0429869122185295,1.24938539551573e-13,0,0,0,0,1,0.673086199299627,0.673086199299627,79.9952808760341,0.276495182049352,0.0176912826964193
20.8,0.104788925536875,0.0787405393270302,0.00241724588386111,0.208074962377095,-0.000603229314002381,0.00349486045128582,79.9957320261258,0.237776179968835,0.0784227298696471,0.00939686738311255,-0.000233647377066343,0.75928227472711,-0.112256060756866,-9.71341790374969,-0.0500000000000206,-0.0429869122185295,1.24938539551573e-13,0,0,0,0,1,0.673086199299627,0.673086199299627,79.9952205323142,0.285455839678111,0.0186907927943478
20.81,0.106874962812894,0.0787307894464811,0.00245203880429806,0.208580236083084,-0.000602822965358617,0.00361047170927602,79.9957049320328,0.237776098908588,0.0783978109153779,0.0096394626927409,-0.0002466419797685,0.758932768395223,-0.115583325412224,-9.71093086159039,-0.0500000000000206,-0.0429869122185295,1.24938539551573e-13,0,0,0,0,1,0.673086199299627,0.673086199299627,79.9951601010284,0.294582244867153,0.0197302988373735
20.82,0.108965997871732,0.0787208486459785,0.00248799899086056,0.20905638746043,-0.000601275153574449,0.00373284614922895,79.9956794339993,0.237776022563336,0.0783723920813489,0.00988332622493266,-0.000260146749129957,0.758576151615176,-0.118891547352052,-9.70839668504976,-0.0500000000000206,-0.0429869122185295,1.24938539551573e-13,0,0,0,0,1,0.673086199299627,0.673086199299627,79.9950995691011,0.303874900334847,0.0208106157144661
20.83,0.111061749540887,0.0787107159598638,0.00252519406823131,0.209504365373877,-0.000598554887066547,0.00386190722756883,79.9956555800641,0.237775951074738,0.0783464826976264,0.0101283749982409,-0.000274171767183548,0.758212550455877,-0.122179711468254,-9.70581637619386,-0.0500000000000206,-0.0429869122185295,1.24938539551573e-13,0,0,0,0,1,0.673086199299627,0.673086199299627,79.9950389228677,0.313334288553768,0.0219325499826137
20.84,0.113161945962231,0.078700390379401,0.00256369091112692,0.209925096223506,-0.000594632569015032,0.00399757230547299,79.9956334189537,0.237775884586472,0.0783200925357686,0.0103745273649592,-0.000288727005299111,0.757842096546844,-0.125446870647653,-9.70319097854147,-0.0500000000000206,-0.0429869122185295,1.24938539551573e-13,0,0,0,0,1,0.673086199299627,0.673086199299627,79.9949781480559,0.322960872115727,0.0230968993531544
20.85,0.115266324363998,0.078689870850961,0.00260355558587209,0.21031948420228,-0.000589480020956112,0.00413975311694838,79.9956130000646,0.23777582324419,0.0782932317849983,0.0106217030559197,-0.000303822318070205,0.757464926745356,-0.128692143518946,-9.70052157464028,-0.0500000000000206,-0.0429869122185295,1.24938539551573e-13,0,0,0,0,1,0.673086199299627,0.673086199299627,79.9949172297656,0.332755094099697,0.0243044522032108
20.86,0.117374630835748,0.0786791562742367,0.00264485329647419,0.210688411563928,-0.000583070502622004,0.00428835621900401,79.9955943734467,0.237775767195463,0.0782659110282062,0.0108698232208482,-0.000319467437517305,0.757081182807143,-0.131914712207946,-9.69780928363302,-0.0500000000000206,-0.0429869122185295,1.24938539551573e-13,0,0,0,0,1,0.673086199299627,0.673086199299627,79.9948561524493,0.342717378442479,0.0255559871124538
20.87,0.119486620106415,0.0786682455004813,0.00268764833501992,0.21103273890011,-0.000575378728150765,0.00444328342410456,79.9955775897857,0.237775716589729,0.0782381412178477,0.0111188104644613,-0.000335671967610161,0.756691011060928,-0.135113820106788,-9.69505525881959,-0.0500000000000206,-0.0429869122185295,1.24938539551573e-13,0,0,0,0,1,0.673086199299627,0.673086199299627,79.9947948998922,0.352848130311929,0.0268522724254083
20.88,0.121602055325484,0.0786571373307645,0.00273200403621787,0.211353305425939,-0.000566380878791839,0.00460443221513043,79.9955627003851,0.237775671578242,0.0782099336517977,0.011368588878492,-0.000352445379111033,0.756294562087231,-0.138288769662145,-9.69226068522132,-0.0500000000000206,-0.0429869122185295,1.24938539551573e-13,0,0,0,0,1,0.673086199299627,0.673086199299627,79.9947334551931,0.363147736482496,0.0281940658394371
20.89,0.123720707847387,0.0786458305142399,0.00277798273591356,0.211650929272947,-0.00055605461223577,0.00477169614310422,79.9955497571488,0.237775632314022,0.0781812999492201,0.0116190840698252,-0.000369797004738898,0.755891990401691,-0.141438920186966,-9.689426777153,-0.0500000000000206,-0.0429869122185295,1.24938539551573e-13,0,0,0,0,1,0.673086199299627,0.673086199299627,79.9946718007445,0.373616565712818,0.0295821140184103
20.9,0.125842357019156,0.0786343237464198,0.00282564573340644,0.211926407788699,-0.000544379068698452,0.00494496520797368,79.9955388125628,0.237775598951798,0.0781522520265102,0.0118702231849184,-0.000387736034655305,0.755483454143221,-0.144563685699751,-9.68655477580822,-0.0500000000000206,-0.0429869122185295,1.24938539551573e-13,0,0,0,0,1,0.673086199299627,0.673086199299627,79.994609918214,0.384254969125073,0.0310171522321152
20.91,0.127966789971398,0.0786226156674524,0.00287505325740179,0.212180517842275,-0.000531334873891704,0.00512412622276713,79.9955299196779,0.237775571647955,0.0781228020733608,0.0121219349306839,-0.000406271512270755,0.755069114767225,-0.147662532794852,-9.68364594686271,-0.0500000000000206,-0.0429869122185295,1.24938539551573e-13,0,0,0,0,1,0.673086199299627,0.673086199299627,79.9945477885253,0.395063280585749,0.0324999040213143
20.92,0.13009380141262,0.0786107048603986,0.00292626443543381,0.212414016134925,-0.000516904139012761,0.00530906316145927,79.9955231320913,0.237775550560487,0.0780929625290026,0.0123741495919998,-0.00042541233036978,0.754649136744144,-0.150734978546926,-9.68070157810086,-0.0500000000000206,-0.0429869122185295,1.24938539551573e-13,0,0,0,0,1,0.673086199299627,0.673086199299627,79.9944853918398,0.406041817087524,0.0340310808883064
20.93,0.132223193426949,0.0785985898495056,0.00297933726659999,0.212627639515214,-0.000501070457885687,0.00549965749090385,79.9955185039298,0.237775535848938,0.0780627460586653,0.0126267990460177,-0.000445167227553036,0.754223687263502,-0.153780588452209,-9.67772297706949,-0.0500000000000206,-0.0429869122185295,1.24938539551573e-13,0,0,0,0,1,0.673086199299627,0.673086199299627,79.9944227075389,0.417190879131852,0.0356113820128545
20.94,0.134354775275278,0.0785862690984753,0.00303432859745059,0.212822105298061,-0.000483818901387585,0.00569578848720493,79.9955160898318,0.237775527674359,0.0780321655303034,0.0128798167734259,-0.000465544784993446,0.753792935943691,-0.156798974408935,-9.67471146876326,-0.0500000000000206,-0.0429869122185295,1.24938539551573e-13,0,0,0,0,1,0.673086199299627,0.673086199299627,79.9943597142064,0.428510751111932,0.0372414939932435
20.95,0.136488363199847,0.0785737410087261,0.00309129410088118,0.212998111587059,-0.000465136009292004,0.00589733353691124,79.9955159449303,0.237775526199247,0.0780012339916254,0.0131331378668273,-0.000486553423502748,0.753357054547614,-0.159789792738896,-9.6716683933453,-0.0500000000000206,-0.0429869122185295,1.24938539551573e-13,0,0,0,0,1,0.673086199299627,0.673086199299627,79.9942963896112,0.440001701695639,0.0389220906121759
20.96,0.138623780232295,0.0785610039176464,0.00315028825788018,0.213156337599555,-0.000445009779661071,0.00610416842342773,79.9955181248366,0.237775531587507,0.0779699646474677,0.0133866990363824,-0.000508201400904815,0.752916216704407,-0.162752742251814,-9.66859510390685,-0.0500000000000206,-0.0429869122185295,1.24938539551573e-13,0,0,0,0,1,0.673086199299627,0.673086199299627,79.9942327106919,0.45166398420807,0.0406538326272132
20.97,0.140760856005192,0.0785480560968418,0.00321136434198756,0.213297443993961,-0.000423429655916667,0.00631616759904645,79.9955226856232,0.237775544004393,0.077938370837544,0.0136404386128674,-0.000530496809710906,0.752470597637334,-0.165687562353917,-9.66549296426908,-0.0500000000000206,-0.0429869122185295,1.24938539551573e-13,0,0,0,0,1,0.673086199299627,0.673086199299627,79.9941686535398,0.463497837013298,0.0424373675853769
20.98,0.142899426567045,0.0785348957503725,0.00327457440632497,0.213422073198822,-0.000400386511719461,0.00653320444300404,79.9955296838081,0.237775563616468,0.0779064660146057,0.0138942965482901,-0.000553447575092488,0.752020373898007,-0.16859403120187,-9.6623633468299,-0.0500000000000206,-0.0429869122185295,1.24938539551573e-13,0,0,0,0,1,0.673086199299627,0.673086199299627,79.9941041933848,0.475503483894949,0.0442733296615581
20.99,0.14503933420081,0.0785215210129858,0.00333996927306208,0.213530849743179,-0.000375872633782825,0.00675515150597726,79.9955391763391,0.237775590591556,0.0778742637230413,0.0141482144142022,-0.000577061453145319,0.75156572310706,-0.171471963902948,-9.6592076304589,-0.0500000000000206,-0.0429869122185295,1.24938539551573e-13,0,0,0,0,1,0.673086199299627,0.673086199299627,79.9940393045802,0.487681134435232,0.0461623395202322
21,0.14718042724588,0.078507929948341,0.00340759852518774,0.213624380587799,-0.000349881702746628,0.00698188074142964,79.9955512205784,0.237775625098693,0.0778417775779417,0.0144021353978439,-0.000601346029439958,0.751106823701359,-0.174321210762152,-9.65602719844246,-0.0500000000000206,-0.0429869122185295,1.24938539551573e-13,0,0,0,0,1,0.673086199299627,0.673086199299627,79.993973960589,0.500030984392045,0.0481050042000906
21.01,0.149322559923567,0.0784941205472312,0.00347751050045939,0.213703255456878,-0.000322408772233656,0.00721326372422306,79.9955658742882,0.237775667308091,0.0778090212446565,0.0146560042962499,-0.000626308717851825,0.750643854687856,-0.177141655576762,-9.65282343648152,-0.0500000000000206,-0.0429869122185295,1.24938539551573e-13,0,0,0,0,1,0.673086199299627,0.673086199299627,79.993908133971,0.512553216073762,0.0501019170210384
21.02,0.151465592166069,0.0784800907258013,0.00354975228740787,0.213768047169827,-0.000293450246208988,0.00744917185690742,79.9955831956163,0.237775717391088,0.0777760084188633,0.014909767508443,-0.000651956759664521,0.750176995404182,-0.179933213978639,-9.64959773074394,-0.0500000000000206,-0.0429869122185295,1.24938539551573e-13,0,0,0,0,1,0.673086199299627,0.673086199299627,79.9938417963698,0.525247998711382,0.0521536575130561
21.03,0.153609389448894,0.0784658383237667,0.00362436972327942,0.213819311972778,-0.000263003854760001,0.00768947656409913,79.9956032430823,0.237775775520114,0.0777427528071692,0.0151633730258372,-0.00067829722293958,0.749706425286035,-0.182695831824446,-9.6463514659731,-0.0500000000000206,-0.0429869122185295,1.24938539551573e-13,0,0,0,0,1,0.673086199299627,0.673086199299627,79.9937749185013,0.538115488827645,0.0542607913663771
21.04,0.155753822626754,0.0784513611026331,0.00370140739380064,0.213857589869495,-0.000231068628411994,0.00793404947535683,79.9956260755643,0.23777584186865,0.0777092681082624,0.0154167704209651,-0.000705337002145575,0.749232323641434,-0.185429483633797,-9.64308602365455,-0.0500000000000206,-0.0429869122185295,1.24938539551573e-13,0,0,0,0,1,0.673086199299627,0.673086199299627,79.9937074701426,0.551155830602808,0.0564238704024147
21.05,0.157898767772886,0.0784366567439218,0.00378090863465638,0.213883404951344,-0.000197644871091479,0.00818276259695803,79.9956517522865,0.237775916611188,0.0776755679946298,0.0156699108346458,-0.000733082818039133,0.748754869431906,-0.188134171075225,-9.63980278024165,-0.0500000000000206,-0.0429869122185295,1.24938539551573e-13,0,0,0,0,1,0.673086199299627,0.673086199299627,79.9936394201214,0.56436915623673,0.0586434325648444
21.06,0.160044106021806,0.0784217228474022,0.00386291553457471,0.213897265726043,-0.000162734131846274,0.00843548847297643,79.9956803328069,0.237775999923201,0.0776416660948532,0.0159227469616981,-0.000761541217790229,0.748274241060638,-0.190809921499731,-9.63650310544173,-0.0500000000000206,-0.0429869122185295,1.24938539551573e-13,0,0,0,0,1,0.673086199299627,0.673086199299627,79.9935707363066,0.577755586306966,0.0609200019302278
21.07,0.162189723415447,0.0784065569293358,0.00394746893991693,0.2138996654449,-0.000126339175428358,0.00869210033605344,79.9957118770056,0.237776091981102,0.0776075759764956,0.0161752330353059,-0.000790718575344086,0.747790616167639,-0.193456786521597,-9.63318836056343,-0.0500000000000206,-0.0429869122185295,1.24938539551573e-13,0,0,0,0,1,0.673086199299627,0.673086199299627,79.9935013855987,0.591315230122561,0.0632540887375672
21.08,0.164335510752687,0.0783911564207333,0.00403460846067495,0.213891082428284,-8.84639518424463e-05,0.00895247224825203,79.995746445074,0.237776192962217,0.0775733111295877,0.0164273248101342,-0.000820621092011864,0.747304171431944,-0.196074840646016,-9.62985989692613,-0.0500000000000206,-0.0429869122185295,1.24938539551573e-13,0,0,0,0,1,0.673086199299627,0.673086199299627,79.9934313339221,0.605048186073262,0.065646189436162
21.09,0.166481363442212,0.0783755186656305,0.00412437247778168,0.213871980389072,-4.91135649599029e-05,0.00921647923237388,79.9957840975041,0.237776303044752,0.0775388849507214,0.0166789795442932,-0.000851254797281749,0.746815082380875,-0.198664179943045,-9.62651905433194,-0.0500000000000206,-0.0429869122185295,1.24938539551573e-13,0,0,0,0,1,0.673086199299627,0.673086199299627,79.9933605462172,0.618954541973871,0.0680967867510986
21.1,0.168627181358705,0.0783596409193847,0.00421679815164461,0.213842808753836,-8.29424029448202e-06,0.00948399739411421,79.9958248950789,0.237776422407764,0.0775043107277582,0.0169301559802415,-0.000882625549842446,0.746323523206377,-0.201224920767295,-9.62316715960081,-0.0500000000000206,-0.0429869122185295,1.24938539551573e-13,0,0,0,0,1,0.673086199299627,0.673086199299627,79.9932889864334,0.633034375403494,0.0706063497657325
21.11,0.170772868702321,0.0783435203469955,0.00431192143181575,0.213804002981573,3.39867079669454e-05,0.00975490403542082,79.9958688988624,0.237776551231135,0.0774696016251538,0.0171808143247175,-0.000914739038811009,0.745829666588434,-0.203757198522702,-9.61980552516891,-0.0500000000000206,-0.0429869122185295,1.24938539551573e-13,0,0,0,0,1,0.673086199299627,0.673086199299627,79.9932166175229,0.647287754039425,0.0731753340205161
21.12,0.172918333861421,0.0783271540214552,0.00440977706771536,0.21375598487975,7.77209105887955e-05,0.0100290777594164,79.9959161701914,0.237776689695542,0.0774347706699058,0.0174309162277833,-0.000947600785156059,0.745333683525553,-0.206261166471686,-9.61643544775036,-0.0500000000000206,-0.0429869122185295,1.24938539551573e-13,0,0,0,0,1,0.673086199299627,0.673086199299627,79.9931434014348,0.661714735985474,0.0758041816274577
21.13,0.175063489271234,0.0783105383966902,0.00451039852731965,0.213699162914927,0.000122651695811859,0.0103063985916289,79.9959669608375,0.237776838547694,0.0773998302173244,0.0176804247188484,-0.000981216148580531,0.744890887379342,-0.208736994750865,-9.61305344076772,-0.0500000000000206,-0.0429869122185295,1.24938539551573e-13,0,0,0,0,1,0.673086199299627,0.673086199299627,79.9930694893034,0.676315368215979,0.0784933220079198
21.14,0.177208251205872,0.0782936638349773,0.00461381702920981,0.213633932504329,0.000168057254879629,0.0105867483255555,79.9960218884131,0.237776999621697,0.0773647865404695,0.0179293041344912,-0.00101559047887961,0.744467182108042,-0.211184867641051,-9.60966152354018,-0.0500000000000206,-0.0429869122185295,1.24938539551573e-13,0,0,0,0,1,0.673086199299627,0.673086199299627,79.9929953968876,0.691089683043646,0.0812431842120871
21.15,0.179352539687869,0.0782765175517242,0.00472006204033794,0.21356067636044,0.000213922823321116,0.0108700104732268,79.9960810346949,0.237777173158949,0.0773296428060246,0.0181775202802667,-0.00105072915491476,0.744041481921024,-0.213604981534339,-9.60626164147168,-0.0500000000000206,-0.0429869122185295,1.24938539551573e-13,0,0,0,0,1,0.673086199299627,0.673086199299627,79.9929211027968,0.706037706372143,0.0840541991556583
21.16,0.181496278408433,0.0782590868902837,0.00482916186154789,0.21347976481704,0.000260258241238197,0.0111560701861163,79.9961444626251,0.237777359344852,0.0772944023228604,0.0184250402943563,-0.00108663750364296,0.743613813887307,-0.215997545859866,-9.60285415962863,-0.0500000000000206,-0.0429869122185295,1.24938539551573e-13,0,0,0,0,1,0.673086199299627,0.673086199299627,79.9928465655479,0.721159454242547,0.0869267936130074
21.17,0.183639394606425,0.0782413593232684,0.00494114364484591,0.213391556129982,0.000307072747406913,0.0114448143194939,79.9962122356031,0.237777558366158,0.07725906852983,0.0186718326199837,-0.00112332079735385,0.743184207794058,-0.218362782181753,-9.599439454865,-0.0500000000000206,-0.0429869122185295,1.24938539551573e-13,0,0,0,0,1,0.673086199299627,0.673086199299627,79.9927717428642,0.736454932950731,0.089861390015189
21.18,0.185781818950364,0.0782233224536171,0.00505603341125112,0.213296396774063,0.000354374983980135,0.0117361314905969,79.9962844174826,0.237777770410956,0.0772236449839201,0.0189178669816111,-0.00116078425181521,0.742752695982275,-0.220700923300616,-9.59601791465041,-0.0500000000000206,-0.0429869122185295,1.24938539551573e-13,0,0,0,0,1,0.673086199299627,0.673086199299627,79.9926965916754,0.751924139332682,0.0928584063023274
21.19,0.18792348542342,0.078204964015403,0.00517385606915827,0.213194621735897,0.00040217300208153,0.012029912130909,79.9963610725669,0.237777995668659,0.0771881353487253,0.0191631143607659,-0.00119903302458629,0.742319313185078,-0.223012212391801,-9.59258993593245,-0.0500000000000206,-0.0429869122185295,1.24938539551573e-13,0,0,0,0,1,0.673086199299627,0.673086199299627,79.9926210681179,0.767567061045974,0.0959182557894369
21.2,0.190064331211361,0.0781862718743952,0.00529463543315525,0.213086554802689,0.000450474268231867,0.0123260485328279,79.9964422656051,0.237778234329997,0.0771525433832513,0.0194075469715554,-0.00123807221349449,0.741884096368715,-0.225296902179413,-9.58915592403346,-0.0500000000000206,-0.0429869122185295,1.24938539551573e-13,0,0,0,0,1,0.673086199299627,0.673086199299627,79.992545127535,0.783383676847238,0.0990413470453184
21.21,0.192204296593385,0.0781672340283846,0.00541839424324086,0.212972508846829,0.000499285671550848,0.0126244348909938,79.996528061789,0.237778486587,0.077116872931049,0.0196511382359173,-0.00127790685527083,0.74144708457647,-0.227555254145236,-9.58571629158207,-0.0500000000000206,-0.0429869122185295,1.24938539551573e-13,0,0,0,0,1,0.673086199299627,0.673086199299627,79.9924687244778,0.799373956865496,0.102228083784161
21.22,0.194343324835819,0.0781478386072867,0.00554515418439095,0.212852786106247,0.000548613531679555,0.0129249673385439,79.9966185267487,0.237778752632995,0.0770811279096848,0.0198938627586566,-0.00131854192433896,0.741008318775549,-0.229787537771591,-9.58227145747976,-0.0500000000000206,-0.0429869122185295,1.24938539551573e-13,0,0,0,0,1,0.673086199299627,0.673086199299627,79.9923918127059,0.815537862871195,0.105478864769434
21.23,0.196481362088617,0.0781280738730308,0.00567493590642385,0.212727678460445,0.000598463607370688,0.0132275439785464,79.9967137265499,0.237779032662588,0.0770453123005467,0.0201356963023133,-0.00135998233175287,0.740567841707087,-0.231994029817223,-9.57882184590228,-0.0500000000000206,-0.0429869122185295,1.24938539551573e-13,0,0,0,0,1,0.673086199299627,0.673086199299627,79.9923143451882,0.83187534854086,0.108794083729674
21.24,0.198618357284613,0.0781079282192483,0.00580775904411859,0.212597467702161,0.000648841105695669,0.0135320649108629,79.9968137276897,0.23777932687166,0.0770094301389884,0.0203766157619046,-0.00140223292427873,0.740125697739379,-0.234175013625267,-9.57536788533624,-0.0500000000000206,-0.0429869122185295,1.24938539551573e-13,0,0,0,0,1,0.673086199299627,0.673086199299627,79.9922362741038,0.848386359717212,0.11217412928582
21.25,0.200754262041502,0.0780873901707705,0.00594364223754208,0.212462425804624,0.00069975069181966,0.0138384322546758,79.9969185970942,0.237779635457354,0.076973485504813,0.0206165991395825,-0.00144529848361554,0.739681932724433,-0.23633077846238,-9.57191000765061,-0.0500000000000206,-0.0429869122185295,1.24938539551573e-13,0,0,0,0,1,0.673086199299627,0.673086199299627,79.9921575508435,0.865070834664661,0.115619384889635
21.26,0.202889030566464,0.0780664483829467,0.00608260315254347,0.212322815184337,0.000751196499297394,0.014146550166913,79.9970284021145,0.237779958618069,0.0769374825130933,0.0208556255192454,-0.00148918372574997,0.739236593857932,-0.238461618888109,-9.56844864720302,-0.0500000000000206,-0.0429869122185295,1.24938539551573e-13,0,0,0,0,1,0.673086199299627,0.673086199299627,79.9920781260107,0.881928704320093,0.11913022877289
21.27,0.205022619563427,0.0780450916407926,0.00622465850137686,0.212178888959379,0.000803182140844662,0.0144563248567904,79.9971432105243,0.237780296553445,0.0769014253053316,0.0210936750411404,-0.00153389330044014,0.738789729542682,-0.24056783415358,-9.56498423998084,-0.0500000000000206,-0.0429869122185295,1.24938539551573e-13,0,0,0,0,1,0.673086199299627,0.673086199299627,79.9919979494234,0.898959892538846,0.122707033906856
21.28,0.207154988142881,0.0780233088579809,0.0063698240634151,0.212030891203176,0.000855710719542041,0.0147676645966878,79.9972630905163,0.237780649464362,0.0768653180409539,0.0213307288764891,-0.00157943179082388,0.73834138925564,-0.242649727628602,-9.56151722277666,-0.0500000000000206,-0.0429869122185295,1.24938539551573e-13,0,0,0,0,1,0.673086199299627,0.673086199299627,79.9919169701152,0.916164316335811,0.126350167971759
21.29,0.209286097734226,0.0780010890756825,0.00651811470592026,0.211879057193738,0.000908784840429299,0.0150804797295635,79.9973881106998,0.237781017552925,0.0768291648891396,0.0215667692021713,-0.0016258037131459,0.737891623418556,-0.244707606256288,-9.55804803239787,-0.0500000000000206,-0.0429869122185295,1.24938539551573e-13,0,0,0,0,1,0.673086199299627,0.673086199299627,79.991835136337,0.9335418861216,0.130059993335752
21.3,0.211415912000584,0.0779784214612703,0.00666954440483788,0.211723613658333,0.00096240662245064,0.015394682673108,79.9975183400977,0.23778140102246,0.0767929700209826,0.021801779175495,-0.00167301351660015,0.737440483272308,-0.246741780034307,-9.55457710491018,-0.0500000000000206,-0.0429869122185295,1.24938539551573e-13,0,0,0,0,1,0.673086199299627,0.673086199299627,79.9917523955591,0.951092505933709,0.133836867043108
21.31,0.213544396756045,0.077955295306893,0.00682412626558447,0.211564779013596,0.00101657771071266,0.0157101879208255,79.9976538481435,0.237781800077504,0.0767567376019809,0.0220357429090815,-0.00172106558328097,0.736988020754961,-0.248752561521894,-9.55110487491452,-0.0500000000000206,-0.0429869122185295,1.24938539551573e-13,0,0,0,0,1,0.673086199299627,0.673086199299627,79.9916686944727,0.968816073662641,0.13768114081112
21.32,0.21567151988528,0.0779317000279308,0.00698187254379959,0.211402763601065,0.00107129928901859,0.0160269120402308,79.9977947046793,0.237782214923796,0.0767204717848523,0.0222686454458923,-0.00176996422824007,0.736534288383612,-0.250740265371765,-9.54763177485701,-0.0500000000000206,-0.0429869122185295,1.24938539551573e-13,0,0,0,0,1,0.673086199299627,0.673086199299627,79.9915839789916,0.986712481272953,0.141593161035468
21.33,0.217797251265495,0.0779076251613403,0.00714279466603559,0.21123776991815,0.00112657209264389,0.0163447736683345,79.9979409799524,0.237782645768274,0.0766841767026718,0.0225004727344225,-0.00181971369964292,0.736079339140017,-0.252705207886074,-9.54415823437152,-0.0500000000000206,-0.0429869122185295,1.24938539551573e-13,0,0,0,0,1,0.673086199299627,0.673086199299627,79.9914981942549,1.00478161501918,0.145573268803547
21.34,0.219921562690654,0.0778830603638989,0.00730690325035989,0.211069992844532,0.00118239642132017,0.0166636935045894,79.9980927446135,0.237783092819062,0.0766478564623271,0.0227312116040833,-0.00187031817902128,0.735623226360068,-0.254647706595607,-9.5406846796544,-0.0500000000000206,-0.0429869122185295,1.24938539551573e-13,0,0,0,0,1,0.673086199299627,0.673086199299627,79.9914112846282,1.02302335565663,0.149621799915489
21.35,0.222044427797951,0.0778579954103567,0.00747420812684655,0.210899619864015,0.00123877215239544,0.0169835943014595,79.9982500697137,0.237783556285468,0.0766115151382861,0.0229608497407948,-0.00192178178161641,0.735166003627104,-0.256568079861383,-9.53721153287073,-0.0500000000000206,-0.0429869122185295,1.24938539551573e-13,0,0,0,0,1,0.673086199299627,0.673086199299627,79.9913231937065,1.04143757864705,0.153739084912439
21.36,0.224165821996456,0.0778324201915051,0.00764471835793526,0.210726831281826,0.00129569875414077,0.0173044008527683,79.9984130267027,0.237784036377974,0.0765751567666751,0.0231893756628105,-0.00197410855680885,0.734707724669075,-0.25846664649786,-9.53373921159173,-0.0500000000000206,-0.0429869122185295,1.24938539551573e-13,0,0,0,0,1,0.673086199299627,0.673086199299627,79.9912338643155,1.06002415435911,0.157925449111763
21.37,0.226285722397911,0.0778063247121695,0.00781844225863764,0.210551800437409,0.00135317529917438,0.0176260399799768,79.9985816874259,0.237784533308229,0.0765387853396588,0.0234167786967895,-0.00202730248863001,0.734248443259573,-0.260343725416985,-9.53026812826261,-0.0500000000000206,-0.0429869122185295,1.24938539551573e-13,0,0,0,0,1,0.673086199299627,0.673086199299627,79.9911432385146,1.07878294826374,0.162181212648812
21.38,0.228404107749614,0.0777796990891345,0.00799538741657205,0.21037469391271,0.00141120047797602,0.0179484405165338,79.9987561241227,0.237785047289046,0.0765024048001194,0.0236430489541356,-0.00208136749635173,0.73378821312271,-0.262199635292304,-9.52679868970037,-0.0500000000000206,-0.0429869122185295,1.24938539551573e-13,0,0,0,0,1,0.673086199299627,0.673086199299627,79.9910512575987,1.09771382112434,0.166506690524911
21.39,0.230520958369352,0.0777525335490094,0.00817556071180973,0.210195671735991,0.00146977261246549,0.018271533290437,79.9989364094237,0.23778557853439,0.0764660190366289,0.0238681773076166,-0.00213630743514884,0.733327087841853,-0.264034694242402,-9.52333129662098,-0.0500000000000206,-0.0429869122185295,1.24938539551573e-13,0,0,0,0,1,0.673086199299627,0.673086199299627,79.9909578621006,1.11681662918181,0.170902192661208
21.4,0.232636256082341,0.0777248184260412,0.00835896833651631,0.210014887581209,0.00152888966962079,0.0185952511051362,79.9991226163495,0.237786127259377,0.0764296318787078,0.0240921553682808,-0.00219212609683113,0.732865120772178,-0.265849219532928,-9.51986634319514,-0.0500000000000206,-0.0429869122185295,1.24938539551573e-13,0,0,0,0,1,0.673086199299627,0.673086199299627,79.9908629917935,1.13609122433456,0.175368023958073
21.41,0.234749984160113,0.0776965441598821,0.00854561581437401,0.209832488962976,0.00158854927511254,0.0189195287189038,79.9993148183074,0.237786693680267,0.0763932470923661,0.0243149754626813,-0.00224882721064006,0.732402364957047,-0.267643527296515,-9.51640421663225,-0.0500000000000206,-0.0429869122185295,1.24938539551573e-13,0,0,0,0,1,0.673086199299627,0.673086199299627,79.9907665856932,1.15553745431329,0.179904484359674
21.42,0.236862127261323,0.0776677012933188,0.00873550801977125,0.209648617427152,0.00164874872693242,0.019244302822794,79.9995130890906,0.237787278014454,0.0763568683759187,0.0245366306104209,-0.00230641444410683,0.73193887304815,-0.269417932269878,-9.51294529679168,-0.0500000000000206,-0.0429869122185295,1.24938539551573e-13,0,0,0,0,1,0.673086199299627,0.673086199299627,79.9906685820604,1.17515516285085,0.184511868923479
21.43,0.238972671374417,0.0776382804699694,0.00892864919674733,0.209463408737098,0.001709485008995,0.0195695120173044,79.9997175028753,0.237787880480467,0.0763204993560711,0.0247571145020292,-0.00236489140396711,0.731474697229421,-0.271172747547442,-9.50948995582091,-0.0500000000000206,-0.0429869122185295,1.24938539551573e-13,0,0,0,0,1,0.673086199299627,0.673086199299627,79.9905689184035,1.19494418984698,0.189190467894286
21.44,0.241081603762125,0.0776082724319552,0.00912504297768125,0.20927699305564,0.00177075480469289,0.0198950967878504,79.9999281342193,0.237788501297958,0.0762841435842671,0.0249764214771797,-0.00242426163712913,0.731009889144657,-0.272908284350814,-9.50603855781972,-0.0500000000000206,-0.0429869122185295,1.24938539551573e-13,0,0,0,0,1,0.673086199299627,0.673086199299627,79.9904675314806,1.21490437152814,0.193940566782522
21.45,0.243188912907739,0.0775776680175527,0.00932469240171445,0.209089495122779,0.00183255451038687,0.0202209994791563,80.0001450580601,0.2377891406877,0.0762478045332938,0.0251945465032578,-0.00248452863169144,0.730544499828812,-0.274624851813487,-9.50259145852982,-0.0500000000000206,-0.0429869122185295,1.24938539551573e-13,0,0,0,0,1,0.673086199299627,0.673086199299627,79.9903643573023,1.23503554060237,0.198762446446533
21.46,0.245294588463114,0.0775464581588318,0.00952759993289862,0.208901034429198,0.00189488024881336,0.0205471642686634,80.0003683497126,0.237789798871583,0.0762114855941369,0.0254114851542847,-0.00254569581800604,0.730078579642924,-0.276322756780137,-9.49914900504917,-0.0500000000000206,-0.0429869122185295,1.24938539551573e-13,0,0,0,0,1,0.673086199299627,0.673086199299627,79.990259331134,1.25533752640925,0.203656383178494
21.47,0.247398621198375,0.0775146338792858,0.00973376747806047,0.208711725385612,0.00195772788239271,0.0208735371390492,80.000598084868,0.237790476072604,0.0761751900730789,0.0256272335902072,-0.00260776656978398,0.729612178212617,-0.278002303619912,-9.49571153557054,-0.0500000000000206,-0.0429869122185295,1.24938539551573e-13,0,0,0,0,1,0.673086199299627,0.673086199299627,79.9901523874985,1.27581015506509,0.208622648793729
21.48,0.249501002953272,0.0774821862914579,0.00994319640437627,0.20852167748801,0.00202109302642292,0.0212000658499485,80.0008343395917,0.237791172514866,0.0761389211890357,0.0258417885365556,-0.0026707442052399,0.729145344370143,-0.279663794053136,-9.49227937914323,-0.0500000000000206,-0.0429869122185295,1.24938539551573e-13,0,0,0,0,1,0.673086199299627,0.673086199299627,79.9900434601784,1.29645324960327,0.213661510723149
21.49,0.251601726590141,0.0774491065945703,0.01015588755665,0.208330995478846,0.00208497106214432,0.0215266999089622,80.0010771903215,0.237791888423574,0.0761026820711228,0.0260551472644784,-0.00273463198827152,0.728678126099875,-0.281307526990842,-9.48885285545765,-0.0500000000000206,-0.0429869122185295,1.24938539551573e-13,0,0,0,0,1,0.673086199299627,0.673086199299627,79.9899324822186,1.31726663010995,0.218773232108489
21.5,0.253700785948443,0.0774153860721593,0.0103718412742895,0.208139779504222,0.0021493571496615,0.0218533905420356,80.0013267138662,0.237792624025025,0.0760664757564465,0.0262673075711549,-0.00279943312967172,0.728210570487228,-0.282933798386603,-9.48543227465182,-0.0500000000000206,-0.0429869122185295,1.24938539551573e-13,0,0,0,0,1,0.673086199299627,0.673086199299627,79.9898193859291,1.33825011385509,0.223958071900153
21.51,0.255798175800829,0.0773810160897218,0.0105910574079762,0.207948125267125,0.00221424624071005,0.0221800906632822,80.0015829874039,0.237793379546608,0.0760303051881112,0.0264782677605919,-0.00286515078836934,0.727742723670921,-0.284542901100108,-9.48201793713928,-0.0500000000000206,-0.0429869122185295,1.24938539551573e-13,0,0,0,0,1,0.673086199299627,0.673086199299627,79.9897041028872,1.35940351541887,0.229216284957373
21.52,0.257893891810688,0.0773459880923767,0.0108135353360241,0.207756124176774,0.0022796330912562,0.0225067548443291,80.0018460884803,0.237794155216799,0.0759941732134393,0.0266880266248044,-0.00293178807269594,0.727274630798523,-0.286135124771967,-9.47861013345756,-0.0500000000000206,-0.0429869122185295,1.24938539551573e-13,0,0,0,0,1,0.673086199299627,0.673086199299627,79.9895865639401,1.38072664681371,0.234548122150435
21.53,0.259987930491159,0.0773102936025463,0.011039273980425,0.207563863494132,0.00234551227391844,0.0228333392832512,80.0021160950073,0.237794951265152,0.0759580825823937,0.0268965834253858,-0.00299934804167554,0.726806335985211,-0.287710755709257,-9.47520914413662,-0.0500000000000206,-0.0429869122185295,1.24938539551573e-13,0,0,0,0,1,0.673086199299627,0.673086199299627,79.9894666992075,1.4022193176017,0.239953830464759
21.54,0.262080289165547,0.0772739242176598,0.0112682718225778,0.207371426473634,0.00241187819020106,0.0231598017731613,80.0023930852617,0.237795767922302,0.0759220359461991,0.0271039378754661,-0.00306783370633455,0.726337882275679,-0.289270076781308,-9.47181523958664,-0.0500000000000206,-0.0429869122185295,1.24938539551573e-13,0,0,0,0,1,0.673086199299627,0.673086199299627,79.9893444380841,1.42388133500786,0.245433653106591
21.55,0.264170965929115,0.077236871607884,0.0115005269186983,0.207178892501206,0.00247872508253014,0.0234861016705186,80.0026771378831,0.237796605419955,0.0758860358561539,0.0273100901220607,-0.00313724803102862,0.725869311609116,-0.290813367325254,-9.46842868000436,-0.0500000000000206,-0.0429869122185295,1.24938539551573e-13,0,0,0,0,1,0.673086199299627,0.673086199299627,79.9892197092424,1.44571250402895,0.250987829610063
21.56,0.266259959612219,0.077199127513883,0.0117360369149107,0.206986337228619,0.00254604704608346,0.0238121998632138,80.0029683318734,0.237797463990885,0.0758500847626268,0.0275150407288096,-0.00320759393478438,0.725400664787185,-0.292340903060917,-9.46504971529741,-0.0500000000000206,-0.0429869122185295,1.24938539551573e-13,0,0,0,0,1,0.673086199299627,0.673086199299627,79.9890924406346,1.4677126275382,0.256616595945434
21.57,0.268347269744737,0.077160683744612,0.0119747990620169,0.206793832704249,0.00261383804040645,0.0241380587384875,80.0032667465945,0.237798343868933,0.0758141850142321,0.0277187906591069,-0.0032788742926535,0.724931981444919,-0.293852956014564,-9.46167858502588,-0.0500000000000206,-0.0429869122185295,1.24938539551573e-13,0,0,0,0,1,0.673086199299627,0.673086199299627,79.9889625594958,1.48988150638591,0.262320184628342
21.58,0.270432896521769,0.0771215321751448,0.012216810229946,0.206601447500293,0.00268209190080688,0.0244636421507334,80.0035724617676,0.237799245288999,0.0757783388571758,0.0279213412596204,-0.00335109193707565,0.724463300024476,-0.295349794451109,-9.45831551836058,-0.0500000000000206,-0.0429869122185295,1.24938539551573e-13,0,0,0,0,1,0.673086199299627,0.673086199299627,79.9888299923462,1.51221893949595,0.268098824829755
21.59,0.272516840770568,0.0770816647445415,0.0124620669218825,0.206409246836517,0.00275080234952181,0.0247889153892362,80.0038855574717,0.23780016848704,0.0757425484347683,0.0281226942441988,-0.0034242496592492,0.723994657751653,-0.296831682814377,-9.45496073405729,-0.0500000000000206,-0.0429869122185295,1.24938539551573e-13,0,0,0,0,1,0.673086199299627,0.673086199299627,79.9886946649936,1.53472472395839,0.273952742486556
21.6,0.274599103918665,0.0770410734537556,0.0127105652880734,0.206217292700583,0.00281996300665083,0.0251138451458916,80.0042061141419,0.237801113700067,0.0757068157870957,0.0283228516781665,-0.00349835021050656,0.723526090615093,-0.298298881674998,-9.45161444044629,-0.0500000000000206,-0.0429869122185295,1.24938539551573e-13,0,0,0,0,1,0.673086199299627,0.673086199299627,79.9885565025362,1.55739865511828,0.279882160412503
21.61,0.276679687963159,0.0769997503635846,0.0129623011393175,0.206025643965026,0.00288956740085034,0.0254383994829502,80.0045342125691,0.237802081166141,0.075671142850844,0.0285218159630032,-0.0035733963036923,0.723057633348104,-0.299751647685574,-9.44827683543675,-0.0500000000000206,-0.0429869122185295,1.24938539551573e-13,0,0,0,0,1,0.673086199299627,0.673086199299627,79.9884154293648,1.58024052666054,0.285887298409415
21.62,0.278758595441131,0.0769576875926648,0.0132172699601348,0.205834356500945,0.00295960897978404,0.025762547800828,80.0048699338977,0.237803071124368,0.0756355314592708,0.0287195898214059,-0.00364939061454167,0.722589319413004,-0.301190233542741,-9.44494810653512,-0.0500000000000206,-0.0429869122185295,1.24938539551573e-13,0,0,0,0,1,0.673086199299627,0.673086199299627,79.9882713691655,1.60325013069135,0.291968373378396
21.63,0.280835829401163,0.0769148773155137,0.0134754669216215,0.205643483288459,0.00303008112032555,0.0260862608060221,80.0052133596251,0.237804083814897,0.0755999833423175,0.0289161762827313,-0.00372633578305805,0.722121180987924,-0.302614887955772,-9.44162843087705,-0.0500000000000206,-0.0429869122185295,1.24938539551573e-13,0,0,0,0,1,0.673086199299627,0.673086199299627,79.9881242449224,1.62642725781576,0.298125599430985
21.64,0.282911393375915,0.0768713117606202,0.0137368868939896,0.205453074524002,0.00310097713850939,0.0264095104791653,80.0055645716006,0.237805119478917,0.0755645001268563,0.0291115786688141,-0.00380423441488648,0.721653248955972,-0.304025855621374,-9.43831797527228,-0.0500000000000206,-0.0429869122185295,1.24938539551573e-13,0,0,0,0,1,0.673086199299627,0.673086199299627,79.9879739789196,1.64977169721194,0.304359187999985
21.65,0.284985291355738,0.0768269832085848,0.0140015244587948,0.205263177724516,0.00317229029922726,0.0267322700432571,80.0059236520238,0.237806178358653,0.0755290833370665,0.0293058005801597,-0.00388308908268255,0.721185552896683,-0.30542337720436,-9.4350168962617,-0.0500000000000206,-0.0429869122185295,1.24938539551573e-13,0,0,0,0,1,0.673086199299627,0.673086199299627,79.9878204927443,1.67328323670192,0.310669347949944
21.66,0.287057527763293,0.0767818839903107,0.0142693739208561,0.2050738378286,0.00324401382566697,0.0270545139320982,80.0062906834439,0.237807260697361,0.0754937343949346,0.0294988458825064,-0.00396290232747389,0.720718121079687,-0.306807689323864,-9.43172534018635,-0.0500000000000206,-0.0429869122185295,1.24938539551573e-13,0,0,0,0,1,0.673086199299627,0.673086199299627,79.987663707289,1.69696166281904,0.317056285687033
21.67,0.28912810742914,0.0767360064852479,0.0145404293198678,0.204885097294684,0.00331614090849169,0.0273762177589607,80.0066657487585,0.237808366739329,0.0754584546208712,0.029690718693753,-0.00404367666001322,0.720250980460492,-0.308179024544805,-9.42844344326734,-0.0500000000000206,-0.0429869122185295,1.24938539551573e-13,0,0,0,0,1,0.673086199299627,0.673086199299627,79.987503542754,1.72080676087218,0.323520205268268
21.68,0.291197035568272,0.0766893431196895,0.01481468444171,0.204696996196285,0.00338866471475793,0.0276973582855205,80.0070489312126,0.237809496729872,0.0754232452344407,0.0298814233712494,-0.00412541456212117,0.719784156678321,-0.309537611374298,-9.4251713316967,-0.0500000000000206,-0.0429869122185295,1.24938539551573e-13,0,0,0,0,1,0.673086199299627,0.673086199299627,79.9873399186502,1.74481831500679,0.330061308509912
21.69,0.293264317757563,0.0766418863651229,0.0150921328294584,0.204509572314408,0.00346157839657083,0.0280179133910758,80.0074403143977,0.237810650915328,0.0753881073551976,0.0300709644994436,-0.0042081184880172,0.719317674055901,-0.310883674262738,-9.42190912173791,-0.0500000000000206,-0.0429869122185295,1.24938539551573e-13,0,0,0,0,1,0.673086199299627,0.673086199299627,79.9871727538012,1.76899610826293,0.336679795094938
21.7,0.295329959914107,0.0765936287366355,0.0153727677940984,0.204322861227154,0.00353487509947576,0.0283378620420761,80.0078399822506,0.237811829543056,0.0753530420036239,0.0302593468778821,-0.00429179086563759,0.718851555601157,-0.312217433609271,-9.4186569198363,-0.0500000000000206,-0.0429869122185295,1.24938539551573e-13,0,0,0,0,1,0.673086199299627,0.673086199299627,79.987001966346,1.79333992263028,0.343375862679451
21.71,0.297393968274417,0.076544562791376,0.0156565824249469,0.204136896396592,0.00360854797058583,0.0286571842619833,80.0082480190527,0.237813032861434,0.0753180501021628,0.0304465755095584,-0.00437643409793861,0.718385823010697,-0.313539105771409,-9.41541482273832,-0.0500000000000206,-0.0429869122185295,1.24938539551573e-13,0,0,0,0,1,0.673086199299627,0.673086199299627,79.9868274737417,1.81784953910032,0.350149706997954
21.72,0.299456349374448,0.0764946811270709,0.0159435695997866,0.203951709252967,0.00368259016644498,0.0289758611014833,80.008664509429,0.237814261119855,0.0752831324763436,0.0306326555896047,-0.00446205056418428,0.71792049667504,-0.314848903078522,-9.4121829176193,-0.0500000000000206,-0.0429869122185295,1.24938539551573e-13,0,0,0,0,1,0.673086199299627,0.673086199299627,79.9866491927658,1.84252473771568,0.357001521967359
21.73,0.301517110030445,0.0764439763805972,0.0162337219947147,0.203767329276289,0.00375699486062687,0.0292938746090671,80.0090895383473,0.237815514568727,0.0752482898559919,0.0308175924943217,-0.00454864262121676,0.717455595685475,-0.316147033848975,-9.40896128221922,-0.0500000000000206,-0.0429869122185295,1.24938539551573e-13,0,0,0,0,1,0.673086199299627,0.673086199299627,79.9864670395186,1.86736529761685,0.363931499789643
21.74,0.303576257320552,0.0763924412266122,0.016527032093713,0.203583784075369,0.00383175525107005,0.0296112078019984,80.0095231911172,0.237816793459467,0.0752135228765218,0.0310013917705419,-0.00463621260470876,0.716991137842526,-0.317433702410679,-9.40574998498606,-0.0500000000000206,-0.0429869122185295,1.24938539551573e-13,0,0,0,0,1,0.673086199299627,0.673086199299627,79.9862809294259,1.89237099708616,0.37093983105305
21.75,0.305633798567197,0.0763400683762377,0.0168234921979421,0.203401099464366,0.00390686456715017,0.0299278446376806,80.0099655533893,0.237818098044501,0.0751788320803036,0.0311840591253202,-0.00472476283039692,0.716527139665883,-0.318709109124828,-9.40254908522609,-0.0500000000000206,-0.0429869122185295,1.24938539551573e-13,0,0,0,0,1,0.673086199299627,0.673086199299627,79.9860907772415,1.91754161358939,0.378026704831792
21.76,0.307689741320194,0.0762868505758023,0.0171230944347642,0.203219299536895,0.00398231607649039,0.0302437699854396,80.0104167111546,0.237819428577261,0.0751442179181035,0.0313656004159465,-0.00481429559529473,0.716063616405789,-0.319973450412625,-9.39935863326086,-0.0500000000000206,-0.0429869122185295,1.24938539551573e-13,0,0,0,0,1,0.673086199299627,0.673086199299627,79.9858964970498,1.94287692381479,0.385192308784113
21.77,0.309744093340563,0.0762327806056385,0.0174258307665,0.203038406737762,0.00405810309151125,0.0305589695987312,80.0108767507434,0.237820785312181,0.0751096807505902,0.0315460216402757,-0.00490481317888454,0.715600582055758,-0.321226918784767,-9.39617867059016,-0.0500000000000206,-0.0429869122185295,1.24938539551573e-13,0,0,0,0,1,0.673086199299627,0.673086199299627,79.9856980022679,1.96837670370985,0.392436829248691
21.78,0.311796862585033,0.076177851278936,0.0177316929989235,0.20285844193237,0.00413421897572173,0.0308734300877879,80.011345758825,0.237822168504701,0.0750752208499038,0.0317253289273687,-0.00499631784428769,0.715138049366587,-0.322469702873526,-9.39300923006082,-0.0500000000000206,-0.0429869122185295,1.24938539551573e-13,0,0,0,0,1,0.673086199299627,0.673086199299627,79.9854952056484,1.99404072851575,0.399760451339295
21.79,0.313848057191209,0.0761220554406503,0.0180406727894998,0.202679424473871,0.00421065714975339,0.0311871388927107,80.0118238224064,0.237823578411255,0.0750408384012839,0.0319035285284388,-0.00508881183941166,0.714676029861576,-0.323701987467218,-9.38985033604072,-0.0500000000000206,-0.0429869122185295,1.24938539551573e-13,0,0,0,0,1,0.673086199299627,0.673086199299627,79.9852880192822,2.01986877279957,0.407163359037612
21.8,0.315897685463374,0.0760653859664661,0.0183527616553704,0.202501372268105,0.00428741109713953,0.0315000842570177,80.012311028832,0.237825015289277,0.0750065335047502,0.0320806268080977,-0.00518229739807395,0.714214533852879,-0.324923953546886,-9.38670200459754,-0.0500000000000206,-0.0429869122185295,1.24938539551573e-13,0,0,0,0,1,0.673086199299627,0.673086199299627,79.9850763546002,2.04586061048456,0.414645735284215
21.81,0.317945755858922,0.0760078357618156,0.0186679509810916,0.202324301836383,0.00436447436984203,0.031812255201655,80.0128074657829,0.237826479397197,0.0749723061768347,0.032256630235896,-0.00527677674110183,0.713753570458948,-0.326135778325035,-9.38356424368212,-0.0500000000000206,-0.0429869122185295,1.24938539551573e-13,0,0,0,0,1,0.673086199299627,0.673086199299627,79.9848601223768,2.07201601487815,0.422207762067618
21.82,0.319992276975377,0.0759493977609499,0.0189862320261297,0.202148228376176,0.00444184059352809,0.0321236414994771,80.0133132212761,0.237827970994437,0.0749381563523582,0.0324315453781519,-0.00537225207740713,0.713293147622963,-0.327337635286242,-9.38043705331575,-0.0500000000000206,-0.0429869122185295,1.24938539551573e-13,0,0,0,0,1,0.673086199299627,0.673086199299627,79.9846392327316,2.09833475869821,0.429849620511331
21.83,0.322037257538001,0.0758900649260643,0.0193075959321189,0.201973165819759,0.00451950347259981,0.0324342336502011,80.013828383664,0.23782949034141,0.0749040838862499,0.0326053788900619,-0.0054687256050361,0.712833272132216,-0.328529694229503,-9.37732042578118,-0.0500000000000206,-0.0429869122185295,1.24938539551573e-13,0,0,0,0,1,0.673086199299627,0.673086199299627,79.9844135951323,2.12481661409735,0.437571490958937
21.84,0.324080706387954,0.075829830246475,0.0196320337298859,0.201799126890854,0.00459745679497952,0.0327440228558414,80.0143530416334,0.237831037699521,0.0748700885554052,0.0327781375080883,-0.005566199512193,0.712373949638374,-0.329712121312151,-9.3742143458169,-0.0500000000000206,-0.0429869122185295,1.24938539551573e-13,0,0,0,0,1,0.673086199299627,0.673086199299627,79.9841831183971,2.15146135268543,0.445373553057064
21.85,0.326122632470993,0.0757686867378486,0.0199595363462476,0.201626123159342,0.00467569443665387,0.0330530009966248,80.0148872842056,0.237832613331161,0.0748361700605771,0.0329498280426181,-0.00566467597823779,0.71191518467855,-0.330885079095218,-9.37111879081438,-0.0500000000000206,-0.0429869122185295,1.24938539551573e-13,0,0,0,0,1,0.673086199299627,0.673086199299627,79.9839477106974,2.17826874555036,0.453255985836311
21.86,0.328163044826698,0.0757066274414809,0.0202900946105848,0.201454165094082,0.00475421036598004,0.033361160607393,80.0154312007351,0.237834217499706,0.0748023280283002,0.0331204573708852,-0.00576415717465715,0.711456980697135,-0.332048726590097,-9.36803373101791,-0.0500000000000206,-0.0429869122185295,1.24938539551573e-13,0,0,0,0,1,0.673086199299627,0.673086199299627,79.9837072795601,2.20523856327729,0.461218967790023
21.87,0.330201952578191,0.0756436454236267,0.0206236992611986,0.201283262113885,0.00483299864775742,0.0336684948544905,80.0159848809094,0.23783585046952,0.0747685620128407,0.0332900324301533,-0.00586464526600824,0.710999340068326,-0.333203219306375,-9.36495912972664,-0.0500000000000206,-0.0429869122185295,1.24938539551573e-13,0,0,0,0,1,0.673086199299627,0.673086199299627,79.98346173187,2.23237057596618,0.469262676950921
21.88,0.332239364922349,0.0755797337748775,0.0209603409514531,0.201113422636708,0.00491205344706838,0.0339749975131416,80.0165484147487,0.237837512505947,0.0747348714981718,0.033458560211151,-0.00596614241083557,0.710542264119296,-0.33434870930073,-9.36189494349867,-0.0500000000000206,-0.0429869122185295,1.24938539551573e-13,0,0,0,0,1,0.673086199299627,0.673086199299627,79.9832109738727,2.2596645532479,0.477387290965561
21.89,0.334275291120472,0.0755148856095872,0.0213000102557106,0.200944654127097,0.00499136903289165,0.0342806629453163,80.0171218926046,0.237839203875312,0.0747012558999697,0.0336260477517547,-0.00606865076255994,0.710085753153936,-0.335485345226747,-9.35884112235666,-0.0500000000000206,-0.0429869122185295,1.24938539551573e-13,0,0,0,0,1,0.673086199299627,0.673086199299627,79.9829549111771,2.28712026429891,0.485592987166592
21.9,0.336309740489417,0.0754490940653449,0.0216426976750628,0.200776963141943,0.00507093978149236,0.034585486078084,80.0177054051603,0.237840924844923,0.0746677145676278,0.0337925021309127,-0.00617217247033996,0.709629806477144,-0.336613272385571,-9.35579760999478,-0.0500000000000206,-0.0429869122185295,1.24938539551573e-13,0,0,0,0,1,0.673086199299627,0.673086199299627,79.9826934487573,2.31473747785455,0.493879942642807
21.91,0.338342722393149,0.0753823523024925,0.0219883936428638,0.200610355374586,0.00515076017959236,0.0348894623824554,80.0182990434297,0.237842675683062,0.074634246786285,0.0339579304628055,-0.00627670967990536,0.709174422419579,-0.337732632777278,-9.3527643439868,-0.0500000000000206,-0.0429869122185295,1.24938539551573e-13,0,0,0,0,1,0.673086199299627,0.673086199299627,79.9824264909559,2.34251596222109,0.502248334306962
21.92,0.340374246234726,0.075314653503687,0.0223370885300694,0.200444835697326,0.00523082482732509,0.035192587852711,80.0189028987572,0.23784445665899,0.0746008517788674,0.0341223398912362,-0.00638226453436264,0.708719598362835,-0.338843565152859,-9.34974125599473,-0.0500000000000206,-0.0429869122185295,1.24938539551573e-13,0,0,0,0,1,0.673086199299627,0.673086199299627,79.9821539414862,2.37045548528644,0.510698338961378
21.93,0.342404321448672,0.0752459908735067,0.0226887726503871,0.200280408202369,0.00531112844097884,0.0354948589862133,80.0195170628169,0.237846268042943,0.0745675287081379,0.0342857375842448,-0.0064888391749722,0.708265330765008,-0.33994620506674,-9.34672827197811,-0.0500000000000206,-0.0429869122185295,1.24938539551573e-13,0,0,0,0,1,0.673086199299627,0.673086199299627,79.9818757034344,2.39855581452989,0.519230133361274
21.94,0.344432957493752,0.0751763576380981,0.0230434362652423,0.200117076241269,0.00539166585553286,0.0357962727637017,80.0201416276122,0.237848110106131,0.0745342766787532,0.0344481307289424,-0.00659643574189754,0.707811615186571,-0.341040684929726,-9.34372531240347,-0.0500000000000206,-0.0429869122185295,1.24938539551573e-13,0,0,0,0,1,0.673086199299627,0.673086199299627,79.9815916792629,2.42681671703054,0.52784389427588
21.95,0.346460163846108,0.0751057470448652,0.0234010695885647,0.199954842462899,0.00547243202699032,0.0360968266300659,80.0207766854756,0.237849983120736,0.074501094739324,0.0346095265265572,-0.00670505637492645,0.707358446316557,-0.342127134062306,-9.34073229245375,-0.0500000000000206,-0.0429869122185295,1.24938539551573e-13,0,0,0,0,1,0.673086199299627,0.673086199299627,79.981301770812,2.45523795947481,0.536539798547301
21.96,0.348485949992761,0.0750341523621968,0.0237616627913997,0.199793708849999,0.00555342203451255,0.0363965184755952,80.0214223290679,0.237851887359911,0.0744679818844775,0.0347699321876895,-0.00681470321416355,0.706905817998941,-0.343205678748217,-9.3377491222374,-0.0500000000000206,-0.0429869122185295,1.24938539551573e-13,0,0,0,0,1,0.673086199299627,0.673086199299627,79.9810058793029,2.48381930816297,0.545318023147121
21.97,0.350510325425976,0.0749615668981729,0.0241252060132934,0.199633676754007,0.00563463068177968,0.0366953466168005,80.0220786515253,0.237853823098217,0.074434937076614,0.0349293549277063,-0.00692537840023314,0.706459623877893,-0.344276442294699,-9.33477526820351,-0.0500000000000206,-0.0429869122185295,1.24938539551573e-13,0,0,0,0,1,0.673086199299627,0.673086199299627,79.9807039054874,2.51256052902755,0.554178745194823
21.98,0.352533299584219,0.0748879820717887,0.0244916886566551,0.199474746964129,0.00571553465541116,0.0369933098703734,80.0227459651777,0.23785579126173,0.0744019572479284,0.0350878018649306,-0.00703708409282282,0.706039913985174,-0.34533954494421,-9.33180797257681,-0.0500000000000206,-0.0429869122185295,1.24938539551573e-13,0,0,0,0,1,0.673086199299627,0.673086199299627,79.9803959685205,2.54146138586786,0.563122144982075
21.99,0.354554881770307,0.0748133847107331,0.0248610983768017,0.199316919800181,0.00579590511475443,0.0372904076650896,80.0234244647729,0.237857792427028,0.0743690345358829,0.0352452801524371,-0.00714982263189533,0.705620465070763,-0.346395102033946,-9.32884799518565,-0.0500000000000206,-0.0429869122185295,1.24938539551573e-13,0,0,0,0,1,0.673086199299627,0.673086199299627,79.9800820690325,2.57052163761437,0.572148416589882
22,0.356575081261457,0.0747377612981065,0.0252334226258827,0.199160195079002,0.00587575697682708,0.0375866398222725,80.0241142443386,0.237859826871302,0.0743361607264448,0.0354017969624953,-0.00726359646636418,0.705201175494008,-0.347443225343632,-9.32589456625767,-0.0500000000000206,-0.0429869122185295,1.24938539551573e-13,0,0,0,0,1,0.673086199299627,0.673086199299627,79.979762105977,2.59974104020366,0.581257762240503
22.01,0.358593907320036,0.0746610985329588,0.0256086488628477,0.19900457213538,0.00595510532993543,0.0378820065105725,80.0248153984809,0.237861894873462,0.074303327837053,0.0355573594393187,-0.00737840812434743,0.704781946679714,-0.348484023599332,-9.32294693950797,-0.0500000000000206,-0.0429869122185295,1.24938539551573e-13,0,0,0,0,1,0.673086199299627,0.673086199299627,79.97943597799,2.62911934681238,0.590450390609115
22.02,0.360611369189271,0.0745833833301404,0.0259867645586752,0.198850049850992,0.00603396541680773,0.0381765082280032,80.0255280223815,0.237863996714118,0.0742705281155322,0.03571197469621,-0.00749426021024214,0.704362683096831,-0.349517602562038,-9.3200043919971,-0.0500000000000206,-0.0429869122185295,1.24938539551573e-13,0,0,0,0,1,0.673086199299627,0.673086199299627,79.9791035833903,2.65865630790969,0.599726516591341
22.03,0.362627476089233,0.0745046028200173,0.0263677572013747,0.198696626682036,0.00611235261810322,0.0384701457846428,80.0262522117944,0.237866132675578,0.0742377540388602,0.0358656498128823,-0.00761115540182162,0.703943292235596,-0.350544065114094,-9.31706622397501,-0.0500000000000206,-0.0429869122185295,1.24938539551573e-13,0,0,0,0,1,0.673086199299627,0.673086199299627,79.9787648201812,2.68835167131017,0.609086361072597
22.04,0.364642237213083,0.0744247443480561,0.0267516143007693,0.198544300685598,0.0061902824362997,0.0387629202859811,80.0269880630423,0.237868303041832,0.0742049983117925,0.0360183918329508,-0.00772909644735694,0.703523684583142,-0.351563511343442,-9.31413175871147,-0.0500000000000206,-0.0429869122185295,1.24938539551573e-13,0,0,0,0,1,0.673086199299627,0.673086199299627,79.9784195860502,2.71820518222741,0.618530150699391
22.05,0.366655661723553,0.0743437954742814,0.0271383233930628,0.198393069544805,0.00626777047996111,0.0390548331168949,80.0277356730129,0.237870508098545,0.0741722538653502,0.0361702077615854,-0.00784808616276477,0.703103773597668,-0.352576038625784,-9.31120034231369,-0.0500000000000206,-0.0429869122185295,1.24938539551573e-13,0,0,0,0,1,0.673086199299627,0.673086199299627,79.9780677783703,2.74821658332808,0.628058117652733
22.06,0.368667758749663,0.0742617439726103,0.0275278720451997,0.198242930592809,0.00634483244838689,0.0393458859262303,80.0284951391553,0.23787274813304,0.0741395138551757,0.0363211045633201,-0.00796812742878256,0.702683475681177,-0.353581741704666,-9.30827134353141,-0.0500000000000206,-0.0429869122185295,1.24938539551573e-13,0,0,0,0,1,0.673086199299627,0.673086199299627,79.9777092941997,2.77838561478655,0.63767049942375
22.07,0.370678537383661,0.0741785778300684,0.0279202478590219,0.198093880835653,0.00642148411664412,0.0396360806119766,80.0292665594759,0.237875023434292,0.0741067716597612,0.0364710891600112,-0.0080892231881732,0.702262710150868,-0.354580712769545,-9.30534415355014,-0.0500000000000206,-0.0429869122185295,1.24938539551573e-13,0,0,0,0,1,0.673086199299627,0.673086199299627,79.9773440302823,2.80871201433998,0.64736753859165
22.08,0.372688006678172,0.0740942852458896,0.0283154384752288,0.197945916974058,0.00649774132098335,0.0399254193070119,80.0300500325341,0.237877334292914,0.0740740208785566,0.0366201684289381,-0.00821137644296024,0.701841399209209,-0.355573041531854,-9.30241818577298,-0.0500000000000206,-0.0429869122185295,1.24938539551573e-13,0,0,0,0,1,0.673086199299627,0.673086199299627,79.9769718830472,2.83919551734383,0.657149482604146
22.09,0.374696175643547,0.0740088546305053,0.0287134315771457,0.197799035424182,0.00657361994463856,0.0402139043654047,80.0308456574383,0.23787968100114,0.0740412553299592,0.0367683492010408,-0.00833459025169462,0.701419467912745,-0.356558815299125,-9.29949287559157,-0.0500000000000206,-0.0429869122185295,1.24938539551573e-13,0,0,0,0,1,0.673086199299627,0.673086199299627,79.9765927486089,2.86983585682783,0.667016583560406
22.1,0.376703053245405,0.0739222746044255,0.0291142148943061,0.19765323233738,0.00664913590401134,0.040501538349254,80.0316535338414,0.237882063852818,0.0740084690491928,0.0369156382592884,-0.00845886772675516,0.700996844139711,-0.357538119047197,-9.29656768014665,-0.0500000000000206,-0.0429869122185295,1.24938539551573e-13,0,0,0,0,1,0.673086199299627,0.673086199299627,79.9762065227665,2.90063276355229,0.676969097996711
22.11,0.378708648402352,0.0738345339970165,0.0295177762058539,0.197508503619017,0.00672430513523926,0.0407883240160502,80.0324737619361,0.237884483143391,0.0739756562860798,0.0370620423371723,-0.00858421203168303,0.700573458556467,-0.358511035490537,-9.29364207807867,-0.0500000000000206,-0.0429869122185295,1.24938539551573e-13,0,0,0,0,1,0.673086199299627,0.673086199299627,79.9758131010034,2.93158596606475,0.687007286674825
22.12,0.380712969983879,0.0737456218451785,0.0299241033437691,0.197364844946366,0.00679914358114778,0.0410742643065435,80.0333064424506,0.237886939169887,0.0739428115027113,0.0372075681173188,-0.00871062637855229,0.700149244582845,-0.359477645150723,-9.29071556926917,-0.0500000000000206,-0.0429869122185295,1.24938539551573e-13,0,0,0,0,1,0.673086199299627,0.673086199299627,79.9754123784864,2.96269519075697,0.697131414373269
22.13,0.382716026808419,0.0736555273919265,0.0303331841959234,0.197222251785631,0.00687366717858507,0.0413593623331013,80.0341516766432,0.237889432230902,0.07390992937102,0.0373522222302162,-0.00883811402537659,0.699724138356417,-0.360438026423109,-9.28778767457299,-0.0500000000000206,-0.0429869122185295,1.24938539551573e-13,0,0,0,0,1,0.673086199299627,0.673086199299627,79.9750042500649,2.99396016192217,0.707341749681483
22.14,0.384717827641556,0.0735642400848793,0.0307450067089705,0.197080719408128,0.00694789184613859,0.041643621368541,80.0350095662981,0.237891962626588,0.0738770047702617,0.0374960112530504,-0.008966678273554,0.699298078695772,-0.361392255641715,-9.28485793554223,-0.0500000000000206,-0.0429869122185295,1.24938539551573e-13,0,0,0,0,1,0.673086199299627,0.673086199299627,79.97458861027,3.0253806018125,0.717638564797046
22.15,0.386718381194393,0.0734717495746594,0.0311595588910746,0.196940242905661,0.00702183347223211,0.0419270448354219,80.0358802137201,0.237894530658634,0.0738440327844081,0.0376389417086442,-0.00909632246535037,0.698871007062826,-0.362340407142373,-9.28192591414216,-0.0500000000000206,-0.0429869122185295,1.24938539551573e-13,0,0,0,0,1,0.673086199299627,0.673086199299627,79.974165353313,3.05695623069668,0.728022135325981
22.16,0.388717696122046,0.073378045713207,0.0315768288144844,0.196800817205127,0.00709550790360154,0.0422096362957826,80.0367637217295,0.237897136630254,0.073811008699458,0.0377810200644962,-0.00922704998142214,0.698442867524236,-0.363282553324157,-9.27899119245966,-0.0500000000000206,-0.0429869122185295,1.24938539551573e-13,0,0,0,0,1,0.673086199299627,0.673086199299627,79.9737343730844,3.08868676691787,0.738492740086214
22.17,0.390715781022281,0.0732831185520136,0.0319968046179544,0.196662437082378,0.00716893093414773,0.04249139944131,80.0376601936569,0.237899780846173,0.0737779280006695,0.0379222527319136,-0.00935886423837984,0.698013606711948,-0.364218764709141,-9.27605337240454,-0.0500000000000206,-0.0429869122185295,1.24938539551573e-13,0,0,0,0,1,0.673086199299627,0.673086199299627,79.9732955631527,3.12057192695157,0.749050660914301
22.18,0.392712644434271,0.0731869583402757,0.0324194745090201,0.196525097175379,0.00724211829416403,0.0427723380839234,80.0385697333378,0.237902463612606,0.0737447863697188,0.0380626460652353,-0.00949176868639254,0.697583173782941,-0.365149110000492,-9.2731120754043,-0.0500000000000206,-0.0429869122185295,1.24938539551573e-13,0,0,0,0,1,0.673086199299627,0.673086199299627,79.9728488167625,3.15261142546365,0.759696182475425
22.19,0.394708294837474,0.0730895555229757,0.0328448267661301,0.196388791996681,0.00731508563993634,0.0430524561467637,80.0394924451079,0.237905185237247,0.0737115796817894,0.0382022063611397,-0.00962576680683447,0.697151520378213,-0.36607365613897,-9.27016694209273,-0.0500000000000206,-0.0429869122185295,1.24938539551573e-13,0,0,0,0,1,0.673086199299627,0.673086199299627,79.9723940268328,3.18480497536843,0.770429592076768
22.2,0.396702740650622,0.0729909007388902,0.0332728497406413,0.196253515945251,0.00738784854371293,0.0433317576555714,80.0404284337967,0.23790794602925,0.0736783040025975,0.0383409398580348,-0.00976086210997401,0.696718600581066,-0.366992468357821,-9.26721763199273,-0.0500000000000206,-0.0429869122185295,1.24938539551573e-13,0,0,0,0,1,0.673086199299627,0.673086199299627,79.9719310859556,3.21715228788675,0.781251179484284
22.21,0.398695990230817,0.0728909848185312,0.0337035318586789,0.196119263317669,0.0074604224840413,0.0436102467304421,80.0413778047229,0.237910746299214,0.0736449555853553,0.0384788527355246,-0.00989705813270605,0.69628437087472,-0.367905610236125,-9.26426382319392,-0.0500000000000206,-0.0429869122185295,1.24938539551573e-13,0,0,0,0,1,0.673086199299627,0.673086199299627,79.9714598863939,3.24965307260398,0.792161236742928
22.22,0.400688051872731,0.0727897987820232,0.0341368616228676,0.195986028318745,0.00753282283646894,0.0438879275779461,80.0423406636883,0.237913586359165,0.0736115308676795,0.0386159511139497,-0.010034358436328,0.695848790099319,-0.368813143750622,-9.26130521202522,-0.0500000000000206,-0.0429869122185295,1.24938539551573e-13,0,0,0,0,1,0.673086199299627,0.673086199299627,79.9709803200796,3.28230703752804,0.803160058000391
22.23,0.402678933807893,0.0726873338369184,0.0345728276139374,0.19585380507155,0.00760506486460476,0.0441648044836005,80.0433171169726,0.23791646652254,0.0735780264684469,0.0387522410539967,-0.0101727666043601,0.695411819408383,-0.369715129326047,-9.25834151272308,-0.0500000000000206,-0.0429869122185295,1.24938539551573e-13,0,0,0,0,1,0.673086199299627,0.673086199299627,79.9704922786118,3.31511388914721,0.814247939334373
22.24,0.404668644204072,0.0725835813759548,0.0350114184922067,0.195722587626913,0.0076771637115378,0.0444408818046808,80.0443072713272,0.237919387104173,0.0735444391846019,0.038887728556374,-0.0103122862404105,0.694973422224723,-0.370611625883989,-9.25537245709558,-0.0500000000000206,-0.0429869122185295,1.24938539551573e-13,0,0,0,0,1,0.673086199299627,0.673086199299627,79.9699956532541,3.34807333248788,0.825425178583448
22.25,0.406657191164746,0.0724785329747599,0.0354526229989488,0.195592369972396,0.00774913439160946,0.0447161639633608,80.04531123397,0.237922348420272,0.0735107659879209,0.0390224195615499,-0.0104529209660855,0.694533564195909,-0.371502690890338,-9.25239779418283,-0.0500000000000206,-0.0429869122185295,1.24938539551573e-13,0,0,0,0,1,0.673086199299627,0.673086199299627,79.969490334933,3.38118507117209,0.836692075181503
22.26,0.40864458272864,0.0723721803895022,0.035896429957644,0.195463146040766,0.0078209917825355,0.0449906554401699,80.0463291125796,0.237925350788408,0.0734770040217353,0.03915631994955,-0.0105946744189446,0.694092213149295,-0.37238838040131,-9.24941728991409,-0.0500000000000206,-0.0429869122185295,1.24938539551573e-13,0,0,0,0,1,0.673086199299627,0.673086199299627,79.968976214235,3.41444880747484,0.848048929995846
22.27,0.410630826869354,0.0722645155544958,0.0363428282751217,0.195334909717996,0.00789275061787377,0.0452643607677556,80.0473610152894,0.237928394527493,0.0734431505976195,0.0392894355398101,-0.0107375502505025,0.693649339046676,-0.373268749108112,-9.24643072676197,-0.0500000000000206,-0.0429869122185295,1.24938539551573e-13,0,0,0,0,1,0.673086199299627,0.673086199299627,79.9684531814047,3.44786424238117,0.859496045168966
22.28,0.412615931495046,0.0721555305797583,0.0367918069425954,0.195207654850811,0.0079644254798335,0.045537284524941,80.0484070506814,0.237931479957766,0.0734092031920453,0.0394217720910823,-0.010881552124276,0.693204913938607,-0.374143850380259,-9.24343790339404,-0.0500000000000206,-0.0429869122185295,1.24938539551573e-13,0,0,0,0,1,0.673086199299627,0.673086199299627,79.967921126342,3.48143107564297,0.871033723963951
22.29,0.414599904448197,0.0720452177485283,0.0372433550365954,0.195081375253799,0.0080360307924219,0.045809431331067,80.0494673277814,0.237934607400773,0.0733751594430088,0.0395533353013902,-0.0110266837138776,0.692758911918426,-0.375013736307577,-9.2404386343223,-0.0500000000000206,-0.0429869122185295,1.24938539551573e-13,0,0,0,0,1,0.673086199299627,0.673086199299627,79.9673799385996,3.51514900583541,0.882662270613628
22.3,0.416582753505422,0.0719335695147425,0.0376974617198021,0.194956064716113,0.00810758081492347,0.0460808058406082,80.0505419560519,0.237937777179352,0.073341017146631,0.0396841308080321,-0.0111729487011551,0.692311309076047,-0.375878457740923,-9.23743274955074,-0.0500000000000206,-0.0429869122185295,1.24938539551573e-13,0,0,0,0,1,0.673086199299627,0.673086199299627,79.9668295073807,3.54901773041309,0.89438199017339
22.31,0.418564486377353,0.0718205785004772,0.038154116241782,0.194831717007771,0.00817908963570753,0.0463514127380526,80.0516310453873,0.237940989617614,0.0733067742537372,0.0398141641876269,-0.0113203507743784,0.691862083451525,-0.376738064331647,-9.23442009422144,-0.0500000000000206,-0.0429869122185295,1.24938539551573e-13,0,0,0,0,1,0.673086199299627,0.673086199299627,79.9662697215359,3.58303694576576,0.906193188377744
22.32,0.42054511070857,0.0717062374933565,0.0386133079396326,0.194708325885583,0.00825057116635914,0.0466212567330367,80.0527347061072,0.237944245040926,0.0732724288664183,0.0399434409562029,-0.0114688936264715,0.691411214988477,-0.377592604569827,-9.23140052825944,-0.0500000000000206,-0.0429869122185295,1.24938539551573e-13,0,0,0,0,1,0.673086199299627,0.673086199299627,79.9657004695607,3.61720634727362,0.918096171500576
22.33,0.422524634077581,0.0715905394439302,0.0390750262385364,0.194585885098722,0.00832203913612859,0.0468903425557245,80.053853048951,0.237947543775893,0.0732379792345766,0.0400719665693249,-0.0116185809532928,0.69095868548737,-0.378442125821306,-9.22837392601684,-0.0500000000000206,-0.0429869122185295,1.24938539551573e-13,0,0,0,0,1,0.673086199299627,0.673086199299627,79.9651216395927,3.65152562936222,0.930091246219148
22.34,0.42450306399686,0.0714734774630229,0.0395392606522297,0.194464388393951,0.00839350708669446,0.0471586749524225,80.0549861850717,0.23795088615034,0.073203423752461,0.0401997464222573,-0.0117694164519602,0.690504478558733,-0.379286674363551,-9.22534017591627,-0.0500000000000206,-0.0429869122185295,1.24938539551573e-13,0,0,0,0,1,0.673086199299627,0.673086199299627,79.9645331194088,3.6859944855568,0.942178719481802
22.35,0.426480407912916,0.0713550448190601,0.0400060007833869,0.194343829520518,0.00846498836723513,0.0474262586814216,80.0561342260303,0.237954272493296,0.0731687609551926,0.0403267858501627,-0.0119214038192236,0.690048579576318,-0.380126295420382,-9.22229918009419,-0.0500000000000206,-0.0429869122185295,1.24938539551573e-13,0,0,0,0,1,0.673086199299627,0.673086199299627,79.9639347964222,3.72061260853617,0.954358898379381
22.36,0.428456673206414,0.0712352349353699,0.040475236323926,0.194224202234754,0.00853649612980361,0.0476930985090568,80.0572972837894,0.237957703134976,0.0731339895152857,0.0404530901283313,-0.012074546749884,0.689590975630266,-0.380961033195575,-9.21925085404429,-0.0500000000000206,-0.0429869122185295,1.24938539551573e-13,0,0,0,0,1,0.673086199299627,0.673086199299627,79.9633265576797,3.75537969018608,0.966632090020368
22.37,0.430431867192333,0.0711140413874664,0.0409469570552362,0.194105500304363,0.00860804332500032,0.0479591992059771,80.0584754707079,0.237961178406762,0.0730991082391657,0.0405786644724407,-0.0122288489352579,0.689131655480301,-0.381790930905373,-9.21619512626109,-0.0500000000000206,-0.0429869122185295,1.24938539551573e-13,0,0,0,0,1,0.673086199299627,0.673086199299627,79.9627082898584,3.79029542165196,0.978998601409709
22.38,0.432405997120155,0.0709914579003149,0.0414211528483309,0.193987717512438,0.00867964269793848,0.0482245655436159,80.0596688995347,0.237964698641186,0.0730641160636887,0.040703514038843,-0.0123843140616888,0.688670609508984,-0.38261603080995,-9.21313193788436,-0.0500000000000206,-0.0429869122185295,1.24938539551573e-13,0,0,0,0,1,0.673086199299627,0.673086199299627,79.9620798792631,3.8253594933911,0.991458739331327
22.39,0.434379070174096,0.0708674783455832,0.0418978136639298,0.193870847661211,0.00875130678449665,0.0484892022908561,80.0608776834029,0.237968264171914,0.0730290120526626,0.0408276439248788,-0.0125409458091039,0.68820782967509,-0.383436374243825,-9.21006124234436,-0.0500000000000206,-0.0429869122185295,1.24938539551573e-13,0,0,0,0,1,0.673086199299627,0.673086199299627,79.961441211823,3.8605715952242,1.00401281023431
22.4,0.436351093473358,0.0707420967388803,0.0423769295524723,0.193754884575543,0.0088230479078529,0.0487531142108797,80.0621019358238,0.237971875333727,0.0729937953933765,0.0409510591692134,-0.0126987478496163,0.687743309467103,-0.384252001645273,-9.20698300500818,-0.0500000000000206,-0.0429869122185295,1.24938539551573e-13,0,0,0,0,1,0.673086199299627,0.673086199299627,79.9607921730887,3.89593141638629,1.01666112012271
22.41,0.438322074072423,0.0706153072369846,0.0428584906540645,0.193639822106179,0.00889487817529494,0.0490163060581967,80.0633417706816,0.237975532462504,0.0729584653931366,0.0410737647521972,-0.0128577238461739,0.687277043856903,-0.38506295258476,-9.20389720282762,-0.0500000000000206,-0.0429869122185295,1.24938539551573e-13,0,0,0,0,1,0.673086199299627,0.673086199299627,79.9601326482293,3.93143864557694,1.02940397444905
22.42,0.440292018961359,0.0704871041350655,0.0433424871983635,0.193525654132772,0.00896680947530067,0.0492787825758447,80.0645973022269,0.237979235895206,0.0729230214758153,0.0411957655962446,-0.0130178774512511,0.686809029253643,-0.385869265792408,-9.2008038239887,-0.0500000000000206,-0.0429869122185295,1.24938539551573e-13,0,0,0,0,1,0.673086199299627,0.673086199299627,79.9594625220289,3.96709297100985,1.04224167801132
22.43,0.442260935066162,0.070357481863899,0.0438289095043999,0.193412374566689,0.00903885347488335,0.049540548492752,80.0658686450712,0.237982985969855,0.0728874631784128,0.0413170665662332,-0.0131792123055877,0.686339263457869,-0.386670979184538,-9.19770286756295,-0.0500000000000206,-0.0429869122185295,1.24938539551573e-13,0,0,0,0,1,0.673086199299627,0.673086199299627,79.9587816788838,4.00289408046164,1.05517453485366
22.44,0.444228829249114,0.07022643498708,0.0443177479803435,0.193299977353611,0.00911102161719557,0.049801608521259,80.0671559141814,0.237986783025523,0.072851790147635,0.0414376724699194,-0.0133417320369705,0.685867745615903,-0.387468129889305,-9.19459434316101,-0.0500000000000206,-0.0429869122185295,1.24938539551573e-13,0,0,0,0,1,0.673086199299627,0.673086199299627,79.9580900027994,4.03884166131994,1.06820284817049
22.45,0.446195708309165,0.0700939581982342,0.0448089931232119,0.193188456475938,0.00918332511938645,0.0500619673547892,80.0684592248733,0.237990627402309,0.0728160021364911,0.0415575880583704,-0.0135054402590594,0.685394476174533,-0.388260754271449,-9.19147827058844,-0.0500000000000206,-0.0429869122185295,1.24938539551573e-13,0,0,0,0,1,0.673086199299627,0.673086199299627,79.9573873773869,4.07493540063074,1.08132692021426
22.46,0.448161578982336,0.0699600463182302,0.0453026355185267,0.193077805955011,0.00925577497070589,0.0503216296656646,80.0697786928068,0.237994519441325,0.0727800990009098,0.04167681802641,-0.0136703405702572,0.684919456836014,-0.389048887956186,-9.18835467950413,-0.0500000000000206,-0.0429869122185295,1.24938539551573e-13,0,0,0,0,1,0.673086199299627,0.673086199299627,79.9566736858599,4.11117498514493,1.09454705220662
22.47,0.450126447942132,0.0698246942923957,0.0457986658399181,0.192968019853154,0.00932838193085035,0.0505806001030594,80.0711144339797,0.237998459484679,0.0727440806963804,0.0417953670130779,-0.0138364365526229,0.68444269051343,-0.389832565852275,-9.18522360908146,-0.0500000000000206,-0.0429869122185295,1.24938539551573e-13,0,0,0,0,1,0.673086199299627,0.673086199299627,79.955948811032,4.14756010136406,1.10786354425302
22.48,0.452090321799978,0.0696878971877375,0.0462970748486812,0.192859092275551,0.009401156528544,0.0508388832910854,80.0724665647222,0.238002447875457,0.0727079472746174,0.0419132396021009,-0.0140037317708266,0.68396418128644,-0.390611822174264,-9.18208510767243,-0.0500000000000206,-0.0429869122185295,1.24938539551573e-13,0,0,0,0,1,0.673086199299627,0.673086199299627,79.9552126353126,4.18409043558528,1.12127669526077
22.49,0.454053207105666,0.0695496501901694,0.0467978533932851,0.192751017371974,0.0094741090603495,0.051096483827004,80.0738352016911,0.238006484957708,0.0726716988802523,0.0420304403223738,-0.0141722297711482,0.683483934357411,-0.391386690463954,-9.17893923247485,-0.0500000000000206,-0.0429869122185295,1.24938539551573e-13,0,0,0,0,1,0.673086199299627,0.673086199299627,79.9544650407047,4.22076567394545,1.13478680286048
22.5,0.456015110347816,0.0694099486017486,0.0473009924088389,0.19264378933835,0.00954724958970238,0.051353406279558,80.0752204618647,0.238010571076428,0.0726353357475551,0.0421469736484509,-0.0143419340805161,0.683001956008004,-0.392157203611101,-9.17578604920292,-0.0500000000000206,-0.0429869122185295,1.24938539551573e-13,0,0,0,0,1,0.673086199299627,0.673086199299627,79.9537059088011,4.25758550246437,1.14839416333078
22.51,0.457976037954349,0.0692687878379223,0.0478064829165142,0.192537402418195,0.00962058794616318,0.05160965518742,80.0766224625368,0.238014706577541,0.0725988581971845,0.042262844001045,-0.0145128482055888,0.682518253556195,-0.392923393873373,-9.17262563176131,-0.0500000000000206,-0.0429869122185295,1.24938539551573e-13,0,0,0,0,1,0.673086199299627,0.673086199299627,79.9529351207814,4.29454960708722,1.16209907152637
22.52,0.459935996292969,0.0691261634247869,0.0483143160229284,0.192431850903916,0.00969413372488132,0.0518652350577491,80.0780413213118,0.238018891807885,0.0725622666329725,0.0423780557475341,-0.0146849756318757,0.682032835313779,-0.393685292895589,-9.16945806192273,-0.0500000000000206,-0.0429869122185295,1.24938539551573e-13,0,0,0,0,1,0.673086199299627,0.673086199299627,79.952152557409,4.33165767372609,1.17590182080934
22.53,0.461894991671654,0.0689820709963612,0.0488244829194894,0.192327129137987,0.00976789628626488,0.0521201503648536,80.0794771560988,0.238023127115195,0.0725255615387413,0.0424926132024743,-0.0148583198228988,0.681545710544368,-0.394442931728262,-9.16628342900943,-0.0500000000000206,-0.0429869122185295,1.24938539551573e-13,0,0,0,0,1,0.673086199299627,0.673086199299627,79.9513580990276,4.36890938830055,1.18980270298361
22.54,0.463853030339158,0.0688365062918749,0.0493369748817045,0.192223231514001,0.00984188475585027,0.052374405548954,80.0809300851064,0.238027412848087,0.0724887434751568,0.0426065206281181,-0.0150328842193941,0.681056889421908,-0.395196340845458,-9.16310182957866,-0.0500000000000206,-0.0429869122185295,1.24938539551573e-13,0,0,0,0,1,0.673086199299627,0.673086199299627,79.9505516255585,4.40630443677746,1.20380200823264
22.55,0.465810118485518,0.0686894651530747,0.049851783268455,0.192120152477626,0.00991610802436594,0.05262800501504,80.0824002268374,0.238031749356045,0.0724518130766185,0.0427197822349374,-0.015208672238551,0.680566382989731,-0.39594555016201,-9.15991336711203,-0.0500000000000206,-0.0429869122185295,1.24938539551573e-13,0,0,0,0,1,0.673086199299627,0.673086199299627,79.9497330164974,4.44384250520974,1.21790002506013
22.56,0.467766262242566,0.0685409435215483,0.0503688995212383,0.192017886527439,0.00999057474798421,0.0528809531318199,80.0838877000838,0.238036136989401,0.0724147710481884,0.04283240218215,-0.0153856872732912,0.680074203120166,-0.396690589050088,-9.15671815170928,-0.0500000000000206,-0.0429869122185295,1.24938539551573e-13,0,0,0,0,1,0.673086199299627,0.673086199299627,79.9489021509109,4.48152327977429,1.2320970402339
22.57,0.46972146768445,0.068390937436069,0.0508883151633797,0.191916428215672,0.0100652933487554,0.0531332542307552,80.0853926239212,0.238040576099322,0.0723776181625593,0.0429443845782493,-0.0155639326915841,0.679580362474716,-0.397431486355161,-9.1535162997863,-0.0500000000000206,-0.0429869122185295,1.24938539551573e-13,0,0,0,0,1,0.673086199299627,0.673086199299627,79.9480589074337,4.51934644680894,1.24639333873269
22.58,0.471675740828157,0.0682394430299616,0.0514100217992152,0.191815772148865,0.0101402720152182,0.053384912605178,80.0869151177041,0.238045067037796,0.0723403552570645,0.043055733481536,-0.0157434118358002,0.67908487446483,-0.398168270411357,-9.15030793377745,-0.0500000000000206,-0.0429869122185295,1.24938539551573e-13,0,0,0,0,1,0.673086199299627,0.673086199299627,79.9472031642659,4.55731169284854,1.26078920369596
22.59,0.473629087634037,0.0680864565284913,0.051934011113248,0.19171591298843,0.0102155187031809,0.0536359325094866,80.0884553010602,0.238049610157614,0.0723029832307296,0.0431664529006513,-0.0159241280221004,0.678587753213274,-0.398900969056247,-9.14709318184273,-0.0500000000000206,-0.0429869122185295,1.24938539551573e-13,0,0,0,0,1,0.673086199299627,0.673086199299627,79.9463347991691,4.59541870465997,1.27528491637657
22.6,0.475581514006339,0.0679319742462762,0.0524602748692785,0.191616845451132,0.0102910411366674,0.0538863181584149,80.0900132938862,0.238054205812357,0.0722655030413677,0.0432765467951118,-0.0161060845398614,0.678089013516131,-0.399629609645082,-9.14387217757933,-0.0500000000000206,-0.0429869122185295,1.24938539551573e-13,0,0,0,0,1,0.673086199299627,0.673086199299627,79.9454536894644,4.63366716927632,1.28988075609637
22.61,0.477533025793736,0.0677759925847255,0.0529888049095115,0.191518564309497,0.0103668468090218,0.0541360737263729,80.0915892163422,0.238058854356382,0.0722279157027195,0.043386019075843,-0.0162892846511356,0.677588670805417,-0.400354219064476,-9.14064505973808,-0.0500000000000206,-0.0429869122185295,1.24938539551573e-13,0,0,0,0,1,0.673086199299627,0.673086199299627,79.9445597120284,4.67205677403007,1.30457700020453
22.62,0.479483628789866,0.0676185080295038,0.0535195931536415,0.191421064392149,0.0104429429841669,0.0543852033468534,80.0931831888471,0.238063556144806,0.0721902222816383,0.0434948736057146,-0.0164737315901463,0.677086741112359,-0.401074823745575,-9.13741197194467,-0.0500000000000206,-0.0429869122185295,1.24938539551573e-13,0,0,0,0,1,0.673086199299627,0.673086199299627,79.9436527432913,4.71058720658528,1.31937392403866
22.63,0.481433328733862,0.0674595171480236,0.0540526315979161,0.191324340584074,0.0105193366980105,0.0546337111119024,80.0947953320737,0.238068311533491,0.072152423895322,0.0436031142000732,-0.0166594285628155,0.676583241031322,-0.401791449676731,-9.13417306242583,-0.0500000000000206,-0.0429869122185295,1.24938539551573e-13,0,0,0,0,1,0.673086199299627,0.673086199299627,79.942732659233,4.74925815496889,1.3342718008886
22.64,0.48338213131089,0.0672990165869657,0.0545879123141822,0.191228387826828,0.010596034759993,0.0548816010716499,80.0964257669441,0.238073120879033,0.0721145217085921,0.0437107446272752,-0.0168463787463256,0.676078187684401,-0.402504122415669,-9.13092848374042,-0.0500000000000206,-0.0429869122185295,1.24938539551573e-13,0,0,0,0,1,0.673086199299627,0.673086199299627,79.941799335381,4.78806930760095,1.34927090196282
22.65,0.485330042152685,0.0671370030698296,0.0551254274489132,0.191133201118683,0.0106730437547721,0.0551288772338965,80.0980746146247,0.238077984538745,0.0720765169312205,0.0438177686092167,-0.0170345852887132,0.6755715986867,-0.403212867101211,-9.12767839251573,-0.0500000000000206,-0.0429869122185295,1.24938539551573e-13,0,0,0,0,1,0.673086199299627,0.673086199299627,79.940852646807,4.82702035332398,1.36437149635751
22.66,0.487277066838083,0.0669734733945147,0.0556651692222204,0.191038775514721,0.0107503700440389,0.0553755435637547,80.0997419965217,0.238082902870646,0.0720384108153056,0.0439241898218621,-0.0172240513084942,0.67506349211229,-0.403917708464526,-9.12442294918874,-0.0500000000000206,-0.0429869122185295,1.24938539551573e-13,0,0,0,0,1,0.673086199299627,0.673086199299627,79.9398924681244,4.86611098143129,1.37957385102803
22.67,0.489223210893562,0.0668084244309327,0.0562071299268502,0.190945106126876,0.0108280197684582,0.0556216039833404,80.1014280342768,0.238087876233444,0.0720002046526979,0.0440300118957699,-0.0174147798943199,0.674553886460859,-0.404618670839951,-9.12116231775261,-0.0500000000000206,-0.0429869122185295,1.24938539551573e-13,0,0,0,0,1,0.673086199299627,0.673086199299627,79.9389186734856,4.90534088169439,1.39487823076295
22.68,0.491168479793767,0.0666418531186525,0.0567513019271669,0.190852188123925,0.0109059988497306,0.0558670623715127,80.1031328497623,0.238092904986526,0.0719618997724751,0.0441352384166154,-0.017606774104664,0.674042800625083,-0.405315778175395,-9.11789666550846,-0.0500000000000206,-0.0429869122185295,1.24938539551573e-13,0,0,0,0,1,0.673086199299627,0.673086199299627,79.9379311365789,4.94470974438936,1.41028489816047
22.69,0.493112878962049,0.0664737564645785,0.0572976776581245,0.190760016731442,0.0109843129927681,0.0561119225636584,80.1048565650769,0.238097989489943,0.0719234975384682,0.0442398729257106,-0.0178000369675374,0.673530253858677,-0.40600905404233,-9.11462616282235,-0.0500000000000206,-0.0429869122185295,1.24938539551573e-13,0,0,0,0,1,0.673086199299627,0.673086199299627,79.9369297306261,4.98421726032234,1.42579411360718
22.7,0.49505641377099,0.0663041315406623,0.0578462496242262,0.190668587231707,0.01106296768798,0.0563561883515193,80.1065993025414,0.238103130104398,0.071884999346839,0.0443439189205199,-0.0179945714802335,0.673016265745184,-0.406698521645394,-9.11135098288754,-0.0500000000000206,-0.0429869122185295,1.24938539551573e-13,0,0,0,0,1,0.673086199299627,0.673086199299627,79.9359143283799,5.02386312085397,1.44140613525908
22.71,0.496999089542931,0.0661329754816499,0.0583970103984758,0.190577894963578,0.0111419682136632,0.0565998634830599,80.1083611846942,0.238108327191232,0.0718464066237084,0.0444473798551725,-0.0181903806091006,0.672500856167473,-0.407384203831622,-9.10807130149221,-0.0500000000000206,-0.0429869122185295,1.24938539551573e-13,0,0,0,0,1,0.673086199299627,0.673086199299627,79.9348848021211,5.06364701792291,1.45712121902491
22.72,0.4989409115505,0.0659602854828635,0.0589499526213193,0.190487935322329,0.0112213196384909,0.0568429516623719,80.1101423342872,0.238113581112416,0.0718077208228375,0.0445502591409706,-0.0183874672893416,0.671984045277966,-0.408066123099304,-9.10478729679242,-0.0500000000000206,-0.0429869122185295,1.24938539551573e-13,0,0,0,0,1,0.673086199299627,0.673086199299627,79.9338410236561,5.10356864406842,1.47293961855161
22.73,0.50088188501713,0.0657860587980198,0.0595050689995803,0.190398703759453,0.0113010268240967,0.0570854565496152,80.1119428742817,0.23811889223053,0.0717689434233601,0.0446525601468929,-0.0185858344248401,0.671465853469579,-0.408744301606504,-9.10149914909051,-0.0500000000000206,-0.0429869122185295,1.24938539551573e-13,0,0,0,0,1,0.673086199299627,0.673086199299627,79.9327828643148,5.14362769245194,1.48886158521188
22.74,0.502822015117584,0.0656102927370841,0.0600623523053882,0.190310195782441,0.0113810944277469,0.0573273817609911,80.1137629278443,0.23812426090876,0.0717300759275686,0.0447542862000943,-0.0187854848880133,0.670946301347412,-0.40941876117924,-9.09820704061895,-0.0500000000000206,-0.0429869122185295,1.24938539551573e-13,0,0,0,0,1,0.673086199299627,0.673086199299627,79.9317101949474,5.18382385687777,1.50488736809388
22.75,0.504761306978464,0.0654329846641627,0.0606217953751021,0.190222406954527,0.0114615269050975,0.057568730868747,80.1156026183428,0.23812968751088,0.0716911198587515,0.0448554405864003,-0.0189864215196883,0.67042540970115,-0.410089523319342,-9.09491115532952,-0.0500000000000206,-0.0429869122185295,1.24938539551573e-13,0,0,0,0,1,0.673086199299627,0.673086199299627,79.9306228859226,5.22415683181277,1.5210172139928
22.76,0.506699765678729,0.0652541319954316,0.06118339110823,0.190135332894412,0.0115423285130309,0.0578095074012102,80.1174620693424,0.238135172401245,0.0716520767590849,0.0449560265507961,-0.0191886471290044,0.669903199478215,-0.410756609211998,-9.091611678688,-0.0500000000000206,-0.0429869122185295,1.24938539551573e-13,0,0,0,0,1,0.673086199299627,0.673086199299627,79.9295208071252,5.26462631240514,1.53725136740455
22.77,0.508637396250203,0.065073732197104,0.0617471324663454,0.190048969275965,0.0116235033125668,0.0580497148428488,80.1193414046016,0.238140715944775,0.0716129481875764,0.045056047297912,-0.0193921644933382,0.66937969175763,-0.411420039733006,-9.08830879747418,-0.0500000000000206,-0.0429869122185295,1.24938539551573e-13,0,0,0,0,1,0.673086199299627,0.673086199299627,79.9284038279534,5.30523199450225,1.55359007052114
22.78,0.510574203678081,0.0648917827834358,0.0623130124720016,0.189963311827903,0.0117050551718433,0.0582893566343581,80.1212407480688,0.238146318506947,0.0715737357180622,0.0451555059925024,-0.0195969763582514,0.668854907724637,-0.412079835455738,-9.08500269958743,-0.0500000000000206,-0.0429869122185295,1.24938539551573e-13,0,0,0,0,1,0.673086199299627,0.673086199299627,79.9272718173171,5.34597357466764,1.57003356322808
22.79,0.512510192901429,0.0647082813147701,0.0628810242076447,0.189878356333449,0.0117869877691637,0.05852843617277,80.1231602238781,0.238151980453783,0.0715344409372569,0.0452544057599198,-0.0198030854374617,0.668328868646034,-0.412736016657833,-9.0816935738576,-0.0500000000000206,-0.0429869122185295,1.24938539551573e-13,0,0,0,0,1,0.673086199299627,0.673086199299627,79.9261246436352,5.38685075019693,1.5865820831034
22.8,0.514445368813684,0.0645232253956206,0.0634511608145269,0.189794098629977,0.0118693045961043,0.0587669568115853,80.125099956346,0.238157702151838,0.0714950654428575,0.0453527496865838,-0.020010494412834,0.66780159584624,-0.41338860332762,-9.07838160986131,-0.0500000000000206,-0.0429869122185295,1.24938539551573e-13,0,0,0,0,1,0.673086199299627,0.673086199299627,79.9249621748341,5.42786321913303,1.60323586541844
22.81,0.516379736263148,0.0643366126727944,0.0640234154916196,0.189710534608637,0.0119520089606781,0.0590049218609256,80.1270600699678,0.238163483968191,0.0714556108416992,0.0454505408204439,-0.0202192059343936,0.6672731106841,-0.414037615170299,-9.0750669977437,-0.0500000000000206,-0.0429869122185295,1.24938539551573e-13,0,0,0,0,1,0.673086199299627,0.673086199299627,79.9237842783449,5.46901068028032,1.61999514314037
22.82,0.518313300053477,0.0641484408335549,0.0645977814945287,0.189627660213975,0.0120351039905516,0.0592423345877042,80.1290406894137,0.238169326270435,0.0714160787479643,0.0455477821714377,-0.0204292226203583,0.666743434530402,-0.414683071613873,-9.07174992804548,-0.0500000000000206,-0.0429869122185295,1.24938539551573e-13,0,0,0,0,1,0.673086199299627,0.673086199299627,79.9225908211019,5.51029283321798,1.63686014693616
22.83,0.520246064944168,0.0639587076038236,0.0651742521344118,0.189545471443523,0.0121185926363088,0.059479198215815,80.1310419395259,0.238175229426665,0.0713764707814447,0.0456444767119426,-0.0206405470571909,0.666212588746131,-0.415324991814847,-9.06843059153541,-0.0500000000000206,-0.0429869122185295,1.24938539551573e-13,0,0,0,0,1,0.673086199299627,0.673086199299627,79.9213816695405,5.55170937831246,1.65383110517821
22.84,0.522178035651039,0.0637674107464225,0.065752820776899,0.1894639643474,0.0122024776747593,0.0597155159263367,80.1330639453147,0.238181193805469,0.071336788565856,0.0457406273772223,-0.0208531817996692,0.66568059466142,-0.415963394663716,-9.06510917904802,-0.0500000000000206,-0.0429869122185295,1.24938539551573e-13,0,0,0,0,1,0.673086199299627,0.673086199299627,79.9201566895952,5.59326001672911,1.67090824395144
22.85,0.52410921684671,0.0635745480593564,0.0663334808410165,0.189383135027883,0.0122867617122865,0.0599512908577522,80.1351068319557,0.238187219775918,0.0712970337272044,0.0458362370658676,-0.0210671293709756,0.665147473555246,-0.416598298790234,-9.06178588132666,-0.0500000000000206,-0.0429869122185295,1.24938539551573e-13,0,0,0,0,1,0.673086199299627,0.673086199299627,79.9189157466981,5.63494445044289,1.68809178706181
22.86,0.526039613161073,0.0633801173741359,0.0669162257981162,0.189302979638983,0.0123714471882311,0.0601865261061818,80.137170724786,0.238193307707556,0.0712572078922052,0.0459313086402312,-0.0212823922628017,0.664613246635799,-0.417229722568472,-9.05846088887181,-0.0500000000000206,-0.0429869122185295,1.24938539551573e-13,0,0,0,0,1,0.673086199299627,0.673086199299627,79.9176587057765,5.67676238224829,1.70538195604619
22.87,0.527969229181762,0.0631841165541395,0.0675010491708091,0.189223494386004,0.0124565363783065,0.060421224725628,80.1392557493015,0.238199457970393,0.0712173126867542,0.0460258449268572,-0.0214989729354723,0.664077935021589,-0.417857684121703,-9.05513439179459,-0.0500000000000206,-0.0429869122185295,1.24938539551573e-13,0,0,0,0,1,0.673086199299627,0.673086199299627,79.9163854312519,5.71871351576847,1.72277897018362
22.88,0.529898069454618,0.0629865434930174,0.0680879445319057,0.189144675525104,0.0125420313980423,0.0606553897282329,80.1413620311536,0.238205670934891,0.0711773497344488,0.0461198487169047,-0.0217168738180824,0.663541559723226,-0.41848220132708,-9.05180657967547,-0.0500000000000206,-0.0429869122185295,1.24938539551573e-13,0,0,0,0,1,0.673086199299627,0.673086199299627,79.9150957870378,5.76079755546345,1.74028304650778
22.89,0.531826138484151,0.0627873961131346,0.0686769055033625,0.189066519362844,0.0126279342062529,0.0608890240845448,80.1434896961461,0.23821194697196,0.0711373206551621,0.0462133227665655,-0.0219360973086523,0.66300414162591,-0.419103291820158,-9.04847764142814,-0.0500000000000206,-0.0429869122185295,1.24938539551573e-13,0,0,0,0,1,0.673086199299627,0.673086199299627,79.9137896365385,5.80301420663767,1.7578943998207
22.9,0.533753440733995,0.0625866723640547,0.0692679257552358,0.188989022255731,0.0127142466085254,0.0611221307237942,80.1456388702325,0.238218286452946,0.0710972270636658,0.0463062697974766,-0.0221566457742948,0.662465701472589,-0.419720972999222,-9.04514776516833,-0.0500000000000206,-0.0429869122185295,1.24938539551573e-13,0,0,0,0,1,0.673086199299627,0.673086199299627,79.9124668426471,5.84536317544661,1.77561324270766
22.91,0.535679980627358,0.0623843702210635,0.069860999004643,0.188912180609767,0.0128009702607262,0.061354712534179,80.1478096795124,0.238224689749625,0.0710570705683049,0.0463986924971262,-0.0223785215513982,0.661926259847814,-0.420335262029483,-9.04181713808788,-0.0500000000000206,-0.0429869122185295,1.24938539551573e-13,0,0,0,0,1,0.673086199299627,0.673086199299627,79.9111272677445,5.88784416890276,1.79343978555314
22.92,0.537605762547475,0.0621804876837333,0.0704561190147329,0.188835990879981,0.0128881066725206,0.0615867723631566,80.1500022502298,0.238231157234191,0.0710168527697211,0.0464905935192553,-0.0226017269458218,0.66138583716225,-0.420946175847098,-9.03848594633366,-0.0500000000000206,-0.0429869122185295,1.24938539551573e-13,0,0,0,0,1,0.673086199299627,0.673086199299627,79.9097707736978,5.93045689488073,1.81137423655794
22.93,0.539530790838045,0.0619750227745266,0.0710532795936641,0.188760449569968,0.0129756572109031,0.0618183130177422,80.152216708769,0.238237689279252,0.0709765752596263,0.0465819754842522,-0.0228262642331043,0.660844453637859,-0.421553731163054,-9.03515437489142,-0.0500000000000206,-0.0429869122185295,1.24938539551573e-13,0,0,0,0,1,0.673086199299627,0.673086199299627,79.9083972218589,5.97320106212171,1.82941680175718
22.94,0.541455069803678,0.0617679735374402,0.0716524745935933,0.188685553231427,0.013063623103735,0.0620493372648144,80.154453181653,0.238244286257818,0.0709362396196242,0.046672840979543,-0.0230521356586843,0.660302129293736,-0.422157944466907,-9.03182260747459,-0.0500000000000206,-0.0429869122185295,1.24938539551573e-13,0,0,0,0,1,0.673086199299627,0.673086199299627,79.9070064730632,6.01607638023714,1.84756768503939
22.95,0.543378603710322,0.0615593380366878,0.0722536979096729,0.188611298463688,0.0131520054432859,0.0622798478314245,80.1567117955403,0.238250948543296,0.0708958474200807,0.0467631925599755,-0.0232793434381318,0.659758883932584,-0.422758832030401,-9.02849082641782,-0.0500000000000206,-0.0429869122185295,1.24938539551573e-13,0,0,0,0,1,0.673086199299627,0.673086199299627,79.9055983876284,6.05908255971165,1.86582708816642
22.96,0.545301396785701,0.0613491143554237,0.07285694347906,0.188537681913251,0.0132408051897762,0.0625098474051114,80.1589926772221,0.238257676509481,0.0708554002190418,0.0468530327481978,-0.0235078897573919,0.659214737127842,-0.423356409910941,-9.02515921257531,-0.0500000000000206,-0.0429869122185295,1.24938539551573e-13,0,0,0,0,1,0.673086199299627,0.673086199299627,79.9041728253536,6.1022193119054,1.88419521079428
22.97,0.547223453219739,0.061137300594504,0.073462205279935,0.188464700273313,0.0133300231749182,0.0627393386342197,80.1612959536204,0.238264470530548,0.0708148995611985,0.0469423640350322,-0.0237377767730371,0.658669708211426,-0.423950693954966,-9.02182794522389,-0.0500000000000206,-0.0429869122185295,1.24938539551573e-13,0,0,0,0,1,0.673086199299627,0.673086199299627,79.9027296455177,6.14548634905562,1.90267225049477
22.98,0.549144777164981,0.0609238948712884,0.0740694773305317,0.188392350283305,0.0134196601054515,0.0629683241282214,80.1636217517851,0.238271330981048,0.0707743469768982,0.0470311888798433,-0.0239690066125306,0.658123816262103,-0.424541699801192,-9.01849720197056,-0.0500000000000206,-0.0429869122185295,1.24938539551573e-13,0,0,0,0,1,0.673086199299627,0.673086199299627,79.9012687068787,6.18888338427757,1.92125840277786
22.99,0.551065372737017,0.0607088953184789,0.0746787536881797,0.188320628728424,0.0135097165666715,0.06319680645804,80.1659701988915,0.238278258235895,0.0707337439812026,0.0471195097109003,-0.0242015813744981,0.657577080094461,-0.425129442883759,-9.01516715866481,-0.0500000000000206,-0.0429869122185295,1.24938539551573e-13,0,0,0,0,1,0.673086199299627,0.673086199299627,79.8997898676728,6.23241013156477,1.93995386111489
23,0.552984482278936,0.0604923277547926,0.0752899835407218,0.187948346685132,0.0136001582358477,0.0634039214828472,80.1683437048352,0.238285259455008,0.0706931280167207,0.0472071392431969,-0.0244354043172937,0.657916871772051,-0.43016122526509,-9.01177923756053,0.0499999999999794,-0.0429869122185295,1.24938539551573e-13,0,0,0,0,1,0.673086199299627,0.673086199299627,79.8982964621057,6.27605365911644,1.95875095352652
23.01,0.554893343784073,0.0602745080566321,0.0759026487107506,0.186162330682535,0.0136906202786507,0.0635136915386156,80.1707509378015,0.238292360400451,0.0706529141670902,0.0472933514652136,-0.0246701011057155,0.659005244918649,-0.438922851614329,-9.00838648448408,0.0499999999999794,-0.0429869122185295,1.24938539551573e-13,0,0,0,0,1,0.673086199299627,0.673086199299627,79.896801450783,6.31976608215623,1.97761991595425
23.02,0.556776647101501,0.0600559851431538,0.0765158671502863,0.182897286683463,0.0137804708759775,0.063524679628829,80.1731927822899,0.238299563699256,0.0706138257338257,0.0473780126831823,-0.0249056148562072,0.659915619460809,-0.446743764142205,-9.00512653250389,0.0499999999999794,-0.0429869122185295,1.24938539551573e-13,0,0,0,0,1,0.673086199299627,0.673086199299627,79.8953061401128,6.36354153502705,1.99655623909451
23.03,0.558620719163573,0.0598372397817845,0.0771288833337559,0.178380622249264,0.0138691048770215,0.0634558665545624,80.1756678767128,0.238306865302366,0.0705765070385354,0.0474611271612152,-0.0251419680336473,0.660682977571305,-0.453776093065345,-9.00206046713291,0.0499999999999794,-0.0429869122185295,1.24938539551573e-13,0,0,0,0,1,0.673086199299627,0.673086199299627,79.8938085367986,6.40738542037441,2.0155617175111
23.04,0.560414021799025,0.0596186649951425,0.0777410956018053,0.172810567840287,0.0139559635348268,0.0633240062626702,80.1781750267621,0.238314261657908,0.0705414995928772,0.047542643205955,-0.0253791614116244,0.661336952891106,-0.460143278671215,-8.99923951574611,0.0499999999999794,-0.0429869122185295,1.24938539551573e-13,0,0,0,0,1,0.673086199299627,0.673086199299627,79.8923069948433,6.45130129052414,2.03463641043885
23.05,0.562146877261462,0.0594005752165183,0.0783520371527632,0.166359819588573,0.0140405305028445,0.0631438369490467,80.1807131145214,0.238321749441089,0.0705092548439978,0.0476224597958176,-0.025617177809461,0.661604227552814,-0.46594472456015,-8.99672732254008,0.0499999999999794,-0.0429869122185295,1.24938539551573e-13,0,0,0,0,1,0.673086199299627,0.673086199299627,79.8908000963929,6.49529118525473,2.05377893896537
23.06,0.563811228014908,0.0591832147426203,0.0789613589349605,0.159178730596239,0.0141223488568969,0.062928274271673,80.1832696545823,0.238329291539496,0.0704801455617463,0.0477004396532086,-0.0258559890269015,0.660400785559771,-0.471259739585042,-8.99463432331496,0.0499999999999794,-0.0429869122185295,1.24938539551573e-13,0,0,0,0,1,0.673086199299627,0.673086199299627,79.8892751803134,6.53935544337711,2.07298674592615
23.07,0.56540042653792,0.0589667655094347,0.0795688142615095,0.151398106634118,0.0142009833111196,0.0626885880363065,80.1858394706131,0.23833687256565,0.0704544759037584,0.0477764040763042,-0.0260955528524604,0.65935481050539,-0.476151000356241,-8.99287423531996,0.0499999999999794,-0.0429869122185295,1.24938539551573e-13,0,0,0,0,1,0.673086199299627,0.673086199299627,79.8877270039349,6.58349369276098,2.09225632967758
23.08,0.566909051406264,0.0587513539757989,0.0801742448257391,0.143131653076035,0.0142760200254304,0.0624345632431431,80.1884237774332,0.238344496128645,0.0704324895123667,0.0478501388889715,-0.0263358153614953,0.658455853730388,-0.480667449196007,-8.99147195023085,0.0499999999999794,-0.0429869122185295,1.24938539551573e-13,0,0,0,0,1,0.673086199299627,0.673086199299627,79.8861568064611,6.62770503975741,2.11158341267496
23.09,0.56833274640099,0.0585370575868843,0.0807775682465111,0.134478117951517,0.0143470763501387,0.0621746472506354,80.191023629866,0.238352165362142,0.070414376978126,0.047921403471599,-0.0265767149421075,0.657694024035009,-0.484846735722724,-8.9904469888651,0.0499999999999794,-0.0429869122185295,1.24938539551573e-13,0,0,0,0,1,0.673086199299627,0.673086199299627,79.8845657405663,6.67198797386132,2.13096309764648
23.1,0.569668079781886,0.058323910735561,0.0813787669396876,0.125523168624034,0.0144137987107198,0.0619160840778299,80.1936399404521,0.238359882977031,0.0704002824439214,0.0479899355462655,-0.0268181840037915,0.657059984855902,-0.488717305703444,-8.98981416739171,0.0499999999999794,-0.0429869122185295,1.24938539551573e-13,0,0,0,0,1,0.673086199299627,0.673086199299627,79.8829548772306,6.7163405071952,2.15039000477105
23.11,0.570912421220346,0.0581119102336989,0.081977878181527,0.116341034962044,0.0144758607623372,0.0616650368667212,80.1962734953461,0.238367651308695,0.0703903093886988,0.0480554556077218,-0.0270601504313083,0.656544947311861,-0.492300167340523,-8.98958418130329,0.0499999999999794,-0.0429869122185295,1.24938539551573e-13,0,0,0,0,1,0.673086199299627,0.673086199299627,79.8813252107389,6.76076028939858,2.16985838842589
23.12,0.572063834195957,0.0579010203280032,0.0825749852551342,0.106995947911567,0.0145329617861217,0.0614266994794127,80.1989249685977,0.238375472359464,0.0703845256936497,0.0481176710068403,-0.0273025388182796,0.656140658991565,-0.495610380036013,-8.9897641174793,0.0499999999999794,-0.0429869122185295,1.24938539551573e-13,0,0,0,0,1,0.673086199299627,0.673086199299627,79.8796776637711,6.8052447016403,2.18936223626854
23.13,0.573120981932676,0.0576911772914342,0.0831702095792723,0.0975433988175575,0.0145848253021416,0.0612053981304829,80.2015949349813,0.238383347836761,0.0703829680816268,0.0481762796954527,-0.0275452715105067,0.655839388647396,-0.498658304746184,-8.99035790344241,0.0499999999999794,-0.0429869122185295,1.24938539551573e-13,0,0,0,0,1,0.673086199299627,0.673086199299627,79.8780130925197,6.84979093296325,2.20889535305822
23.14,0.57408304518852,0.0574822936185286,0.0837637037267637,0.0880312417166718,0.0146311978757138,0.0610046838850211,80.2042838815172,0.238391279187342,0.0703856460097508,0.0482309736434144,-0.02778826948513,0.655633907188548,-0.501450649857746,-8.99136670180992,0.0499999999999794,-0.0429869122185295,1.24938539551573e-13,0,0,0,0,1,0.673086199299627,0.673086199299627,79.8763322917692,6.89439604172622,2.22845143130925
23.15,0.574949650421556,0.0572742618507946,0.08435564524728,0.0785006580827902,0.0146718480948371,0.0608274167874006,80.2069922178074,0.238399267628029,0.0703925450854878,0.0482814419403074,-0.0280314530883476,0.655517465525867,-0.503991341995377,-8.99278925695986,0.0499999999999794,-0.0429869122185295,1.24938539551573e-13,0,0,0,0,1,0.673086199299627,0.673086199299627,79.8746359998818,6.93905700451973,2.24802411059759
23.16,0.575720807038071,0.057066958056611,0.0849462312164785,0.0689870011020518,0.0147065656974451,0.0606758423249365,80.2097202852923,0.238407314173217,0.0704036300678533,0.0483273735954146,-0.0282747426514682,0.655483769913833,-0.506282247226089,-8.99462220005812,0.0499999999999794,-0.0429869122185295,1.24938539551573e-13,0,0,0,0,1,0.673086199299627,0.673086199299627,79.8729249036413,6.98377075459435,2.26760702710528
23.17,0.576396852589308,0.0568602449886083,0.0855356734401689,0.0595205344449472,0.0147351608280932,0.0605516608740127,80.2124683655265,0.238415419659477,0.0704188475077202,0.048368460050512,-0.0285180590024859,0.655526955471199,-0.508323764688522,-8.99686031781952,0.0499999999999794,-0.0429869122185295,1.24938539551573e-13,0,0,0,0,1,0.673086199299627,0.673086199299627,79.8711996429148,7.02853421154686,2.28719385478037
23.18,0.576978404923929,0.0566539749402535,0.0861241942484547,0.0501270786531261,0.0147574634046984,0.0604560907238701,80.2152366875593,0.238423584767489,0.0704381280743977,0.0484043974206425,-0.0287613238881156,0.655641558552828,-0.510115311681377,-8.99949678969246,0.0499999999999794,-0.0429869122185295,1.24938539551573e-13,0,0,0,0,1,0.673086199299627,0.673086199299627,79.8694608151012,7.07334430375502,2.3067783393098
23.19,0.577466320426699,0.0564479923222305,0.0867120228206108,0.0408285766362142,0.0147733225770935,0.0603899252248226,80.2180254345003,0.238431810041557,0.0704613886096262,0.048434888478406,-0.0290044603192508,0.655822488602958,-0.511655716639537,-9.00252339755479,0.0499999999999794,-0.0429869122185295,1.24938539551573e-13,0,0,0,0,1,0.673086199299627,0.673086199299627,79.8677089793431,7.11819798483174,2.32635432594433
23.2,0.577861657582007,0.0562421359781805,0.0872993919868262,0.0316435883512515,0.0147826062604183,0.060353584562964,80.2208347493429,0.238440095906912,0.0704885339448064,0.0484596443974436,-0.0292473928510846,0.656065000055346,-0.5129435341604,-9.00593071147872,0.0499999999999794,-0.0429869122185295,1.24938539551573e-13,0,0,0,0,1,0.673086199299627,0.673086199299627,79.8659446604862,7.16309224517952,2.34591578207651
23.21,0.578165645195609,0.0560362412583873,0.0878865354578844,0.0225877234898752,0.0147852007277441,0.0603471626222341,80.2236647401152,0.238448442685023,0.0705194585125985,0.0484783862707518,-0.0294900478076195,0.656364664767659,-0.513977294273484,-9.00970825465797,0.0499999999999794,-0.0429869122185295,1.24938539551573e-13,0,0,0,0,1,0.673086199299627,0.673086199299627,79.8641683527783,7.20802411956219,2.36545681535186
23.22,0.578379654690981,0.0558301418690633,0.0884736854383922,0.0136740199045983,0.0147810102477602,0.0603704693567627,80.2265154844215,0.238456850607088,0.0705540477799033,0.0484908464192651,-0.0297323534589747,0.656717345393511,-0.514755696436287,-9.01384465018307,0.0499999999999794,-0.0429869122185295,1.24938539551573e-13,0,0,0,0,1,0.673086199299627,0.673086199299627,79.8623805233044,7.25299069147,2.38497168798729
23.23,0.578505175969446,0.0556236715139942,0.0890610705833213,0.00491327454661999,0.0147699567548248,0.0604230690614983,80.2293870334344,0.238465319825896,0.0705921795256209,0.0484967695058179,-0.0299742401587434,0.657119170011295,-0.515277757255408,-9.01832775199373,0.0499999999999794,-0.0429869122185295,1.24938539551573e-13,0,0,0,0,1,0.673086199299627,0.673086199299627,79.8605816151594,7.29798909493318,2.40445482787875
23.24,0.578543796386923,0.0554166653444176,0.089648914261425,-0.00368566715301798,0.0147519795401538,0.0605043148970189,80.2322794153919,0.238473850426219,0.0706337249834188,0.0484959134691637,-0.0302156404476454,0.657566508248594,-0.515542919645385,-9.02314476202596,0.0499999999999794,-0.0429869122185295,1.24938539551573e-13,0,0,0,0,1,0.673086199299627,0.673086199299627,79.8587720503648,7.34301651433476,2.42390083699902
23.25,0.578497182456027,0.0552089612321621,0.0902374330925573,-0.0121156582639557,0.0147270349543636,0.0606133799949029,80.2351926386539,0.238482442433891,0.0706785498669722,0.0484880502922209,-0.0304564891288412,0.658055949067201,-0.515551130023275,-9.02828233529965,0.0499999999999794,-0.0429869122185295,1.24938539551573e-13,0,0,0,0,1,0.673086199299627,0.673086199299627,79.8569522325391,7.38807018268482,2.44330449751642
23.26,0.578367063931083,0.0550004008802301,0.0908268357290792,-0.0203710291495798,0.0146950961129727,0.0607492854429189,80.2381266943623,0.238491095823709,0.0707265152927272,0.0484729666181429,-0.0306967233195069,0.658584280308258,-0.515302889172455,-9.03372667445461,0.0499999999999794,-0.0429869122185295,1.24938539551573e-13,0,0,0,0,1,0.673086199299627,0.673086199299627,79.8551225493317,7.43314737874165,2.46266077600345
23.27,0.578155219976478,0.0547908307841972,0.091417321854408,-0.0284473940894838,0.0146561525977904,0.0609109254243741,80.2410815587534,0.2384998105263,0.0707774786131359,0.048450464227192,-0.0309362824826044,0.65914847004071,-0.514799281575242,-9.03946361503752,0.0499999999999794,-0.0429869122185295,1.24938539551573e-13,0,0,0,0,1,0.673086199299627,0.673086199299627,79.8532833746343,7.47824542330052,2.48196482605146
23.28,0.577863467156246,0.0545801030570037,0.092009081374381,-0.0363414822441724,0.0146102101483516,0.0610970897630806,80.2440571951592,0.238508586434069,0.0708312941714861,0.0484203603867556,-0.0311751084422009,0.659745649709127,-0.514041987293619,-9.045478702662,0.0499999999999794,-0.0429869122185295,1.24938539551573e-13,0,0,0,0,1,0.673086199299627,0.673086199299627,79.8514350705839,7.52336167491501,2.50121198956071
23.29,0.577493649015618,0.0543680761289407,0.0926022937794758,-0.0440509899094571,0.0145572903387012,0.0613064841043784,80.2470535557382,0.238517423406331,0.0708878139878678,0.048382488086181,-0.0314131453851919,0.660373099038857,-0.513033279855986,-9.05175726300847,0.0499999999999794,-0.0429869122185295,1.24938539551573e-13,0,0,0,0,1,0.673086199299627,0.673086199299627,79.8495779893713,7.5684935252685,2.52039779693499
23.3,0.577047627053978,0.0541546153338885,0.0931971276580831,-0.0515744513887585,0.0144974302358751,0.0615377479433643,80.250070582967,0.238526321273748,0.0709468883844434,0.0483366961674367,-0.0316503398518458,0.661028232626749,-0.511776013072327,-9.05828446549551,0.0499999999999794,-0.0429869122185295,1.24938539551573e-13,0,0,0,0,1,0.673086199299627,0.673086199299627,79.8477124748691,7.61363839437335,2.53951796637537
23.31,0.576527272913872,0.053939593392143,0.0937937403429872,-0.0589111261451003,0.0144306820373692,0.0617894706937537,80.2531082109257,0.238535279842137,0.0710083665570116,0.0482828493619434,-0.0318866407172147,0.661708588123527,-0.510273599239382,-9.06504538133716,0.0499999999999794,-0.0429869122185295,1.24938539551573e-13,0,0,0,0,1,0.673086199299627,0.673086199299627,79.8458388640958,7.65879372574098,2.5585684024374
23.32,0.575934461632664,0.0537228907994693,0.0943922776749754,-0.0660609001867694,0.0143571126857294,0.062060205974543,80.2561663664019,0.238544298895752,0.0710720970988291,0.0482208282432625,-0.0321219991651333,0.662411815898397,-0.508529980801313,-9.07202503659957,0.0499999999999794,-0.0429869122185295,1.24938539551573e-13,0,0,0,0,1,0.673086199299627,0.673086199299627,79.8439574885264,7.70395698163715,2.57754519399011
23.33,0.575271065822757,0.0535043961313618,0.09499287386911,-0.0730241998965325,0.0142768034591463,0.0623484842767066,80.2592449698411,0.238553378200098,0.0711379284817811,0.0481505291046845,-0.032356368656247,0.663135670066771,-0.506549597191557,-9.07920846078367,0.0499999999999794,-0.0429869122185295,1.24938539551573e-13,0,0,0,0,1,0.673086199299627,0.673086199299627,79.8420686752662,7.74912563851253,2.59644461169305
23.34,0.574538950663104,0.0532840062708488,0.0955956514706493,-0.079801916738416,0.0141898495375903,0.0626528241584577,80.2623439361618,0.238562517504355,0.0712057094992384,0.0480718637701403,-0.0325897048912783,0.663878000756938,-0.504337348290356,-9.08658073138476,0.0499999999999794,-0.0429869122185295,1.24938539551573e-13,0,0,0,0,1,0.673086199299627,0.673086199299627,79.8401727480972,7.79429718267774,2.61526310508848
23.35,0.573739969599517,0.0530616265675776,0.0962007213889245,-0.0863953414723047,0.0140963595445906,0.0629717421050233,80.2654631754576,0.238571716543456,0.0712752896742962,0.0479847593462514,-0.0328219657705304,0.664636747490588,-0.501898555683561,-9.09412701481607,0.0499999999999794,-0.0429869122185295,1.24938539551573e-13,0,0,0,0,1,0.673086199299627,0.673086199299627,79.83827002841,7.83946910627505,2.63399729938923
23.36,0.572875960664147,0.0528371709353391,0.0968081829986717,-0.092806106678436,0.0139964550652452,0.063303761177334,80.2686025936014,0.238580975039879,0.0713465196365392,0.0478891579227623,-0.0330531113504593,0.665409933554096,-0.499238922695787,-9.10183260402779,0.0499999999999794,-0.0429869122185295,1.24938539551573e-13,0,0,0,0,1,0.673086199299627,0.673086199299627,79.8363608360323,7.88463890358436,2.65264399202919
23.37,0.571948743335814,0.0526105618946461,0.097418124299401,-0.0990361365442844,0.0138902701414579,0.0636474185634336,80.2717620927668,0.238590292705194,0.0714192514700139,0.0477850162280434,-0.0332831037979945,0.666195661241999,-0.496364493990146,-9.10968295310592,0.0499999999999794,-0.0429869122185295,1.24938539551573e-13,0,0,0,0,1,0.673086199299627,0.673086199299627,79.8344454899614,7.92980406768893,2.67120014903139
23.38,0.570960115872728,0.0523817305664627,0.0980306221243626,-0.105087602997993,0.0137779507457364,0.0640012721366869,80.2749415718797,0.238599669241397,0.0714933390346907,0.0476723052458297,-0.0335119073431669,0.666992107860346,-0.493281615373071,-9.11766370909491,0.0499999999999794,-0.0429869122185295,1.24938539551573e-13,0,0,0,0,1,0.673086199299627,0.673086199299627,79.8325243090125,7.97496208751654,2.68966290123844
23.39,0.569911853057738,0.052150616622699,0.0986457423915544,-0.11096288738774,0.0136596542351612,0.0643639061159366,80.2781409270107,0.238609104342075,0.0715686382633663,0.0475510097988618,-0.0337394882304967,0.667797522385089,-0.489996894312631,-9.12576074125429,0.0499999999999794,-0.0429869122185295,1.24938539551573e-13,0,0,0,0,1,0.673086199299627,0.673086199299627,79.8305976123871,8.02011044526333,2.70802954044213
23.4,0.568805704303838,0.051917168198626,0.0992635403900168,-0.116664547007252,0.0135355487873531,0.0647339359145727,80.2813600517182,0.238618597693421,0.0716450074356752,0.0474211281046282,-0.033965814669504,0.668610222678946,-0.486517161568793,-9.13396016792987,0.0499999999999794,-0.0429869122185295,1.24938539551573e-13,0,0,0,0,1,0.673086199299627,0.673086199299627,79.8286657201724,8.06524661420106,2.72629751544132
23.41,0.567643392074204,0.0516813417719373,0.0998840610953845,-0.122195285855923,0.0134058128204323,0.0651100122579623,80.2845988373483,0.23862814897512,0.0717223074306436,0.0472826713079648,-0.034190856784637,0.669428593178826,-0.482849434241604,-9.14224838119628,0.0499999999999794,-0.0429869122185295,1.24938539551573e-13,0,0,0,0,1,0.673086199299627,0.673086199299627,79.8267289537742,8.11036805686271,2.744464428052
23.42,0.566426610576822,0.0514431020127844,0.100507339509319,-0.127557929099144,0.0132706343990846,0.0654908246417908,80.2878571733016,0.238637757861138,0.071800401959025,0.0471356629948511,-0.0344145865648451,0.670251082974706,-0.47900088046576,-9.15061206940677,0.0499999999999794,-0.0429869122185295,1.24938539551573e-13,0,0,0,0,1,0.673086199299627,0.673086199299627,79.824787636292,8.15547222359735,2.76252802908781
23.43,0.565157024698794,0.0512024216087344,0.10113340101804,-0.132755400761973,0.0131302106289301,0.0658751041975471,80.2911349472682,0.238647424020417,0.0718791577764914,0.0469801386913577,-0.0346369778129802,0.671076204209481,-0.474978785915327,-9.15903823776913,0.0499999999999794,-0.0429869122185295,1.24938539551573e-13,0,0,0,0,1,0.673086199299627,0.673086199299627,79.8228420928391,8.20055655148142,2.780486214326
23.44,0.563836269149822,0.050959281068252,0.101762261765702,-0.137790704248329,0.0129847470414337,0.0662616260255791,80.2944320454391,0.238657147117502,0.0719584448786229,0.0468161453513321,-0.0348580060951658,0.671902530737648,-0.470790522228744,-9.16751422705227,0.0499999999999794,-0.0429869122185295,1.24938539551573e-13,0,0,0,0,1,0.673086199299627,0.673086199299627,79.8208926508137,8.24561846357113,2.79833702046985
23.45,0.562465947788186,0.0507136685059785,0.10239392903885,-0.142666905329461,0.0128344569716129,0.0666492110508316,80.2977483526957,0.238666926813094,0.0720381366785276,0.046643740836075,-0.0350776486902396,0.672728696988593,-0.466443517419893,-9.17602773051621,0.0499999999999794,-0.0429869122185295,1.24938539551573e-13,0,0,0,0,1,0.673086199299627,0.673086199299627,79.8189396401234,8.29065536847832,2.81607862111639
23.46,0.561047633105913,0.0504655794127818,0.103028401658632,-0.147387117290635,0.0126795609307849,0.067036727451498,80.3010837527807,0.23867676276456,0.072118110167837,0.046462993388943,-0.0352958845393522,0.673553396987652,-0.461945228304855,-9.18456680914867,0.0499999999999794,-0.0429869122185295,1.24938539551573e-13,0,0,0,0,1,0.673086199299627,0.673086199299627,79.816983393368,8.33566466025098,2.83370932273592
23.47,0.559582865852771,0.0502150164132668,0.103665670377811,-0.151954487964383,0.0125202859765599,0.067423091706349,80.3044381284537,0.238686654626391,0.0721982460617478,0.0462739811075199,-0.0355126941957799,0.674375383494868,-0.457303114944473,-9.19311990528319,0.0499999999999794,-0.0429869122185295,1.24938539551573e-13,0,0,0,0,1,0.673086199299627,0.673086199299627,79.8150242459831,8.38064371853838,2.85122756066802
23.48,0.558073154781253,0.0499619890131783,0.104305718280012,-0.156372188413149,0.0123568650822343,0.0678072693024033,80.3078113616327,0.238696602050616,0.0722784289287268,0.0460767914157311,-0.0357280597749959,0.675193467227598,-0.452524617079263,-9.20167585466761,0.0499999999999794,-0.0429869122185295,1.24938539551573e-13,0,0,0,0,1,0.673086199299627,0.673086199299627,79.8130625363468,8.42558990902013,2.86863189513784
23.49,0.556519976496994,0.0497065133388862,0.104948521178934,-0.1606434030543,0.0121895365076659,0.0681882751408494,80.311203333523,0.238706604687186,0.072358547305451,0.0458715205380216,-0.035941964905032,0.676006516138692,-0.44761713251447,-9.21022389704644,0.0499999999999794,-0.0429869122185295,1.24938539551573e-13,0,0,0,0,1,0.673086199299627,0.673086199299627,79.8110986058534,8.47050058407826,2.88592100729487
23.5,0.554924775400981,0.0494486118709231,0.105594048015538,-0.164771321046751,0.0120185431736317,0.0685651736756895,80.3146139247352,0.238716662184318,0.072438493797519,0.0456582729774881,-0.0361543946771507,0.6768134547269,-0.442587997398504,-9.21875368531654,0.0499999999999794,-0.0429869122185295,1.24938539551573e-13,0,0,0,0,1,0.673086199299627,0.673086199299627,79.8091327989552,8.51537308369132,2.90309369527624
23.51,0.553288963711653,0.0491883131733373,0.106242261251522,-0.168759128781482,0.0118441320415721,0.0689370788164257,80.3180430153929,0.238726774188815,0.0725181651664443,0.0454371609996422,-0.0363653355968459,0.677613263360588,-0.437444468326895,-9.2272552933123,0.0499999999999794,-0.0429869122185295,1.24938539551573e-13,0,0,0,0,1,0.673086199299627,0.673086199299627,79.8071654631745,8.56020473652964,2.92014887029573
23.52,0.551613921556441,0.0489256516204385,0.106893117257564,-0.172610003338262,0.0116665535005271,0.0693031536232241,80.3214904852308,0.23873694034635,0.0725974624034234,0.0452083041232843,-0.0365747755351821,0.678404977599642,-0.43219370619572,-9.23571922227407,0.0499999999999794,-0.0429869122185295,1.24938539551573e-13,0,0,0,0,1,0.673086199299627,0.673086199299627,79.8051969490895,8.60499286123113,2.93708555275925
23.53,0.549900997123647,0.0486606671223394,0.107546566695092,-0.176327106788433,0.0114860607629567,0.0696626098203527,80.3249562136835,0.238747160301732,0.0726762907903537,0.044971828619788,-0.0367827036804813,0.679187687503784,-0.426842761722729,-9.24413640605155,0.0499999999999794,-0.0429869122185295,1.24938539551573e-13,0,0,0,0,1,0.673086199299627,0.673086199299627,79.803227610293,8.64973476783788,2.95390286840779
23.54,0.548151506866645,0.0483934048505389,0.108202554890473,-0.179913581238907,0.0113029092710299,0.0700147071512721,80.328440079966,0.238757433699142,0.0727545599485705,0.0447278670219272,-0.0369891104903653,0.679960536918331,-0.421398562550655,-9.25249821509239,0.0499999999999794,-0.0429869122185295,1.24938539551573e-13,0,0,0,0,1,0.673086199299627,0.673086199299627,79.8012578033292,8.69442775937386,2.97060004448814
23.55,0.546366735753415,0.0481239149646466,0.108861022200709,-0.183372544525875,0.0111173561148455,0.0703587525965501,80.3319419631459,0.23876776018234,0.0728321838757619,0.0444765576432271,-0.0371939876441615,0.680722722730875,-0.415867901845114,-9.26079645926528,0.0499999999999794,-0.0429869122185295,1.24938539551573e-13,0,0,0,0,1,0.673086199299627,0.673086199299627,79.7992878876063,8.73906913354514,2.98717640595216
23.56,0.544547937555267,0.0478522523412166,0.109521904369874,-0.186707086478376,0.0109296594639348,0.0706940994737486,80.335461742207,0.238778139394855,0.0729090809715199,0.0442180441086824,-0.037397327995679,0.681473494094359,-0.410257428298821,-9.26902338956583,0.0499999999999794,-0.0429869122185295,1.24938539551573e-13,0,0,0,0,1,0.673086199299627,0.673086199299627,79.7973182252909,8.78365618454478,3.00363137168518
23.57,0.542696335169384,0.0475784763055375,0.110185132875668,-0.189920265682041,0.0107400780132761,0.0710201464365844,80.3389992961058,0.238788570980153,0.0729851740519807,0.0439524748975542,-0.037599125526366,0.682212151613738,-0.404573637454194,-9.27717169875311,0.0499999999999794,-0.0429869122185295,1.24938539551573e-13,0,0,0,0,1,0.673086199299627,0.673086199299627,79.7953491811811,8.828186204945,3.01996445076424
23.58,0.540813120970444,0.0473026503671156,0.110850635265564,-0.193015106682182,0.0105488704449336,0.0713363363889794,80.3425545038194,0.238799054581772,0.0730603903540072,0.0436800028988474,-0.0377993752988585,0.68293804649473,-0.398822864257712,-9.28523452096391,0.0499999999999794,-0.0429869122185295,1.24938539551573e-13,0,0,0,0,1,0.673086199299627,0.673086199299627,79.7933811225641,8.87265648766065,3.03617523874712
23.59,0.538899457187198,0.0470248419594865,0.111518335482148,-0.195994597573144,0.0103562949063193,0.0716421553280727,80.3461272443865,0.238809589843443,0.0731346615293669,0.0434007849799579,-0.0379980734109342,0.683650579654358,-0.39301127676133,-9.29320543035208,0.0499999999999794,-0.0429869122185295,1.24938539551573e-13,0,0,0,0,1,0.673086199299627,0.673086199299627,79.7914144190566,8.91706432796834,3.05226341399307
23.6,0.536956476300344,0.0467451221849033,0.112188154177364,-0.198861687927544,0.0101626085059609,0.0719371311288602,80.349717396941,0.238820176409188,0.0732079236293568,0.043114981568889,-0.0381952169498861,0.684349200793801,-0.387144870888772,-9.30107843879927,0.0499999999999794,-0.0429869122185295,1.24938539551573e-13,0,0,0,0,1,0.673086199299627,0.673086199299627,79.7894494424304,8.96140702556694,3.06822873401663
23.61,0.534985281458504,0.0464635655643619,0.112860009015408,-0.201619287024937,0.00996806682755119,0.0722208322818443,80.3533248407375,0.238830813923397,0.0732801170803277,0.042822756250344,-0.0383908039473329,0.685033407434773,-0.38122946618741,-9.30884799274369,0.0499999999999794,-0.0429869122185295,1.24938539551573e-13,0,0,0,0,1,0.673086199299627,0.673086199299627,79.787486566426,9.0056818866656,3.08407103187568
23.62,0.532986946909482,0.0461802497933549,0.11353381496416,-0.204270262344523,0.00977292346294352,0.0724928665939044,80.3569494551713,0.238841502030879,0.0733511866505603,0.0425242753759262,-0.0385848333344868,0.685702743921215,-0.375270702489639,-9.31650896917307,0.0499999999999794,-0.0429869122185295,1.24938539551573e-13,0,0,0,0,1,0.673086199299627,0.673086199299627,79.7855261665532,9.04988622608682,3.0997902125954
23.63,0.530962518444328,0.0458952555036745,0.11420948457505,-0.206817438291011,0.00957742956465892,0.0727528798615313,80.3605911197903,0.238852240376899,0.0734210814089438,0.0422197076886049,-0.0387773048978976,0.686356800388373,-0.369274037411064,-9.32405667082753,0.0499999999999794,-0.0429869122185295,1.24938539551573e-13,0,0,0,0,1,0.673086199299627,0.673086199299627,79.7835686198811,9.09401736937258,3.11538624962985
23.64,0.528913013851998,0.0456086660315258,0.114886928251346,-0.209263595126606,0.00938183341836825,0.0730005545245977,80.3642497143008,0.238863028607197,0.0734897546759063,0.0419092239615401,-0.0389682192356988,0.686995211701727,-0.363244744616352,-9.33148682065818,0.0499999999999794,-0.0429869122185295,1.24938539551573e-13,0,0,0,0,1,0.673086199299627,0.673086199299627,79.78161430482,9.13807265488258,3.13085918136286
23.65,0.526839423382711,0.0453205671921593,0.115566054504903,-0.211611468085493,0.00918638003572018,0.0732356083079495,80.3679251185675,0.238873866367977,0.0735571639670469,0.0415929966513046,-0.0391575777143777,0.687617656368284,-0.357187912787189,-9.33879555558644,0.0499999999999794,-0.0429869122185295,1.24938539551573e-13,0,0,0,0,1,0.673086199299627,0.673086199299627,79.7796636008937,9.18204943587459,3.1462091076504
23.66,0.524742710218263,0.045031047061179,0.116246770201431,-0.213863746650132,0.00899131076779479,0.0734577928572984,80.3716172126067,0.238884753305894,0.073623270929911,0.041271199565484,-0.0393453824260979,0.688223855422935,-0.351108445230412,-9.34597941960894,0.0499999999999794,-0.0429869122185295,1.24938539551573e-13,0,0,0,0,1,0.673086199299627,0.673086199299627,79.7777168885065,9.22594508255743,3.16143618640631
23.67,0.522623810947811,0.0447401957626433,0.116928980794422,-0.216023073971231,0.00879686293937811,0.0736668923751632,80.3753258765743,0.238895689068014,0.0736880412743538,0.0409440075445948,-0.0395316361465993,0.688813571292554,-0.345011060067968,-9.35303535629232,0.0499999999999794,-0.0429869122185295,1.24938539551573e-13,0,0,0,0,1,0.673086199299627,0.673086199299627,79.7757745487035,9.2697569841083,3.17654063023378
23.68,0.520483636047773,0.0444481052640339,0.117612590547858,-0.218092046415529,0.0086032695041724,0.0738627222619406,80.3790509907485,0.238906673301758,0.0737514446969258,0.0406115961582141,-0.0397163422937054,0.689386606640546,-0.338900290953868,-9.35996070070154,0.0499999999999794,-0.0429869122185295,1.24938539551573e-13,0,0,0,0,1,0.673086199299627,0.673086199299627,79.7738369629273,9.31348255064663,3.19152270310459
23.69,0.518323070364676,0.0441548691781363,0.118297502747914,-0.220073213227422,0.00841075872098147,0.0740451277665841,80.3827924355069,0.238917705654837,0.0738134547997142,0.0402741414151811,-0.0398995048864648,0.689942803194461,-0.332780488266799,-9.36675317080473,0.0499999999999794,-0.0429869122185295,1.24938539551573e-13,0,0,0,0,1,0.673086199299627,0.673086199299627,79.7719045127711,9.35711921515751,3.20638271708868
23.7,0.516142973599876,0.043860582571842,0.118983619903821,-0.221969076292212,0.00821955385084007,0.0742139826508175,80.3865500913001,0.238928785775169,0.0738740490040637,0.0399318194876943,-0.0400811285049577,0.690482040559278,-0.326655820730328,-9.37341085839719,0.0499999999999794,-0.0429869122185295,1.24938539551573e-13,0,0,0,0,1,0.673086199299627,0.673086199299627,79.7699775797295,9.4006644353584,3.22112102913618
23.71,0.51394418079523,0.0435653417818605,0.119670843938156,-0.223782089990168,0.00802987287499052,0.0743691878703152,80.3903238386198,0.238939913310786,0.0739332084595961,0.0395848064491034,-0.0402612182507957,0.691004235018777,-0.320530277415936,-9.37993221958567,0.0499999999999794,-0.0429869122185295,1.24938539551573e-13,0,0,0,0,1,0.673086199299627,0.673086199299627,79.7680565449485,9.44411569550377,3.23573803791433
23.72,0.511727502818887,0.0432692442372995,0.12035907636677,-0.225514661131944,0.00784192823354886,0.0745106702758297,80.3941135579637,0.238951087909725,0.0739909179489393,0.0392332780251657,-0.0404397797083439,0.691509338327427,-0.314407670087148,-9.38631606487404,0.0499999999999794,-0.0429869122185295,1.24938539551573e-13,0,0,0,0,1,0.673086199299627,0.673086199299627,79.766141788975,9.48747050812245,3.25023418070172
23.73,0.509493726850441,0.0429723882890577,0.121048218468636,-0.227169148966946,0.00765592658464672,0.0746383813368384,80.3979191297967,0.238962309219916,0.0740471657885664,0.0388774093585171,-0.0406168189066949,0.691997336495012,-0.308291635846027,-9.3925615488899,0.0499999999999794,-0.0429869122185295,1.24938539551573e-13,0,0,0,0,1,0.673086199299627,0.673086199299627,79.7642336915076,9.53072641568367,3.26460993034204
23.74,0.507243616864794,0.0426748730459517,0.121738171445874,-0.228747865257256,0.00747206858378325,0.0747522958899148,80.4017404345093,0.238973576889054,0.07410194372614,0.0385173747860883,-0.0407923422824225,0.69246824856615,-0.302185640046088,-9.39866815979091,0.0499999999999794,-0.0429869122185295,1.24938539551573e-13,0,0,0,0,1,0.673086199299627,0.673086199299627,79.7623326311486,9.57388099218798,3.27886579225972
23.75,0.504977914114134,0.0423767982174863,0.122428836574244,-0.230253074410565,0.00729054868307447,0.0748524109136941,80.4055773523728,0.238984890564465,0.0741552468347428,0.0381533476291801,-0.0409663566431425,0.692922125396732,-0.296092979438394,-9.4046357083888,0.0499999999999794,-0.0429869122185295,1.24938539551573e-13,0,0,0,0,1,0.673086199299627,0.673086199299627,79.7604389851588,9.61693184467988,3.29300230153969
23.76,0.502697337607502,0.0420782639631637,0.123120115344386,-0.231686993666273,0.00711155495004426,0.074938744332005,80.4094297634922,0.238996249892967,0.0742070734043671,0.0377854999958972,-0.0411388691319084,0.693359048429214,-0.290016785520076,-9.4104643170275,0.0499999999999794,-0.0429869122185295,1.24938539551573e-13,0,0,0,0,1,0.673086199299627,0.673086199299627,79.7585531292161,9.65987661467966,3.30702002007338
23.77,0.500402584587456,0.0417793707482143,0.123811909594117,-0.233051793329598,0.00693526890556258,0.075011333846468,80.4132975477578,0.239007654520726,0.0742574248310264,0.03741400259563,-0.041309887192466,0.693779128468546,-0.283960028056974,-9.41615440825099,0.0499999999999794,-0.0429869122185295,1.24938539551573e-13,0,0,0,0,1,0.673086199299627,0.673086199299627,79.7566754371774,9.7027129795323,3.32091953377309
23.78,0.498094331003436,0.041480219205626,0.124504121632057,-0.234349597049064,0.00676186538050186,0.0750702357996161,80.4171805847947,0.239019104093102,0.0743063055038374,0.0370390245652624,-0.0414794185353929,0.694182504460473,-0.277925518754261,-9.42170669329524,0.0499999999999794,-0.0429869122185295,1.24938539551573e-13,0,0,0,0,1,0.673086199299627,0.673086199299627,79.7548062808463,9.74543865367164,3.33470144985663
23.79,0.495773231981417,0.041180910004337,0.125196654352913,-0.235582482133241,0.00659151239065116,0.0751155240693761,80.4210787539106,0.239030598254497,0.0743537226904118,0.0366607333067777,-0.0416474711051448,0.694569342273816,-0.271915915051106,-9.42712216043744,0.0499999999999794,-0.0429869122185295,1.24938539551573e-13,0,0,0,0,1,0.673086199299627,0.673086199299627,79.7529460297456,9.78805138979896,3.34836639420423
23.8,0.493439922289535,0.0408815437234551,0.1258894113447,-0.236752479903043,0.00642437102940075,0.0751472889955532,80.4249919340441,0.239042136648197,0.0743996864208837,0.0362792943359275,-0.0418140530480307,0.694939833488232,-0.265933724017349,-9.4324020632341,0.0499999999999794,-0.0429869122185295,1.24938539551573e-13,0,0,0,0,1,0.673086199299627,0.673086199299627,79.751095050896,9.83054897997472,3.36191500878937
23.81,0.491095016799357,0.0405822207323581,0.126582296988212,-0.237861576076236,0.00626059537768575,0.0751656363387835,80.4289200037109,0.239053718916218,0.0744442093708864,0.0358948711416238,-0.0419791726811371,0.695294194188923,-0.259981306332043,-9.43754790867907,0.0499999999999794,-0.0429869122185295,1.24938539551573e-13,0,0,0,0,1,0.673086199299627,0.673086199299627,79.749253708602,9.87292925662346,3.37534794918514
23.82,0.488739110942534,0.0402830410765276,0.127275216549032,-0.238911711181172,0.00610033243065692,0.0751706862722639,80.4328628409511,0.23906534469914,0.0744873067437799,0.0355076250557141,-0.0421428384622193,0.69563266376964,-0.254060880325444,-9.4425614453105,0.0499999999999794,-0.0429869122185295,1.24938539551573e-13,0,0,0,0,1,0.673086199299627,0.673086199299627,79.7474223642441,9.91519009345149,3.38866588214782
23.83,0.48637278116259,0.0399841043689666,0.127968076262389,-0.239904780997007,0.00594372204052917,0.0751625724064276,80.4368203232757,0.239077013635956,0.074528996152417,0.0351177151327932,-0.0423050589605759,0.695955503745247,-0.248174526067627,-9.44744465129478,0.0499999999999794,-0.0429869122185295,1.24938539551573e-13,0,0,0,0,1,0.673086199299627,0.673086199299627,79.7456013760793,9.95732940627783,3.40186948327874
23.84,0.483996585354598,0.0396855093514004,0.128660783234398,-0.240842636985621,0.00579068748602688,0.0751414408300887,80.4407924155929,0.239088725625404,0.0745692971308686,0.0347252980016627,-0.0424658428195359,0.696298501436601,-0.242324189700426,-9.45219664006217,0.0499999999999794,-0.0429869122185295,1.24938539551573e-13,0,0,0,0,1,0.673086199299627,0.673086199299627,79.74379118668,9.99934516167084,3.41495943774646
23.85,0.481611063161612,0.0393873467406745,0.129353241816905,-0.241727086110244,0.00563998103901867,0.0751074488444106,80.4447795776571,0.239100482037003,0.0746082232792356,0.0343305275978851,-0.0426251988498165,0.696671169205486,-0.236511690861094,-9.45681568678081,0.0499999999999794,-0.0429869122185295,1.24938539551573e-13,0,0,0,0,1,0.673086199299627,0.673086199299627,79.741992728884,10.0412354077981,3.42793646522616
23.86,0.479216736398873,0.0390896980899359,0.130045353205678,-0.24255989129747,0.00549142958076071,0.0750607639945105,80.4487818264583,0.239112282924248,0.0746457811626936,0.0339335555092605,-0.0427831363358981,0.697029351127421,-0.23073872711309,-9.46130537900772,0.0499999999999794,-0.0429869122185295,1.24938539551573e-13,0,0,0,0,1,0.673086199299627,0.673086199299627,79.7402064921556,10.0829981816048,3.4408013048178
23.87,0.476814109655601,0.0387926437310729,0.130737019765544,-0.243342772766864,0.00534517117743394,0.0750015636062815,80.4527990466468,0.239124127947273,0.0746819791222156,0.0335345307682927,-0.0429396648037071,0.697373114764955,-0.225006875581463,-9.46566676569502,0.0499999999999794,-0.0429869122185295,1.24938539551573e-13,0,0,0,0,1,0.673086199299627,0.673086199299627,79.7384328314054,10.1246315439659,3.45355470935488
23.88,0.474403670730678,0.0384962632883957,0.131428145396563,-0.244077408633485,0.00520133801196274,0.0749300340117122,80.4568311224466,0.239136016764925,0.0747168278104901,0.0331335997196175,-0.0430947939525484,0.697702550628142,-0.21931759691969,-9.46990111778392,0.0499999999999794,-0.0429869122185295,1.24938539551573e-13,0,0,0,0,1,0.673086199299627,0.673086199299627,79.7366720982114,10.1661335933034,3.4661974455188
23.89,0.471985891050051,0.0382006356133407,0.132118635585997,-0.244765435467113,0.00506005634235988,0.0748463697778705,80.4608779376128,0.239147949034634,0.0747503400827434,0.032730905952266,-0.0432485336271883,0.698017771232411,-0.213672239341187,-9.47400991720216,0.0499999999999794,-0.0429869122185295,1.24938539551573e-13,0,0,0,0,1,0.673086199299627,0.673086199299627,79.7349246406516,10.2075024662924,3.47873029159846
23.9,0.469561226078076,0.0379058387231423,0.132808397454616,-0.245408448863784,0.00492144647268799,0.0747507729670268,80.4649393753887,0.239159924412291,0.0747825308879989,0.0323265902394033,-0.0434008937908915,0.698318910157908,-0.208072042613653,-9.47799484592464,0.0499999999999794,-0.0429869122185295,1.24938539551573e-13,0,0,0,0,1,0.673086199299627,0.673086199299627,79.7331908031451,10.2487363384888,3.49115403532611
23.91,0.467130115722721,0.0376119497433231,0.13349733979758,-0.246008004028274,0.00478562273611536,0.0746434524273788,80.4690153184655,0.239171942552122,0.0748134171609766,0.0319207904852321,-0.0435518844994231,0.698606121111301,-0.202518142009297,-9.48185777511625,0.0499999999999794,-0.0429869122185295,1.24938539551573e-13,0,0,0,0,1,0.673086199299627,0.673086199299627,79.7314709263031,10.2898334248786,3.50346947179023
23.92,0.464692984734551,0.0373190448538542,0.134185373120186,-0.246565616366249,0.00465269348954302,0.074524623113802,80.4731056489435,0.239184003106578,0.0748430177148157,0.0315136416787534,-0.0437015158760208,0.698879576991018,-0.197011572204753,-9.48560075437502,0.0499999999999794,-0.0429869122185295,1.24938539551573e-13,0,0,0,0,1,0.673086199299627,0.673086199299627,79.7297653467878,10.3307919803507,3.51567740142585
23.93,0.462250243099418,0.0370271992388451,0.134872409668721,-0.247082762084924,0.0045227611192813,0.0743945054380172,80.4772102482946,0.239196105726219,0.0748713531348013,0.0311052758540839,-0.0438497980873429,0.699139468956874,-0.191553271125264,-9.48922600109239,0.0499999999999794,-0.0429869122185295,1.24938539551573e-13,0,0,0,0,1,0.673086199299627,0.673086199299627,79.728074397181,10.371610300095,3.52777862808304
23.94,0.459802286424828,0.036736487039622,0.135558363456672,-0.247560878801089,0.00439592205725638,0.0742533246475355,80.4813289973275,0.239208250059615,0.0748984456732559,0.0306958220570351,-0.0439967413203959,0.699386005505087,-0.186144083728325,-9.49273588994634,0.0499999999999794,-0.0429869122185295,1.24938539551573e-13,0,0,0,0,1,0.673086199299627,0.673086199299627,79.7263984058618,10.4122867199279,3.53977395717345
23.95,0.457349496319904,0.0364469813110597,0.136243150286546,-0.248001366155508,0.00427226680723099,0.0741013102327236,80.4854617761537,0.239220435753239,0.0749243191457526,0.0302854063176633,-0.044142355760443,0.699619411549618,-0.180784765722637,-9.49613294254202,0.0499999999999794,-0.0429869122185295,1.24938539551573e-13,0,0,0,0,1,0.673086199299627,0.673086199299627,79.7247376968931,10.4528196165477,3.55166419389552
23.96,0.454892240768947,0.0361587539810358,0.136926687767515,-0.248405586432695,0.00415187998052865,0.0739386953613083,80.4896084641566,0.239232662451382,0.0749489988287901,0.0298741516285095,-0.0442866515698928,0.699839927510794,-0.175475987218739,-9.49941981721336,0.0499999999999794,-0.0429869122185295,1.24938539551573e-13,0,0,0,0,1,0.673086199299627,0.673086199299627,79.7230925899176,10.4932074077203,3.56345014153794
23.97,0.452430874498536,0.0358718758128788,0.137608895329132,-0.248774865185169,0.00403484034075652,0.0737657163396293,80.4937689399625,0.239244929796061,0.0749725113590644,0.0294621779282513,-0.0444296388681671,0.700047808412173,-0.170218336308234,-9.50259929899824,0.0499999999999794,-0.0429869122185295,1.24938539551573e-13,0,0,0,0,1,0.673086199299627,0.673086199299627,79.7214634000621,10.5334485523994,3.57513259986153
23.98,0.449965739338172,0.0355864163706861,0.138289694231336,-0.249110491861336,0.00392122085702899,0.0735826120999371,80.4979430814131,0.23925723742694,0.0749948846344567,0.029049602090497,-0.0445713277125444,0.700243322986536,-0.165012322568978,-9.50567428979864,0.0499999999999794,-0.0429869122185295,1.24938539551573e-13,0,0,0,0,1,0.673086199299627,0.673086199299627,79.7198504378515,10.573541550782,3.58671236355915
23.99,0.447497164574436,0.0353024439873936,0.138969007570943,-0.249413720436181,0.00381108876520228,0.073389623713024,80.5021307655411,0.239269584981258,0.0750161477168521,0.0286365379174601,-0.0447117280799734,0.70042675279195,-0.159858380494015,-9.50864779873617,0.0499999999999794,-0.0429869122185295,1.24938539551573e-13,0,0,0,0,1,0.673086199299627,0.673086199299627,79.7182540091309,10.6134849443031,3.59819022079334
24,0.445025467298669,0.0350200257354791,0.139646760284855,-0.249685770044024,0.00370450563663852,0.0731869939254739,80.5063318685474,0.239281972093762,0.0750363307368881,0.0282230961382558,-0.044850849849851,0.700598391338757,-0.154756872842472,-9.51152293271269,0.0499999999999794,-0.0429869122185295,1.24938539551573e-13,0,0,0,0,1,0.673086199299627,0.673086199299627,79.7166744149971,10.6532773155696,3.60956695181105
24.01,0.442550952748166,0.0347392274001884,0.140322879150161,-0.24992782561261,0.00360152745402753,0.0729749667208135,80.5105462657809,0.239294398396645,0.0750554648007299,0.0278093844115726,-0.044988702787756,0.700758543228362,-0.149708093910937,-9.51430288718441,0.0499999999999794,-0.0429869122185295,1.24938539551573e-13,0,0,0,0,1,0.673086199299627,0.673086199299627,79.7151119517376,10.6929172882385,3.62084332763509
24.02,0.440073914640904,0.0344601134551769,0.140997292781344,-0.250141038497868,0.00350220469380427,0.0727537869038476,80.5147738317204,0.239306863519493,0.0750735818989523,0.0273955073324755,-0.0451252965301299,0.700907523304643,-0.144712272724208,-9.51699093715743,0.0499999999999794,-0.0429869122185295,1.24938539551573e-13,0,0,0,0,1,0.673086199299627,0.673086199299627,79.7135669107789,10.7324035268396,3.63202010883132
24.03,0.437594635503801,0.0341827470404613,0.141669931624759,-0.250326527118692,0.00340658241471048,0.0725236997074632,80.519014439959,0.239319367089241,0.075090714817606,0.0269815664431055,-0.0452606405698942,0.701045655818777,-0.139769576144565,-9.51959042841116,0.0499999999999794,-0.0429869122185295,1.24938539551573e-13,0,0,0,0,1,0.673086199299627,0.673086199299627,79.7120395786424,10.7717347365467,3.64309804435088
24.04,0.43511338699454,0.0339071899425807,0.142340727950575,-0.250485377591139,0.0033147003520601,0.0722849504211921,80.5232679631902,0.23933190873013,0.0751068970515347,0.026567660247049,-0.0453947442429912,0.701173273608277,-0.134880111899017,-9.52210476895615,0.0499999999999794,-0.0429869122185295,1.24938539551573e-13,0,0,0,0,1,0.673086199299627,0.673086199299627,79.7105302369083,10.810909662899,3.65407787044662
24.05,0.432630430216974,0.0336335025768727,0.143009615842349,-0.250618644361473,0.00322659301727924,0.0720377840408259,80.5275342731966,0.239344488063673,0.0751221627199998,0.0261538842271537,-0.0455276167158375,0.701290717290921,-0.130043931524177,-9.52453742073107,0.0499999999999794,-0.0429869122185295,1.24938539551573e-13,0,0,0,0,1,0.673086199299627,0.673086199299627,79.7090391621875,10.849927091475,3.66496030966241
24.06,0.430146016030141,0.0333617439717681,0.143676531184391,-0.250727350837517,0.00314228980230351,0.0717824449383855,80.5318132408413,0.239357104708634,0.0751365464846659,0.0257403308665791,-0.0456592669736742,0.701398334474326,-0.125261033228685,-9.52689189154369,0.0499999999999794,-0.0429869122185295,1.24938539551573e-13,0,0,0,0,1,0.673086199299627,0.673086199299627,79.7075666261001,10.8887858475223,3.67574606989464
24.07,0.427660385350922,0.0330919717550179,0.144341411647086,-0.250812490017795,0.00306181508842701,0.0715191765517545,80.5361047360601,0.239369758281,0.0751500834699898,0.0253270896728741,-0.0457897038097992,0.701496478981773,-0.120531364673271,-9.52917172725937,0.0499999999999794,-0.0429869122185295,1.24938539551573e-13,0,0,0,0,1,0.673086199299627,0.673086199299627,79.7061128952627,10.9274847955446,3.68643584352429
24.08,0.425173769450388,0.0328242421417638,0.145004196670317,-0.250875025117986,0.00298518835921009,0.0712482210932947,80.5404086278572,0.239382448393973,0.0751628091860482,0.0249142472048811,-0.0459189358156664,0.701585510094935,-0.115854825668717,-9.53138050424017,0.0499999999999794,-0.0429869122185295,1.24938539551573e-13,0,0,0,0,1,0.673086199299627,0.673086199299627,79.7046782312808,10.9660228388491,3.6970303066186
24.09,0.422686390243863,0.0325586099243715,0.145664827445144,-0.250915890194232,0.00291242431706487,0.0709698192767731,80.5447247843023,0.239395174657958,0.0751747594538354,0.0245018871022745,-0.0460469713718337,0.70166579181406,-0.111231270792181,-9.53352182203706,0.0499999999999794,-0.0429869122185295,1.24938539551573e-13,0,0,0,0,1,0.673086199299627,0.673086199299627,79.7032628907494,11.0043989190565,3.70753011820085
24.1,0.420198460574756,0.0322951284639458,0.14632324689387,-0.250935990762858,0.00284353300315028,0.0706842100619393,80.5490530725297,0.239407936680565,0.0751859703330536,0.0240900901175468,-0.0461738186397418,0.701737692136144,-0.106660511922451,-9.53559929633686,0.0499999999999794,-0.0429869122185295,1.24938539551573e-13,0,0,0,0,1,0.673086199299627,0.673086199299627,79.7018671252594,11.0426120155757,3.71793591958692
24.11,0.417710184492211,0.0320338496834521,0.146979399648636,-0.250936204416121,0.0027785199202209,0.0703916304161058,80.5533933587394,0.239420734066609,0.0751964780524128,0.0236789341502628,-0.0462994855543076,0.701801582351595,-0.102142320694841,-9.53761655216521,0.0499999999999794,-0.0429869122185295,1.24938539551573e-13,0,0,0,0,1,0.673086199299627,0.673086199299627,79.7004911814104,11.080661145046,3.72824833378702
24.12,0.415221757522628,0.0317748240623706,0.14763323202866,-0.250917381433572,0.00271738615808646,0.0700923150920915,80.5577455082005,0.239433566418123,0.0752063189424512,0.0232684942834097,-0.0464239798173094,0.701857836359814,-0.097676430876572,-9.5395772173461,0.0499999999999794,-0.0429869122185295,1.24938539551573e-13,0,0,0,0,1,0.673086199299627,0.673086199299627,79.699135300829,11.1185453607488,3.73846796497127
24.13,0.4127333669351,0.031518100632813,0.148284692016256,-0.250880345388701,0.00266012852135167,0.0697864964219073,80.5621093852558,0.239446433334371,0.0752155293708827,0.022858842821676,-0.0465473088915469,0.701906830004099,-0.0932625406635619,-9.54148491621812,0.0499999999999794,-0.0429869122185295,1.24938539551573e-13,0,0,0,0,1,0.673086199299627,0.673086199299627,79.6977997201933,11.156263751991,3.74859539799732
24.14,0.41024519200084,0.0312637269770337,0.148933729231744,-0.250825893750499,0.00260673965911829,0.0694744041255687,80.5664848533288,0.239459334411869,0.0752241456804723,0.0224500493314995,-0.0466694799957546,0.701948940426229,-0.0889003148996438,-9.54334326360688,0.0499999999999794,-0.0429869122185295,1.24938539551573e-13,0,0,0,0,1,0.673086199299627,0.673086199299627,79.6964846712626,11.1938154434627,3.7586311979986
24.15,0.407757404246639,0.031011749226271,0.149580294907354,-0.250754798479636,0.00255720819634436,0.0691562651344409,80.5708717749319,0.239472269244413,0.0752322041294335,0.0220421806827319,-0.0467905001002469,0.701984545441051,-0.0845893872193359,-9.54515585905299,0.0499999999999794,-0.0429869122185295,1.24938539551573e-13,0,0,0,0,1,0.673086199299627,0.673086199299627,79.6951903809117,11.2311995945707,3.76857591003134
24.16,0.405270167702435,0.0307622120608568,0.150224341860249,-0.250667806618951,0.00251151886656749,0.0688323034285275,80.5752700116764,0.239485237423104,0.075239740834341,0.0216353010917711,-0.0469103759232753,0.702014022931287,-0.0803293621153323,-9.54692628129384,0.0499999999999794,-0.0429869122185295,1.24938539551573e-13,0,0,0,0,1,0.673086199299627,0.673086199299627,79.693917071171,11.2684153987506,3.77843005877884
24.17,0.40278363914305,0.0305151587115337,0.150865824464741,-0.25056564087796,0.00246965264571182,0.0685027398871348,80.5796794242843,0.23949823853639,0.0752467917155438,0.0212294721660213,-0.0470291139280737,0.702037750262862,-0.0761198169319519,-9.54865808299793,0.0499999999999794,-0.0429869122185295,1.24938539551573e-13,0,0,0,0,1,0.673086199299627,0.673086199299627,79.6926649592698,11.3054620827592,3.78819414831106
24.18,0.400297968324162,0.0302706309619234,0.151504698623828,-0.25044900021115,0.00243158688671019,0.0681677921523521,80.5840998726013,0.239511272170099,0.0752533924450627,0.0208247529495452,-0.0471467203205722,0.702056103720853,-0.0719603037858506,-9.55035478574919,0.0499999999999794,-0.0429869122185295,1.24938539551573e-13,0,0,0,0,1,0.673086199299627,0.673086199299627,79.6914342576851,11.3423389059493,3.79786866189797
24.19,0.397813298212581,0.0300286691520913,0.152140921740112,-0.250318560389784,0.00239729545468524,0.0678276745048049,80.5885312156113,0.239524337907487,0.0752595783969506,0.0204211999697783,-0.0472632010477549,0.702069457966256,-0.0678503514153308,-9.55201987527916,0.0499999999999794,-0.0429869122185295,1.24938539551573e-13,0,0,0,0,1,0.673086199299627,0.673086199299627,79.6902251741937,11.3790451595283,3.80745406187474
24.2,0.395329765210906,0.0297893121831541,0.152774452686201,-0.250174974567018,0.002366748862445,0.0674825977511522,80.5929733114524,0.239537435329284,0.0752653846000908,0.0200188672851834,-0.0473785617966406,0.702078185513635,-0.0637894669596382,-9.55365679694393,0.0499999999999794,-0.0429869122185295,1.24938539551573e-13,0,0,0,0,1,0.673086199299627,0.673086199299627,79.689037911928,11.4155801658037,3.81695078955702
24.21,0.392847499376626,0.0295525975228807,0.153405251774681,-0.250018873836094,0.00233991440606011,0.0671327691228102,80.5974260174341,0.239550564013747,0.0752708456934066,0.0196178065337245,-0.0474928079938631,0.702082656229718,-0.0597771376696539,-9.55526895144292,0.0499999999999794,-0.0429869122185295,1.24938539551573e-13,0,0,0,0,1,0.673086199299627,0.673086199299627,79.6878726694356,11.4519432774165,3.8263592652045
24.22,0.390366624635755,0.0293185612122374,0.154033280727722,-0.249850867781443,0.00231675630030133,0.0667783921854021,80.6018891900553,0.239563723536713,0.0752759958834502,0.0192180669820501,-0.047605944805828,0.702083236852965,-0.0558128325514328,-9.55685969077587,0.0499999999999794,-0.0429869122185295,1.24938539551573e-13,0,0,0,0,1,0.673086199299627,0.673086199299627,79.6867296407417,11.4881338765633,3.83567988803095
24.23,0.387887258991052,0.0290872378728308,0.154658502646397,-0.249671545022503,0.00229723581372725,0.0664196667584449,80.6063626850244,0.239576913471661,0.0752808689043382,0.0188196955752767,-0.047717977139424,0.702080290534073,-0.0518960039440491,-9.55843231443467,0.0499999999999794,-0.0429869122185295,1.24938539551573e-13,0,0,0,0,1,0.673086199299627,0.673086199299627,79.6856090154149,11.5241513742113,3.84491303625878
24.24,0.385409514724932,0.0288586607152045,0.155280881979786,-0.249481473750089,0.00228131140322312,0.0660567888447998,80.6108463572795,0.239590133389769,0.0752854979799972,0.0184227369872707,-0.0478289096432652,0.702074176397375,-0.0480260890332385,-9.55999006582575,0.0499999999999794,-0.0429869122185295,1.24938539551573e-13,0,0,0,0,1,0.673086199299627,0.673086199299627,79.6845109786348,11.5599952093055,3.85405906721655
24.25,0.382933498597123,0.0286328615479458,0.155900384493932,-0.249281202255179,0.00226893884780226,0.0656899505694241,80.6153400610101,0.239603382859984,0.0752899157886811,0.0180272336713325,-0.0479387467094414,0.702065249123044,-0.0442025113023323,-9.56153612891922,0.0499999999999794,-0.0429869122185295,1.24938539551573e-13,0,0,0,0,1,0.673086199299627,0.673086199299627,79.6834357112631,11.5956648479708,3.86311831747732
24.26,0.38045931203716,0.0284098707875618,0.156516977240699,-0.249071259449968,0.00226007138149245,0.065319340126979,80.6198436496794,0.239616661449085,0.0752941544297191,0.0176332259111883,-0.0480474924757538,0.702053858549954,-0.0404246819219858,-9.56307362512023,0.0499999999999794,-0.0429869122185295,1.24938539551573e-13,0,0,0,0,1,0.673086199299627,0.673086199299627,79.6823833899162,11.6311597827101,3.87209110303618
24.27,0.377987051325113,0.028189716872076,0.157130628289199,-0.248852155332902,0.00225432672473837,0.0649451417075816,80.6243572320877,0.239629969482753,0.0752982447652092,0.0172407518171618,-0.0481551508221725,0.702120890865126,-0.0366920010429065,-9.56459887325697,0.0499999999999794,-0.0429869122185295,1.24938539551573e-13,0,0,0,0,1,0.673086199299627,0.673086199299627,79.6813544407745,11.6664795641076,3.88097773134738
24.28,0.375516807686146,0.0279724182631028,0.157741303530497,-0.248624380868781,0.00225049043007934,0.0645675350448113,80.6288815673527,0.239643309219514,0.0753022080250256,0.0168498473069707,-0.0482617255720351,0.702227017817485,-0.0330038619733175,-9.56611478815677,0.0499999999999794,-0.0429869122185295,1.24938539551573e-13,0,0,0,0,1,0.673086199299627,0.673086199299627,79.6803499310931,11.7016238444089,3.8897785367155
24.29,0.373048667511662,0.0277579868547527,0.158348968069721,-0.248388408824191,0.00224846832071547,0.0641866955339692,80.6334165652559,0.239656680393509,0.075306059492623,0.0164605465080701,-0.0483672206445617,0.702330982966521,-0.0293596532725081,-9.56762583347875,0.0499999999999794,-0.0429869122185295,1.24938539551573e-13,0,0,0,0,1,0.673086199299627,0.673086199299627,79.6793700831459,11.7365921830551,3.89849382041371
24.3,0.370582712593469,0.0275464334250766,0.158953588377168,-0.248144694713537,0.00224824215282326,0.0638027944861919,80.6379620761276,0.239670082562172,0.0753098142276671,0.0160728816398638,-0.048471639890382,0.702432904094015,-0.0257587571037751,-9.56913346531354,0.0499999999999794,-0.0429869122185295,1.24938539551573e-13,0,0,0,0,1,0.673086199299627,0.673086199299627,79.6784150570651,11.7713841500664,3.90712387525987
24.31,0.368119020291276,0.0273377677327409,0.159555132286493,-0.24789367728651,0.00224979212155434,0.0634159991258286,80.6425179501091,0.239683515282366,0.0753134871225035,0.0156868830506616,-0.0485749870835264,0.702532900325692,-0.0222005501831714,-9.57063912006762,0.0499999999999794,-0.0429869122185295,1.24938539551573e-13,0,0,0,0,1,0.673086199299627,0.673086199299627,79.6774850096042,11.8059993332117,3.9156689878182
24.32,0.365657663694628,0.0271319985355504,0.16015356896168,-0.247635779000377,0.00225309693631444,0.0630264725899277,80.6470840371802,0.23969697811047,0.0753170928776466,0.0153025792672829,-0.0486772659201695,0.702631091792645,-0.0186844047670398,-9.57214421212972,0.0499999999999794,-0.0429869122185295,1.24938539551573e-13,0,0,0,0,1,0.673086199299627,0.673086199299627,79.6765800942003,11.8404373375291,3.92412943829978
24.33,0.363198711780271,0.0269291336090101,0.160748868864104,-0.247371406483512,0.00225813389549817,0.0626343739333702,80.6516601871873,0.239710470602458,0.0753206459787433,0.014919997044392,-0.048778480017724,0.702727599305001,-0.0152096895894741,-9.57365013168435,0.0499999999999794,-0.0429869122185295,1.24938539551573e-13,0,0,0,0,1,0.673086199299627,0.673086199299627,79.6757004610362,11.8746977848437,3.93250550049109
24.34,0.360742229565011,0.0267291797649068,0.161341003719729,-0.247100950990172,0.00226487896057948,0.0622398581393094,80.6562462498707,0.239723992313983,0.0753241606749775,0.0145391614135133,-0.048878632914266,0.702822544037897,-0.0117757707514385,-9.5751582426688,0.0499999999999794,-0.0429869122185295,1.24938539551573e-13,0,0,0,0,1,0.673086199299627,0.673086199299627,79.6748462571037,11.9087803132847,3.94079744170937
24.35,0.358288278254179,0.0265321428698932,0.161929946486486,-0.246824788846492,0.00227330682946408,0.0618430761345836,80.6608420748922,0.23973754280046,0.0753276509588834,0.0141600957316807,-0.0489777280682793,0.702916047229811,-0.00838201256321408,-9.57666988087034,0.0499999999999794,-0.0429869122185295,1.24938539551573e-13,0,0,0,0,1,0.673086199299627,0.673086199299627,79.6740176262675,11.9426845768003,3.94900552278354
24.36,0.355836915385773,0.0263380278640596,0.162515671321859,-0.246543281887713,0.00228339100901685,0.0614441748097871,80.6654475118626,0.239751121617143,0.0753311305475308,0.0137828217296747,-0.0490757688587013,0.703008229893281,-0.00502777834181397,-9.57818635215971,0.0499999999999794,-0.0429869122185295,1.24938539551573e-13,0,0,0,0,1,0.673086199299627,0.673086199299627,79.6732147093286,11.9764102446744,3.95712999805946
24.37,0.353388194970376,0.0261468387794788,0.16309815355073,-0.24625677788666,0.00229510388668271,0.0610432970436938,80.670062410369,0.239764728319213,0.0753346128650494,0.0134073595598055,-0.0491727585852569,0.703099212537997,-0.00171243116496553,-9.57970893085754,0.0499999999999794,-0.0429869122185295,1.24938539551573e-13,0,0,0,0,1,0.673086199299627,0.673086199299627,79.6724376440893,12.0099570010425,3.96517111542839
24.38,0.350942167626917,0.0259585787587087,0.163677369633505,-0.245965610973479,0.00230841680112596,0.0606405817317426,80.6746866200016,0.239778362461853,0.0753381110264554,0.0130337278432064,-0.0492687004690642,0.703189114906249,0.00156466541678237,-9.58123885822972,0.0499999999999794,-0.0429869122185295,1.24938539551573e-13,0,0,0,0,1,0.673086199299627,0.673086199299627,79.6716865654171,12.0433245444103,3.97312911637729
24.39,0.348498880714391,0.0257732500732429,0.164253297134555,-0.245670102046676,0.00232330011181822,0.0602361638183056,80.6793199903811,0.239792023600332,0.0753416378227452,0.0126619437165984,-0.0493635976534991,0.70327805572068,0.00480414670831014,-9.58277734110833,0.0499999999999794,-0.0429869122185295,1.24938539551573e-13,0,0,0,0,1,0.673086199299627,0.673086199299627,79.6709616053088,12.0765125871748,3.98100423606005
24.4,0.346058378459595,0.0255908541418946,0.164825914691009,-0.245370559175496,0.0023397232675109,0.0598301743324704,80.6839623711848,0.239805711290083,0.0753452057072197,0.0122920228784961,-0.0494574532053028,0.703366152444265,0.00800664623705088,-9.58432555063409,0.0499999999999794,-0.0429869122185295,1.24938539551573e-13,0,0,0,0,1,0.673086199299627,0.673086199299627,79.670262892955,12.1095208551475,3.98879670338823
24.41,0.343620702080984,0.0254113915491058,0.165395201981904,-0.245067277993668,0.00235765487353313,0.0594227404270814,80.6886136121735,0.239819425086779,0.0753488267830021,0.0119239796348231,-0.0495502701159187,0.703453521052443,0.0111727951575434,-9.58588462111682,0.0499999999999794,-0.0429869122185295,1.24938539551573e-13,0,0,0,0,1,0.673086199299627,0.673086199299627,79.6695905548038,12.1423490870818,3.99650674114036
24.42,0.34118588990872,0.0252348620631697,0.165961139697742,-0.244760542084599,0.00237706275786125,0.0590139854207941,80.6932735632171,0.239833164546414,0.0753525127917146,0.0115578269439101,-0.0496420513030456,0.703540275817278,0.0143032216920226,-9.58745564900994,0.0499999999999794,-0.0429869122185295,1.24938539551573e-13,0,0,0,0,1,0.673086199299627,0.673086199299627,79.6689447146248,12.1749970342052,4.00413456608864
24.43,0.338753977501011,0.025061264654358,0.166523709510457,-0.244450623358038,0.00239791403591059,0.0586040288429084,80.6979420743209,0.239846929225382,0.0753562751032748,0.01119357646085,-0.0497327996123925,0.703626529103523,0.0173985506056564,-9.58903969199557,0.0499999999999794,-0.0429869122185295,1.24938539551573e-13,0,0,0,0,1,0.673086199299627,0.673086199299627,79.6683254935714,12.2074644597549,4.01168038914188
24.44,0.336324997756809,0.0248905975129442,0.167082894043819,-0.244137782418311,0.00242017517400514,0.0581929864807564,80.7026189956507,0.239860718680546,0.0753601247067782,0.0108312385811878,-0.049822517819622,0.703712391176463,0.0204594027151241,-9.59063776817607,0.0499999999999794,-0.0429869122185295,1.24938539551573e-13,0,0,0,0,1,0.673086199299627,0.673086199299627,79.6677330102443,12.2397511385203,4.01914441550381
24.45,0.333898981024958,0.0247228580671155,0.167638676844292,-0.243822268924163,0.00244381205148491,0.0577809704294306,80.7073041775583,0.239874532469319,0.0753640722024273,0.0104708224839233,-0.0499112086324702,0.703797970021339,0.023486394429221,-9.59225085536878,0.0499999999999794,-0.0429869122185295,1.24938539551573e-13,0,0,0,0,1,0.673086199299627,0.673086199299627,79.6671673807531,12.2718568563899,4.02652684484542
24.46,0.331475955209875,0.0245580430007658,0.168191042352364,-0.243504321940308,0.00246879002141508,0.0573680891436484,80.7119974706058,0.239888370149735,0.0753681277944734,0.0101123361738104,-0.0499988746930292,0.703883371174225,0.0264801373202426,-9.59387989049982,0.0499999999999794,-0.0429869122185295,1.24938539551573e-13,0,0,0,0,1,0.673086199299627,0.673086199299627,79.6666287187774,12.3037814099057,4.0338278714906
24.47,0.329055945873837,0.0243961482711621,0.168739975874358,-0.243184170280745,0.00249507396986517,0.0569544474915564,80.7166987255907,0.239902231280523,0.0753723012851337,0.00975578652293344,-0.0500855185801803,0.703968697564131,0.0294412377249169,-9.59552576909361,0.0499999999999794,-0.0429869122185295,1.24938539551573e-13,0,0,0,0,1,0.673086199299627,0.673086199299627,79.6661171356278,12.3355246058234,4.04104768461396
24.48,0.326638976335962,0.02423716912648,0.169285463554743,-0.242862032843942,0.00252262837373014,0.0565401468102905,80.7214077935691,0.239916115421176,0.075376602069448,0.00940117931154858,-0.0501711428121671,0.704054049366166,0.0323702963737,-9.59718934485426,0.0499999999999794,-0.0429869122185295,1.24938539551573e-13,0,0,0,0,1,0.673086199299627,0.673086199299627,79.6656327403055,12.3670862606798,4.04818646844983
24.49,0.324225067767964,0.024081100123201,0.169827492348953,-0.242538118939958,0.00255141735706926,0.0561252849631122,80.7261245258802,0.239930022132027,0.07538103913104,0.00904851926817563,-0.050255749849294,0.704139523865523,0.0352679080472764,-9.59887142933538,0.0499999999999794,-0.0429869122185295,1.24938539551573e-13,0,0,0,0,1,0.673086199299627,0.673086199299627,79.6651756395612,12.398466200368,4.0552444025116
24.5,0.321814239286747,0.0239279351433671,0.170366049996722,-0.242212628609611,0.00258140474594191,0.0557099563979534,80.7308487741688,0.239943950974312,0.075385621038747,0.0086978101089302,-0.0503393420967418,0.70422521533208,0.0381346612591427,-9.60057279169459,0.0499999999999794,-0.0429869122185295,1.24938539551573e-13,0,0,0,0,1,0.673086199299627,0.673086199299627,79.6647459379529,12.4296642597202,4.06222166182034
24.51,0.319406508043934,0.0237776674116876,0.170901124995947,-0.241885752935779,0.00261255412172291,0.0552942522072085,80.7355803904086,0.239957901510239,0.075390355944084,0.00834905457608635,-0.0504219219074872,0.704311214905387,0.0409711379631815,-9.60229415852931,0.0499999999999794,-0.0429869122185295,1.24938539551573e-13,0,0,0,0,1,0.673086199299627,0.673086199299627,79.6643437379028,12.460680282098,4.06911841714205
24.52,0.317001889312395,0.0236302895124941,0.171432706577086,-0.241557674346922,0.00264482887288312,0.0548782601886213,80.7403192269245,0.239971873303061,0.0753952515795075,0.00800225447586184,-0.0505034915853162,0.7043976104898,0.0437779132851749,-9.60403621379045,0.0499999999999794,-0.0429869122185295,1.24938539551573e-13,0,0,0,0,1,0.673086199299627,0.673086199299627,79.6639691397538,12.4915141189919,4.07593483523237
24.53,0.314600396569849,0.0234857934065391,0.171960784678091,-0.241228566912953,0.0026781922452242,0.0544620649071199,80.7450651364145,0.239985865917133,0.0754003152574448,0.00765741071541977,-0.050584053387922,0.704484486659509,0.0465555552772224,-9.60579959877035,0.0499999999999794,-0.0429869122185295,1.24938539551573e-13,0,0,0,0,1,0.673086199299627,0.673086199299627,79.6636222418234,12.5221656296287,4.08267107908821
24.54,0.312202041579626,0.0233441704476344,0.172485349919886,-0.240898596633537,0.0027126073905592,0.0540457477574637,80.7498179719711,0.23999987891798,0.0754055538700557,0.00731452333908133,-0.0506636095300748,0.704571924573224,0.0493046246940747,-9.6075849121618,0.0499999999999794,-0.0429869122185295,1.24938539551573e-13,0,0,0,0,1,0.673086199299627,0.673086199299627,79.6633031404583,12.5526346805878,4.08932730820527
24.55,0.309806834468645,0.0232054113991273,0.173006393582391,-0.240567921718929,0.00274803741383338,0.0536293870275697,80.7545775871029,0.240013911872361,0.0754109738896935,0.00697359156374624,-0.0507421621868569,0.70466000189823,0.0520256747904143,-9.60939271018469,0.0499999999999794,-0.0429869122185295,1.24938539551573e-13,0,0,0,0,1,0.673086199299627,0.673086199299627,79.6630119300863,12.5829211454265,4.09590367884083
24.56,0.307414783802691,0.023069506450209,0.1735239075811,-0.240236692863476,0.00278444541868225,0.0532130579623945,80.7593438357548,0.240027964348328,0.0754165813700325,0.0066346138135184,-0.0508197134969514,0.704748792743608,0.0547192511381483,-9.61122350677727,0.0499999999999794,-0.0429869122185295,1.24938539551573e-13,0,0,0,0,1,0.673086199299627,0.673086199299627,79.6627487032681,12.6130249043144,4.10240034428091
24.57,0.305025896659068,0.0229364452320549,0.1740378844442,-0.239905053511869,0.00282179455142652,0.0527968328282554,80.7641165723282,0.240042035915289,0.0754223819478311,0.00629758775353535,-0.0508962655659765,0.70483836760227,0.057385891462809,-9.61307777384844,0.0499999999999794,-0.0429869122185295,1.24938539551573e-13,0,0,0,0,1,0.673086199299627,0.673086199299627,79.6625135507475,12.6429458436774,4.10881745511124
24.58,0.302640178696679,0.0228062168337924,0.174548317290247,-0.239573140118278,0.00286004804350548,0.0523807809774771,80.7688956517014,0.240056126144064,0.0754283808452985,0.00596251032300171,-0.0509718204698566,0.704928793301633,0.0600261254981819,-9.61495594158844,0.0499999999999794,-0.0429869122185295,1.24938539551573e-13,0,0,0,0,1,0.673086199299627,0.673086199299627,79.6623065615001,12.6726838558499,4.11515515949117
24.59,0.300257634223618,0.022678809818295,0.175055199806392,-0.23924108239847,0.00289916925235308,0.0519649689132615,80.7736809292482,0.240070234606943,0.0754345828730341,0.00562937776742732,-0.0510463802582214,0.705020132962575,0.0626404748583114,-9.61685839883439,0.0499999999999794,-0.0429869122185295,1.24938539551573e-13,0,0,0,0,1,0.673086199299627,0.673086199299627,79.662127822781,12.7022388387383,4.12141360342996
24.6,0.297878266262337,0.0225542122377993,0.175558526227151,-0.238909003575033,0.00293912170072252,0.0515494603546794,80.7784722608572,0.240084360877745,0.0754409924335105,0.00529818567007216,-0.0511199469578259,0.705112445966463,0.0652294529260624,-9.61878549348805,0.0499999999999794,-0.0429869122185295,1.24938539551573e-13,0,0,0,0,1,0.673086199299627,0.673086199299627,79.6619774201716,12.7316106954922,4.12759293106478
24.61,0.295502076612452,0.0224324116493446,0.176058291313728,-0.238577020615818,0.00297986911446772,0.0511343163016911,80.7832695029502,0.240098504531871,0.0754476135250699,0.00496892898260085,-0.0511925225759826,0.705205787929933,0.0677935647574432,-9.62073753298267,0.0499999999999794,-0.0429869122185295,1.24938539551573e-13,0,0,0,0,1,0.673086199299627,0.673086199299627,79.6618554376243,12.7607993341868,4.13369328493978
24.62,0.293129065911254,0.0223133951300313,0.176554490333876,-0.238245244465718,0.00302137545879116,0.0507195951001079,80.7880725125003,0.240112665146354,0.0754544497464061,0.00464160205495045,-0.0512641091039983,0.705300210687176,0.0703333070009176,-9.62271478479613,0.0499999999999794,-0.0429869122185295,1.24938539551573e-13,0,0,0,0,1,0.673086199299627,0.673086199299627,79.6617619575068,12.7898046675135,4.13971480628561
24.63,0.290759233691996,0.022197149292099,0.177047119042297,-0.237913780271904,0.00306360497296993,0.0503053525064113,80.7928811470493,0.240126842299921,0.0754615043015021,0.00431619866441627,-0.0513347085206107,0.705395762279438,0.0728491678309616,-9.62471747700762,0.0499999999999794,-0.0429869122185295,1.24938539551573e-13,0,0,0,0,1,0.673086199299627,0.673086199299627,79.6616970606445,12.8186266124816,4.14565763529893
24.64,0.288392578440007,0.0220836602978199,0.177536173661588,-0.237582727602627,0.00310652220357313,0.0498916417523524,80.797695264725,0.240141035573032,0.0754687800049989,0.00399271204396085,-0.0514043227954146,0.705492486951453,0.0753416268951489,-9.62674579889497,0.0499999999999794,-0.0429869122185295,1.24938539551573e-13,0,0,0,0,1,0.673086199299627,0.673086199299627,79.6616608263618,12.8472650901286,4.15152191142119
24.65,0.286029097646705,0.0219729138742085,0.178021650863703,-0.237252180659721,0.0031500920361853,0.0494785136092575,80.8025147242577,0.240155244547938,0.0754762792879652,0.00367113490975225,-0.0514729538922742,0.705590425154555,0.0778111552740673,-9.62879990157028,0.0499999999999794,-0.0429869122185295,1.24938539551573e-13,0,0,0,0,1,0.673086199299627,0.673086199299627,79.6616533325221,12.8757200252405,4.15730777361634
24.66,0.283668787861563,0.0218648953275459,0.178503547751951,-0.236922228484912,0.00319427972565198,0.0490660164519724,80.8073393849967,0.240169468808728,0.0754840042040455,0.00335145948793832,-0.0515406037727141,0.705689613556176,0.080258215453396,-9.63087989865087,0.0499999999999794,-0.0429869122185295,1.24938539551573e-13,0,0,0,0,1,0.673086199299627,0.673086199299627,79.6616746555663,12.903991346082,4.16301536064689
24.67,0.281311644742096,0.0217595895577163,0.178981861843513,-0.236592955160059,0.003239050924865,0.0486541963223818,80.8121691069262,0.240183707941374,0.0754919564359582,0.00303367754066441,-0.0516072743992826,0.705790085055459,0.0826832613074974,-9.63298586696341,0.0499999999999794,-0.0429869122185295,1.24938539551573e-13,0,0,0,0,1,0.673086199299627,0.673086199299627,79.6617248705507,12.9320789841364,4.1686448113478
24.68,0.278957663101918,0.0216569810723567,0.179456591052467,-0.236264440001444,0.00328437171210597,0.0482430969924421,80.8170037506804,0.240197961533777,0.0755001373023208,0.00271778039134215,-0.0516729677388835,0.705891868804737,0.0850867380938973,-9.63511784727858,0.0499999999999794,-0.0429869122185295,1.24938539551573e-13,0,0,0,0,1,0.673086199299627,0.673086199299627,79.6618040511826,12.9599828738541,4.17419626489787
24.69,0.276606836956929,0.0215570540008177,0.179927733673325,-0.235936757748232,0.00333020861696791,0.0478327600266746,80.8218431775589,0.240212229175813,0.0755085477647778,0.00240375894917805,-0.0517376857660697,0.705994990236575,0.0874690824580499,-9.63727584507377,0.0499999999999794,-0.0429869122185295,1.24938539551573e-13,0,0,0,0,1,0.673086199299627,0.673086199299627,79.6619122698555,12.987702952412,4.17966986108811
24.7,0.274259159569693,0.0214597921079347,0.18039528836507,-0.235609978745227,0.00337652864487583,0.047423224844066,80.8266872495411,0.240226510459377,0.0755171884354076,0.00209160373297059,-0.0518014304662942,0.706099471096146,0.0898307224478103,-9.63945983132197,0.0499999999999794,-0.0429869122185295,1.24938539551573e-13,0,0,0,0,1,0.673086199299627,0.673086199299627,79.6620495976823,13.0152391594812,4.1850657405868
24.71,0.271914623492055,0.0213651788076096,0.18085925413568,-0.235284169120019,0.0034232993002281,0.0470145287793282,80.8315358293002,0.240240804978423,0.0755260595843864,0.00178130489418532,-0.0518642038391136,0.706205329478652,0.09217207753705,-9.64166974330404,0.0499999999999794,-0.0429869122185295,1.24938539551573e-13,0,0,0,0,1,0.673086199299627,0.673086199299627,79.6622161045281,13.0425914370049,4.19038404520065
24.72,0.26957322060606,0.0212731971762014,0.181319630327139,-0.234959390954675,0.00347048860818135,0.0466067071434743,80.8363887802174,0.240255112329006,0.0755351611478862,0.00147285223931767,-0.0519260079013404,0.706312579871557,0.0944935586578802,-9.64390548544262,0.0499999999999794,-0.0429869122185295,1.24938539551573e-13,0,0,0,0,1,0.673086199299627,0.673086199299627,79.6624118590406,13.0697597289846,4.19562491813202
24.73,0.267234942163209,0.0211838299657259,0.181776416600932,-0.234635702452062,0.00351806513510233,0.0461997932836688,80.8412459663951,0.240269432109322,0.0755444927361867,0.00116623525155369,-0.0519868446901389,0.706421233201354,0.09679556824096,-9.64616693015541,0.0499999999999794,-0.0429869122185295,1.24938539551573e-13,0,0,0,0,1,0.673086199299627,0.673086199299627,79.6626369286807,13.0967439812763,4.20078850423157
24.74,0.264899778822128,0.0210970596168641,0.182229612923994,-0.234313158096937,0.00356599800771118,0.0457938186423158,80.8461072526698,0.240283763919745,0.0755540536419799,0.000861443111739103,-0.0520467162660622,0.706531296884632,0.0990785002633947,-9.64845391872583,0.0499999999999794,-0.0429869122185295,1.24938539551573e-13,0,0,0,0,1,0.673086199299627,0.673086199299627,79.6628913797505,13.1235441413955,4.2058749502462
24.75,0.26256772068468,0.0210128682717778,0.182679219555131,-0.23399180881191,0.00361425693094087,0.0453888128153495,80.8509725046248,0.240298107362869,0.0755638428488473,0.000558464718667576,-0.0521056247160252,0.70664277488319,0.101342740303737,-9.65076626218904,0.0499999999999794,-0.0429869122185295,1.24938539551573e-13,0,0,0,0,1,0.673086199299627,0.673086199299627,79.6631752774208,13.1501601583304,4.21088440506192
24.76,0.260238757330576,0.0209312377867345,0.183125237031883,-0.2336717021084,0.00366281220453856,0.0449848036096972,80.8558415886026,0.240312462043537,0.0755738590398914,0.000257288708699258,-0.0521635721562116,0.706755667762962,0.103588665603635,-9.65310374223154,0.0499999999999794,-0.0429869122185295,1.24938539551573e-13,0,0,0,0,1,0.673086199299627,0.673086199299627,79.6634886857577,13.1765919823652,4.21581701994147
24.77,0.257912877850618,0.0208521497584511,0.183567666161508,-0.233352882233597,0.00371162283877899,0.0445818171005102,80.860714371713,0.240326827568873,0.0755841006205385,-4.20965252791616e-05,-0.052220560734571,0.706869973828189,0.105816645140652,-9.65546608987364,0.0499999999999794,-0.0429869122185295,1.24938539551573e-13,0,0,0,0,1,0.673086199299627,0.673086199299627,79.6638316677441,13.2028395649176,4.22067294872863
24.78,0.255590070860982,0.020775582302496,0.184006507160728,-0.233035390109529,0.00375983025049019,0.0441798775396581,80.8655907226286,0.240341203550642,0.0755945624773224,-0.000339702813094716,-0.0522765927235535,0.706985704130195,0.108027038490093,-9.65785105254924,0.0499999999999794,-0.0429869122185295,1.24938539551573e-13,0,0,0,0,1,0.673086199299627,0.673086199299627,79.6642042860143,13.2289028565584,4.2254523553809
24.79,0.253270324508606,0.0207015050668462,0.184441758369704,-0.23271926319154,0.00380694182035912,0.0437790071720352,80.8704705130205,0.240355589609515,0.0756052310407056,-0.000635542170996968,-0.0523316707280828,0.707102727108207,0.110220193696543,-9.66025624427365,0.0499999999999794,-0.0429869122185295,1.24938539551573e-13,0,0,0,0,1,0.673086199299627,0.673086199299627,79.6646066041271,13.2547818027267,4.23015543084517
24.8,0.250953626540912,0.0206298863795892,0.184873418157872,-0.232404536089855,0.00385296405482134,0.0433792266037048,80.8753536161092,0.240369985370766,0.0756160915600859,-0.000929626772008595,-0.0523857975701116,0.707220858480629,0.112396449640745,-9.66268015068712,0.0499999999999794,-0.0429869122185295,1.24938539551573e-13,0,0,0,0,1,0.673086199299627,0.673086199299627,79.6650386852055,13.280476346065,4.23478238366789
24.81,0.248639964340532,0.0205606946495174,0.185301485278378,-0.232091240787436,0.00389790421703701,0.0429805549221901,80.8802399063619,0.240384390463369,0.0756271295115737,-0.00122196892996018,-0.0524389762554309,0.707339917332954,0.114556136660667,-9.6651212815719,0.0499999999999794,-0.0429869122185295,1.24938539551573e-13,0,0,0,0,1,0.673086199299627,0.673086199299627,79.6655005916576,13.3059864271164,4.23933343730522
24.82,0.246329324951049,0.0204938983795418,0.185725958854498,-0.231779406762141,0.00394177030302906,0.0425830097538538,80.8851292594988,0.240398804520016,0.0756383306019594,-0.00151258108500985,-0.0524912099705144,0.707459726129224,0.116699576699907,-9.66757817122596,0.0499999999999794,-0.0429869122185295,1.24938539551573e-13,0,0,0,0,1,0.673086199299627,0.673086199299627,79.6659923851796,13.3313119844149,4.24380882987444
24.83,0.244021695101569,0.0204294661795611,0.186146838366394,-0.231469061104385,0.00398457101778063,0.0421866073199173,80.8900215524984,0.240413227177135,0.0756496807724564,-0.00180147578977392,-0.052542502079328,0.707580110722867,0.118827083458727,-9.67004937881413,0.0499999999999794,-0.0429869122185295,1.24938539551573e-13,0,0,0,0,1,0.673086199299627,0.673086199299627,79.6665141267602,13.3564529545779,4.24820881390239
24.84,0.241717061230155,0.0203673667787954,0.186564123638232,-0.231160228630413,0.0040263157513157,0.0417913624911199,80.8949166636024,0.2404276580749,0.0756611662022234,-0.00208866569605214,-0.0525928561201087,0.707700900366842,0.120938962547257,-9.67253348869661,0.0499999999999794,-0.0429869122185295,1.24938539551573e-13,0,0,0,0,1,0.673086199299627,0.673086199299627,79.6670658766828,13.3814092723986,4.25253365607126
24.85,0.239415409506178,0.0203075690375972,0.186977814825631,-0.230852931991332,0.00406701455478606,0.0413972888410154,80.8998144723194,0.240442096857245,0.0756727733116606,-0.00237416354213092,-0.0526422758021117,0.707821927722997,0.123035511640459,-9.67502911073458,0.0499999999999794,-0.0429869122185295,1.24938539551573e-13,0,0,0,0,1,0.673086199299627,0.673086199299627,79.6676476945281,13.4061808709397,4.25678363696175
24.86,0.237116725851616,0.0202500419587477,0.187387912403452,-0.230547191778003,0.00410667811658726,0.0410043986979119,80.9047148594291,0.240456543171876,0.075684488765484,-0.00265798214064821,-0.0526907650023313,0.707943028870625,0.125117020634463,-9.67753488057336,0.0499999999999794,-0.0429869122185295,1.24938539551573e-13,0,0,0,0,1,0.673086199299627,0.673086199299627,79.6682596391758,13.4307676816275,4.26095905079395
24.87,0.234820995961345,0.020194754698251,0.187794417153912,-0.230243026621921,0.00414531773852553,0.0406127031954567,80.9096177069844,0.240470996670274,0.0756962994755746,-0.00294013436700405,-0.0527383277621947,0.708064043314115,0.127183771803928,-9.68004945990269,0.0499999999999794,-0.0429869122185295,1.24938539551573e-13,0,0,0,0,1,0.673086199299627,0.673086199299627,79.6689017688058,13.4551696343469,4.26506020516591
24.88,0.232528205322456,0.0201416765756352,0.18819733015502,-0.229940453292205,0.00418294531205678,0.0402222123218759,80.914522898315,0.24048545700771,0.0757081926036047,-0.0032206331483005,-0.0527849682842334,0.708184813989645,0.129236039960074,-9.6825715366945,0.0499999999999794,-0.0429869122185295,1.24938539551573e-13,0,0,0,0,1,0.673086199299627,0.673086199299627,79.6695741408993,13.4793866575358,4.26908742079025
24.89,0.230238339232649,0.0200907770837729,0.188596652769334,-0.229639486788806,0.00421957329461854,0.0398329349678758,80.9194303180282,0.24049992384324,0.0757201555634421,-0.00349949145279533,-0.0528306909287322,0.708305187270883,0.1312740926091,-9.68509982541826,0.0499999999999794,-0.0429869122185295,1.24938539551573e-13,0,0,0,0,1,0.673086199299627,0.673086199299627,79.6702768122385,13.5034186782811,4.2730410312289
24.9,0.227951382817713,0.0200420258982284,0.188992386633018,-0.229340140432053,0.00425521468607465,0.0394448789732179,80.9243398520112,0.240514396839719,0.075732176023332,-0.00377672227985383,-0.0528755002103594,0.708425012973618,0.133298190110682,-9.68763306723397,0.0499999999999794,-0.0429869122185295,1.24938539551573e-13,0,0,0,0,1,0.673086199299627,0.673086199299627,79.6710098389076,13.5272656224132,4.27692138262605
24.91,0.225667321048156,0.0199953928861455,0.18938453364521,-0.229042425948645,0.00428988300529195,0.0390580511719786,80.9292513874312,0.240528875663798,0.0757442419078602,-0.0040523386503832,-0.0529194007947807,0.70854414435928,0.135308585836304,-9.69017003016286,0.0499999999999794,-0.0429869122185295,1.24938539551573e-13,0,0,0,0,1,0.673086199299627,0.673086199299627,79.6717732762914,13.5509274146017,4.28072883343981
24.92,0.223386138755001,0.0199508481146831,0.189773095957681,-0.228746353554208,0.00432359226686769,0.038672457436509,80.9341648127367,0.240543359985924,0.0757563413996973,-0.00432635359773453,-0.0529623974952567,0.708662438137299,0.13730552632716,-9.69270950923639,0.0499999999999794,-0.0429869122185295,1.24938539551573e-13,0,0,0,0,1,0.673086199299627,0.673086199299627,79.6725671790752,13.5744039784501,4.28446375417229
24.93,0.221107820644787,0.0199083618590113,0.190158075964787,-0.228451932032509,0.00435635695802553,0.0382881027201072,80.9390800176567,0.240557849480344,0.0757684629411267,-0.00459878015905721,-0.0530044952692298,0.708779754466274,0.139289251451419,-9.69525032662329,0.0499999999999794,-0.0429869122185295,1.24938539551573e-13,0,0,0,0,1,0.673086199299627,0.673086199299627,79.673391601243,13.5976952365907,4.2881265270987
24.94,0.218832351313806,0.019867904609876,0.1905394762937,-0.228159168811453,0.00438819201569728,0.0379049910984224,80.9439968932006,0.240572343825098,0.0757805952353591,-0.00486963136709133,-0.0530456992148985,0.708895956953875,0.141259994560629,-9.69779133173519,0.0499999999999794,-0.0429869122185295,1.24938539551573e-13,0,0,0,0,1,0.673086199299627,0.673086199299627,79.674246596077,13.6208011107784,4.29171754599543
24.95,0.216559715261602,0.0198294470807443,0.190917299794924,-0.227868070035948,0.00441911280380707,0.037523125809605,80.9489153316576,0.240586842702021,0.0757927272476351,-0.00513892024238331,-0.0530860145677858,0.709010912655489,0.143217982645077,-9.70033140131112,0.0499999999999794,-0.0429869122185295,1.24938539551573e-13,0,0,0,0,1,0.673086199299627,0.673086199299627,79.6751322161552,13.6437215219849,4.29523721586729
24.96,0.214289896903776,0.0197929602145382,0.191291549533068,-0.227578640637749,0.00444913509077373,0.0371425092932222,80.9538352265945,0.240601345796736,0.0758048482061197,-0.00540665978591085,-0.0531254466972998,0.709124492071535,0.145163436487937,-9.70286943948093,0.0499999999999794,-0.0429869122185295,1.24938539551573e-13,0,0,0,0,1,0.673086199299627,0.673086199299627,79.6760485133499,13.6664563904913,4.29868595267417
24.97,0.212022880584104,0.019758415189969,0.191662228777903,-0.227290884402385,0.0044782750272466,0.0367631432279589,80.9587564728548,0.240615852798646,0.0758169476025901,-0.00567286297210306,-0.053164001103291,0.709236569143447,0.147096570818029,-9.70540437780834,0.0499999999999794,-0.0429869122185295,1.24938539551573e-13,0,0,0,0,1,0.673086199299627,0.673086199299627,79.6769955388252,13.6890056359802,4.30206418305726
24.98,0.20975865058602,0.01972578342748,0.192029340995654,-0.227004804033255,0.00450654912408926,0.036385028568122,80.9636789665565,0.240630363400935,0.0758290151929219,-0.00593754274224231,-0.0532016834126087,0.709347021248267,0.14901759446105,-9.70793517531349,0.0499999999999794,-0.0429869122185295,1.24938539551573e-13,0,0,0,0,1,0.673086199299627,0.673086199299627,79.677973343035,13.7113691776276,4.30537234406494
24.99,0.207497191143466,0.0196950365948095,0.192392889840566,-0.226720401212993,0.00453397423062513,0.0360081655789687,80.9686026050891,0.240644877300554,0.075841040997375,-0.0062007119982342,-0.0532384993756563,0.709455729191869,0.150926710489153,-9.71046081847578,0.0499999999999794,-0.0429869122185295,1.24938539551573e-13,0,0,0,0,1,0.673086199299627,0.673086199299627,79.67898197572,13.7335469341925,4.30861088287864
25,0.205239262369163,0.0196661354513893,0.192752932741417,-0.226130207045866,0.00456060585579804,0.0356542405790557,80.9735301828739,0.240659402804613,0.0758530203876252,-0.00646219019622371,-0.0532744936188188,0.710448388859197,0.157362737474487,-9.71291430656971,-0.0500000000000206,-0.0429869122185295,1.24938539551573e-13,0,0,0,0,1,0.673086199299627,0.673086199299627,79.6800216189399,13.7555540690875,4.31178354448307
25.01,0.202993777613772,0.0196389265111926,0.193110086372767,-0.224097932982834,0.00458693551717026,0.0354022177769966,80.9784724486874,0.240673971860881,0.0758650052851431,-0.00672122300285398,-0.053309816048388,0.712179928745717,0.167592153994626,-9.71531558240567,-0.0500000000000206,-0.0429869122185295,1.24938539551573e-13,0,0,0,0,1,0.673086199299627,0.673086199299627,79.681092711496,13.7774481098589,4.3149030122302
25.02,0.200776319490048,0.0196131732830388,0.193465407064688,-0.220557242555943,0.00461381758978537,0.0352535747724368,80.9834303058762,0.240688587155521,0.075877103763426,-0.00697761889307249,-0.0533444856568589,0.713712997378941,0.176847137161889,-9.71774894638128,-0.0500000000000206,-0.0429869122185295,1.24938539551573e-13,0,0,0,0,1,0.673086199299627,0.673086199299627,79.6821949032003,13.7992364697938,4.31797086208528
25.03,0.198600801714773,0.0195886790364203,0.193819805755445,-0.215740602256482,0.00464198429595586,0.0351885597273486,80.9884018132865,0.240703242920654,0.0758894270072561,-0.00723132441419712,-0.0533784872216074,0.715073146568398,0.185284001646714,-9.72022492066027,-0.0500000000000206,-0.0429869122185295,1.24938539551573e-13,0,0,0,0,1,0.673086199299627,0.673086199299627,79.6833273820914,13.8209134185593,4.32098575159369
25.04,0.196478962147275,0.0195652915085275,0.194174013485428,-0.209850648532735,0.0046720154000191,0.0351897322809711,80.9933852478551,0.240717934036626,0.0759020829301408,-0.00748223259646324,-0.0534118113722217,0.71628311132428,0.193029248951787,-9.72275365862818,-0.0500000000000206,-0.0429869122185295,1.24938539551573e-13,0,0,0,0,1,0.673086199299627,0.673086199299627,79.6844890833388,13.842475837426,4.32394682263946
25.05,0.194420642504002,0.0195428962051174,0.194528602388472,-0.203063912431142,0.0047043575347353,0.0352417465667675,80.9983790128229,0.240732655759194,0.0759151752373831,-0.00773018956596777,-0.0534444532352289,0.717065298195875,0.200184430610008,-9.72536749343508,-0.0500000000000206,-0.0429869122185295,1.24938539551573e-13,0,0,0,0,1,0.673086199299627,0.673086199299627,79.6856786798272,13.8639227520912,4.32685358711191
25.06,0.192434033141551,0.0195214104971285,0.194884004753111,-0.195534082610357,0.00473935987220186,0.0353311525439753,81.0033701969209,0.240747369716671,0.0759288028886289,-0.00797500193891505,-0.0534764112396386,0.716334806829633,0.206830275713766,-9.7281567525262,-0.0500000000000206,-0.0429869122185295,1.24938539551573e-13,0,0,0,0,1,0.673086199299627,0.673086199299627,79.686883411878,13.8852528993371,4.32970521890666
25.07,0.190525887233601,0.0195007784180564,0.195240530308981,-0.187394863819528,0.00477725760183466,0.0354462141588423,81.0083532438344,0.240762059396863,0.0759430597689434,-0.00821644102155951,-0.0535076867208142,0.715715154455748,0.213030289311402,-9.73100679116098,-0.0500000000000206,-0.0429869122185295,1.24938539551573e-13,0,0,0,0,1,0.673086199299627,0.673086199299627,79.688097488019,13.9064677257882,4.33250151868885
25.08,0.188701708149879,0.0194809658177228,0.195598381831793,-0.178762478443429,0.00481818748491363,0.0355767430228512,81.0133290297418,0.240776727405384,0.0759580336965011,-0.00845424846212369,-0.0535382828463879,0.715195148412677,0.218833780170012,-9.73392803288198,-0.0500000000000206,-0.0429869122185295,1.24938539551573e-13,0,0,0,0,1,0.673086199299627,0.673086199299627,79.6893212268242,13.9275709632745,4.33524277892108
25.09,0.186965913375226,0.0194619562613752,0.195957669291277,-0.169737857466347,0.00486221057906274,0.0357139463853042,81.0182983115515,0.240791375993354,0.0759738059782463,-0.00868814209984859,-0.0535682038641994,0.714765029378663,0.22427841444478,-9.73692994558652,-0.0500000000000206,-0.0429869122185295,1.24938539551573e-13,0,0,0,0,1,0.673086199299627,0.673086199299627,79.6905546621214,13.9485672273382,4.33792937326445
25.1,0.185321977880493,0.0194437474885347,0.196318422640244,-0.160408559075481,0.00490932257705361,0.0358502882075149,81.0232617421755,0.240806007102795,0.0759904511268515,-0.00891782082555536,-0.0535974546450448,0.714416276945089,0.229392394193461,-9.74002105074751,-0.0500000000000206,-0.0429869122185295,1.24938539551573e-13,0,0,0,0,1,0.673086199299627,0.673086199299627,79.691797593513,13.9694618223827,4.34056172040463
25.11,0.183772559500293,0.0194263483513713,0.196680603353452,-0.150850448488486,0.00495946298314946,0.0359793622775003,81.0282198839244,0.240820622406439,0.0760080366463941,-0.00914296907237607,-0.0536260403294676,0.714141442959519,0.234196298481635,-9.74320893486757,-0.0500000000000206,-0.0429869122185295,1.24938539551573e-13,0,0,0,0,1,0.673086199299627,0.673086199299627,79.6930496293568,13.9902605781871,4.34314025618608
25.12,0.182319608556776,0.0194097761829162,0.197044114821148,-0.141129168570507,0.00501252327621576,0.0360957763898278,81.0331732202737,0.240835223342703,0.0760266228772603,-0.00936326094222522,-0.053653966061389,0.713934007740257,0.238704634205675,-9.74650026291566,-0.0500000000000206,-0.0429869122185295,1.24938539551573e-13,0,0,0,0,1,0.673086199299627,0.673086199299627,79.6943102232551,14.0109697133178,4.34566541267863
25.13,0.180964463691292,0.0193940545481803,0.197408811693751,-0.131301427163568,0.00506835418872104,0.0361950466911305,81.0381221662077,0.240849811146431,0.0760462628929879,-0.00957836397693898,-0.0536812367937968,0.713788255224999,0.242927137543333,-9.74990079359953,-0.0500000000000206,-0.0429869122185295,1.24938539551573e-13,0,0,0,0,1,0.673086199299627,0.673086199299627,79.6955787049533,14.0315957215573,4.34813760299411
25.14,0.179707935622743,0.0193792113344965,0.197774508266394,-0.121416123855614,0.00512677221245845,0.0362735013620339,81.0430670773137,0.240864386875918,0.0760670024433791,-0.00978794258561312,-0.0537078571538594,0.713699163930882,0.246869861518358,-9.75341539638862,-0.0500000000000206,-0.0429869122185295,1.24938539551573e-13,0,0,0,0,1,0.673086199299627,0.673086199299627,79.6968543064239,14.0521452779922,4.35055721084174
25.15,0.178550380338255,0.0193652771409046,0.198140985985132,-0.111515336112999,0.00518756542557651,0.0363281928711976,81.0480082577724,0.240878951436669,0.0760888799393902,-0.00999166114164081,-0.0537338313567085,0.713662311270721,0.250536080436239,-9.75704807023362,-0.0500000000000206,-0.0429869122185295,1.24938539551573e-13,0,0,0,0,1,0.673086199299627,0.673086199299627,79.6981361838048,14.0726251618521,4.35292458396125
25.16,0.177491763035022,0.0193522839299577,0.198508000150171,-0.101635182241047,0.00525049872135065,0.0363568180972465,81.0529459673692,0.24089350560223,0.0761119264761373,-0.0101891867643891,-0.0537591631587751,0.713673789301971,0.253927037826152,-9.76080196394187,-0.0500000000000206,-0.0429869122185295,1.24938539551573e-13,0,0,0,0,1,0.673086199299627,0.673086199299627,79.6994234357692,14.0930421935855,4.35524003070404
25.17,0.176531713968355,0.0193402639088366,0.198875285885662,-0.0918065764801833,0.00531531850696407,0.0363576456698725,81.0578804276342,0.240908050032443,0.0761361658909439,-0.0103801918014451,-0.0537838558429774,0.713730130398309,0.257042560933104,-9.76467939816843,-0.0500000000000206,-0.0429869122185295,1.24938539551573e-13,0,0,0,0,1,0.673086199299627,0.673086199299627,79.7007151188281,14.1134031840019,4.35750381914584
25.18,0.175669577217503,0.019329248610024,0.199242563440153,-0.0820558896531985,0.00538175693023336,0.0363294499326581,81.0628118272057,0.240922585289385,0.0761616148537499,-0.0105643560279855,-0.0538079122292773,0.713828241648084,0.259881561677442,-9.7686818889761,-0.0500000000000206,-0.0429869122185295,1.24938539551573e-13,0,0,0,0,1,0.673086199299627,0.673086199299627,79.7020102599965,14.1337148936082,4.35971617821194
25.19,0.174904453254948,0.0193192681449645,0.199609542876816,-0.0724055271199333,0.00544953568351758,0.0362714509775215,81.067740326501,0.240937111851254,0.0761882829874672,-0.0107413685801379,-0.0538313347051665,0.713965347018139,0.262442441277655,-9.77281017290738,-0.0500000000000206,-0.0429869122185295,1.24938539551573e-13,0,0,0,0,1,0.673086199299627,0.673086199299627,79.7033078672037,14.1539840005267,4.36187730037993
25.2,0.174235236094718,0.0193103506070865,0.199975928207965,-0.0628744343405601,0.00551836942678387,0.0361832602443748,81.0726660617716,0.240951630124418,0.076216173016032,-0.0109109296392714,-0.0538541252715282,0.714138936492914,0.264723413365635,-9.77706423349865,-0.0500000000000206,-0.0429869122185295,1.24938539551573e-13,0,0,0,0,1,0.673086199299627,0.673086199299627,79.7046069377705,14.1742170756098,4.36398734559589
25.21,0.173660645698598,0.0193025216032765,0.200341421024054,-0.0534785390727086,0.00558796886576876,0.0360648312199176,81.0775891486094,0.240966140453841,0.0762452809380085,-0.011072751884015,-0.0538762856000806,0.714346721522346,0.266722758366251,-9.78144332915519,-0.0500000000000206,-0.0429869122185295,1.24938539551573e-13,0,0,0,0,1,0.673086199299627,0.673086199299627,79.705906465242,14.1944205635624,4.36604644610078
25.22,0.173179256234561,0.0192958038953728,0.200705723663446,-0.0442311381089164,0.00565804351618781,0.0359164148066831,81.0825096849675,0.240980643132059,0.0762755962236605,-0.011226561726506,-0.0538978170992438,0.714586596200022,0.268439020125999,-9.78594602229295,-0.0500000000000206,-0.0429869122185295,1.24938539551573e-13,0,0,0,0,1,0.673086199299627,0.673086199299627,79.7072054448217,14.2146007690529,4.36805471191505
25.23,0.172789520707548,0.0192902171354815,0.201068541965499,-0.0351432354800427,0.00572830418083899,0.0357385189677671,81.0874277537525,0.240995138406888,0.0763071020334404,-0.0113721003489425,-0.0539187209858155,0.71485660365576,0.269871154224255,-9.79057020964286,-0.0500000000000206,-0.0429869122185295,1.24938539551573e-13,0,0,0,0,1,0.673086199299627,0.673086199299627,79.7085028776242,14.2347638469437,4.37001223677302
25.24,0.172489792417811,0.0192857776809344,0.201429587646158,-0.0262238381904179,0.00579846516307101,0.0355318722843043,81.0923434250396,0.241009626488005,0.0763397754558724,-0.0115091245559912,-0.0539389983602953,0.715154907191666,0.271018636055027,-9.7953131536044,-0.0500000000000206,-0.0429869122185295,1.24938539551573e-13,0,0,0,0,1,0.673086199299627,0.673086199299627,79.7097977739344,14.2549157959003,4.37191910433481
25.25,0.172278343645153,0.0192824984765105,0.201788580332073,-0.0174802147967719,0.00586824623731786,0.0352973910919297,81.0972567579597,0.241024107552557,0.0763735877628178,-0.011637407458002,-0.0539586502840807,0.715479765724179,0.271881535600935,-9.80017151452717,-0.0500000000000206,-0.0429869122185295,1.24938539551573e-13,0,0,0,0,1,0.673086199299627,0.673086199299627,79.7110891556356,14.275062454746,4.37377539453483
25.26,0.17215338190758,0.0192803889931465,0.202145249286296,-0.00891812148233995,0.00593737439512737,0.0350361498893452,81.1021678022987,0.241038581749915,0.076408504680134,-0.0117567389993281,-0.053977677857082,0.715829513120715,0.272460564811257,-9.80514138379432,-0.0500000000000206,-0.0429869122185295,1.24938539551573e-13,0,0,0,0,1,0.673086199299627,0.673086199299627,79.7123760579498,14.2952095010305,4.37558118995125
25.27,0.172113064099247,0.0192794552137868,0.202499334855964,-0.000541999698565124,0.00600558538324145,0.0347493547368973,81.1070765998525,0.241053049205702,0.0764444866717605,-0.0118669263453651,-0.0539960822945724,0.716202541041574,0.272757102622183,-9.8102183175765,-0.0500000000000206,-0.0429869122185295,1.24938539551573e-13,0,0,0,0,1,0.673086199299627,0.673086199299627,79.713657530611,14.3153624513593,4.37733658210274
25.28,0.172155508774413,0.0192796996582807,0.202850589669792,0.00764485106056355,0.00607262504874214,0.0344383193859042,81.1119831855687,0.241067510025185,0.0764814892352939,-0.0119677941412089,-0.0540138650023162,0.716597284917902,0.272773201902342,-9.8153973711235,-0.0500000000000206,-0.0429869122185295,1.24938539551573e-13,0,0,0,0,1,0.673086199299627,0.673086199299627,79.7149326385797,14.3355266631034,4.37904167759683
25.29,0.172278806810675,0.0192811214403458,0.203198779610934,0.0156401222310649,0.0061382505049976,0.034104443900515,81.1168875885102,0.241081964296139,0.0765194632071561,-0.0120591846541168,-0.0540310276492098,0.717012212716001,0.272511581954733,-9.82067313345925,-0.0500000000000206,-0.0429869122185295,1.24938539551573e-13,0,0,0,0,1,0.673086199299627,0.673086199299627,79.7162004623875,14.3557073371725,4.3806966040695
25.3,0.17248103065547,0.0192837163505885,0.203543684588573,0.0234423641674422,0.00620223113107133,0.0337491955532693,81.1217898326668,0.241096412091255,0.0765583550755035,-0.0121409578112317,-0.0540475722368273,0.717445816157948,0.271975609644095,-9.82603976234597,-0.0500000000000206,-0.0429869122185295,1.24938539551573e-13,0,0,0,0,1,0.673086199299627,0.673086199299627,79.7174600981909,14.3759095215825,4.38230151586807
25.31,0.172760242334247,0.0192874769604259,0.203885099129634,0.0310508707573243,0.00626434941635542,0.0333740917933801,81.1266899376407,0.241110853470183,0.0765981072990846,-0.012212991143322,-0.0540635011653974,0.717896604088799,0.271169271734602,-9.83149101938531,-0.0500000000000206,-0.0429869122185295,1.24938539551573e-13,0,0,0,0,1,0.673086199299627,0.673086199299627,79.7187106576004,14.3961381156001,4.38385659944038
25.32,0.173114500376277,0.019292392742501,0.204222832810182,0.0384655785713866,0.00632440166141795,0.0329806851032155,81.1315879192282,0.241125288481253,0.0766386586303158,-0.0122751796445857,-0.0540788172958478,0.718363097701526,0.270097140606453,-9.8370203051266,-0.0500000000000206,-0.0429869122185295,1.24938539551573e-13,0,0,0,0,1,0.673086199299627,0.673086199299627,79.7199512673411,14.4163978742797,4.38536207840169
25.33,0.173541865794467,0.0192984502038326,0.20455671054434,0.0456869787194296,0.0063821985453884,0.0325705495735985,81.1364837899152,0.241139717162952,0.0766799444409146,-0.0123274355578911,-0.054093524007649,0.718843827352324,0.268764335162426,-9.84262069405615,-0.0500000000000206,-0.0429869122185295,1.24938539551573e-13,0,0,0,0,1,0.673086199299627,0.673086199299627,79.7211810687919,14.4366934132448,4.38681821825869
25.34,0.174040407238379,0.0193056330285036,0.204886572747035,0.0527160398127113,0.00643756556962084,0.0321452690424973,81.141377559305,0.241154139545193,0.0767218970485123,-0.0123696880941659,-0.0541076252522653,0.719337330720712,0.267176478429011,-9.84828496934576,-0.0500000000000206,-0.0429869122185295,1.24938539551573e-13,0,0,0,0,1,0.673086199299627,0.673086199299627,79.722399217443,14.457029213593,4.38822533077544
25.35,0.174608205424661,0.0193139222271872,0.205212275385391,0.0595541406333382,0.00649034338685384,0.0317064266545186,81.1462692344906,0.241168555650416,0.0767644460427445,-0.0124018830940146,-0.0541211256020877,0.719842152090752,0.265339653094508,-9.8540056572442,-0.0500000000000206,-0.0429869122185295,1.24938539551573e-13,0,0,0,0,1,0.673086199299627,0.673086199299627,79.7236048823036,14.4774096268268,4.38958377797203
25.36,0.175243356935956,0.0193232962912306,0.205533689932309,0.0662030112872277,0.0065403880246159,0.0312555957104434,81.1511588203843,0.241182965494572,0.0768075186094097,-0.0124239826390386,-0.0541340302947775,0.720356842551321,0.263260356002557,-9.85977506100079,-0.0500000000000206,-0.0429869122185295,1.24938539551573e-13,0,0,0,0,1,0.673086199299627,0.673086199299627,79.7247972452876,14.4978388797343,4.39089397575044
25.37,0.175943977468049,0.0193337313951603,0.205850703242617,0.0726646817700425,0.00658759542730277,0.0307943316861025,81.1560463200034,0.241197369087966,0.0768510398966629,-0.0124359646197507,-0.0541463452718084,0.720879959817149,0.260945452423358,-9.8655853475107,-0.0500000000000206,-0.0429869122185295,1.24938539551573e-13,0,0,0,0,1,0.673086199299627,0.673086199299627,79.7259755005882,14.5183210791745,4.39215639704921
25.38,0.176708204596898,0.0193452022393295,0.206163217468882,0.078941436999892,0.00663195458302035,0.0303241652992731,81.1609317345718,0.241211766435562,0.0768949340059399,-0.0124378222661513,-0.0541580771927477,0.7214100754491,0.258402130683221,-9.87142875491945,-0.0500000000000206,-0.0429869122185295,1.24938539551573e-13,0,0,0,0,1,0.673086199299627,0.673086199299627,79.7271388539465,14.5388602169741,4.39337157302323
25.39,0.177534200121318,0.0193576820544771,0.206471149765525,0.0850357775304587,0.00667338294763122,0.0298465965491232,81.1658150637758,0.241226157537736,0.0769391241415225,-0.0124295636464818,-0.0541692334596944,0.721945786404236,0.255637857834378,-9.87729728019729,-0.0500000000000206,-0.0429869122185295,1.24938539551573e-13,0,0,0,0,1,0.673086199299627,0.673086199299627,79.728286522091,14.5594601744491,4.39454009505539
25.4,0.178420152035859,0.0193711422307742,0.206774431870534,0.0909503852167406,0.0067118014435765,0.0293630896317016,81.1706963061123,0.241240542391315,0.0769835323897606,-0.012411211140421,-0.0541798222534394,0.722485704509808,0.252660336787959,-9.88318280611715,-0.0500000000000206,-0.0429869122185295,1.24938539551573e-13,0,0,0,0,1,0.673086199299627,0.673086199299627,79.7294177322912,14.5801247264917,4.39566261772421
25.41,0.179364276183347,0.0193855524468169,0.207073009729006,0.0966880931928484,0.0067471455583189,0.028875068630621,81.1755754591217,0.241254920990261,0.077028079990871,-0.0123828008914696,-0.0541898525555965,0.723028457778948,0.249477465107578,-9.88907715136696,-0.0500000000000206,-0.0429869122185295,1.24938539551573e-13,0,0,0,0,1,0.673086199299627,0.673086199299627,79.730531721869,14.6008575455538,4.39673986062901
25.42,0.180364817626037,0.0194008808143248,0.207366843080623,0.102251859627537,0.00677936509179866,0.0283839139134883,81.1804525196102,0.241269293326337,0.0770726876209011,-0.0123443822428,-0.0541993341661135,0.723572692918936,0.246097295737904,-9.89497209908571,-0.0500000000000206,-0.0429869122185295,1.24938539551573e-13,0,0,0,0,1,0.673086199299627,0.673086199299627,79.7316277377558,14.6216622053978,4.39777260984078
25.43,0.181420051770757,0.0194170940192818,0.207655905014477,0.107644744781671,0.00680842385306865,0.0278909591638187,81.1853274838672,0.241283659389744,0.0771172756645471,-0.0122960171606143,-0.0542082777167134,0.724117077883171,0.242527999834391,-9.9008594243662,-0.0500000000000206,-0.0429869122185295,1.24938539551573e-13,0,0,0,0,1,0.673086199299627,0.673086199299627,79.7327050361018,14.6425421846072,4.39876171902336
25.44,0.182528285279043,0.0194341574591035,0.207940181497307,0.112869890951742,0.00683429931153,0.0273974889839236,81.1902003478793,0.241298019169762,0.0771617644781933,-0.0122377796486702,-0.0542166946804052,0.724660304405289,0.23877783180168,-9.90673092067418,-0.0500000000000206,-0.0429869122185295,1.24938539551573e-13,0,0,0,0,1,0.673086199299627,0.673086199299627,79.7337628819383,14.6635008698586,4.39970811023615
25.45,0.183687856789352,0.0194520353755216,0.208219670880609,0.117930504936247,0.00685698220790331,0.0269047370098388,81.1950711075425,0.241312372655373,0.0772060746426232,-0.0121697551572912,-0.054224597377213,0.725201090465584,0.2348550966014,-9.91257842514028,-0.0500000000000206,-0.0429869122185295,1.24938539551573e-13,0,0,0,0,1,0.673086199299627,0.673086199299627,79.7348005488923,14.6845415589581,4.40061277443046
25.46,0.184897137475022,0.0194706909829522,0.20849438339148,0.122829842707851,0.00687647612979138,0.0264138844844839,81.1999397588709,0.241326719835883,0.0772501272049325,-0.0120920399898394,-0.0542319989762799,0.725738182650218,0.230768119351864,-9.91839384268815,-0.0500000000000206,-0.0429869122185295,1.24938539551573e-13,0,0,0,0,1,0.673086199299627,0.673086199299627,79.7358173189525,14.7056674636518,4.40147677165192
25.47,0.186154531458704,0.0194900865921884,0.208764340611568,0.127571196014475,0.00689279705641925,0.0259260592399609,81.2048062982042,0.241341060701535,0.0772938439092518,-0.0120047407093331,-0.0542389134945118,0.726270358372769,0.226525217211102,-9.9241691689684,-0.0500000000000206,-0.0429869122185295,1.24938539551573e-13,0,0,0,0,1,0.673086199299627,0.673086199299627,79.7368124822848,14.7268817122189,4.40230123096226
25.48,0.187458476101351,0.0195101837293144,0.209029574948015,0.132157880667675,0.00690597287687378,0.0254423350442215,81.2096707224111,0.241355395244113,0.0773371474159563,-0.0119079735476033,-0.0542453557919277,0.726796427935619,0.222134673509815,-9.9298965120749,-0.0500000000000206,-0.0429869122185295,1.24938539551573e-13,0,0,0,0,1,0.673086199299627,0.673086199299627,79.7377853370931,14.7481873518591,4.40308735009379
25.49,0.188807442181624,0.0195309432497837,0.209290129099832,0.136593226307363,0.00691604288590902,0.024963731271312,81.2145330290896,0.241369723457533,0.0773799615091159,-0.0118018638191229,-0.0542513415638881,0.727315236415406,0.217604714081166,-9.9355681130254,-0.0500000000000206,-0.0429869122185295,1.24938539551573e-13,0,0,0,0,1,0.673086199299627,0.673086199299627,79.738735189524,14.769587350886,4.40383639485048
25.5,0.190199933979574,0.0195523254476457,0.209546055522777,0.140880567458791,0.00692305726113436,0.0244912128580525,81.2193932167632,0.241384045338426,0.0774222112919988,-0.0116865453414044,-0.0542568873303779,0.727825665362586,0.212943485719064,-9.94117636499488,-0.0500000000000206,-0.0429869122185295,1.24938539551573e-13,0,0,0,0,1,0.673086199299627,0.673086199299627,79.7396613536099,14.7910846007412,4.40454969826953
25.51,0.191634489276724,0.019574290159934,0.209797415895426,0.145023235721136,0.0069270765251604,0.0240256905133551,81.2242512850708,0.241398360886701,0.0774638233705094,-0.0115621598636339,-0.0542620104225158,0.728326634309978,0.208159036685051,-9.94671383129537,-0.0500000000000206,-0.0429869122185295,1.24938539551573e-13,0,0,0,0,1,0.673086199299627,0.673086199299627,79.7405631512484,14.8126819178402,4.40522865955753
25.52,0.193109679283197,0.0195967968662573,0.210044280588814,0.149024552947476,0.00692817099604225,0.0235680211494628,81.2291072349516,0.241412670106092,0.0775047260244973,-0.011428856505008,-0.0542667289664695,0.728817102089179,0.203259299175432,-9.95217326210129,-0.0500000000000206,-0.0429869122185295,1.24938539551573e-13,0,0,0,0,1,0.673086199299627,0.673086199299627,79.7414399122123,14.8343820452664,4.40587474281538
25.53,0.194624108501188,0.0196198047836511,0.2102867281417,0.152887825293819,0.00692642022913238,0.0231190085072072,81.2339610688221,0.241426973004682,0.0775448493669296,-0.0112867912040521,-0.05427106186495,0.729296067956944,0.198252073654457,-9.95754760992429,-0.0500000000000206,-0.0429869122185295,1.24938539551573e-13,0,0,0,0,1,0.673086199299627,0.673086199299627,79.7422909741885,14.8561876543242,4.40648947556598
25.54,0.196176414532952,0.0196432729567683,0.210524844743287,0.156616338030399,0.00692191245323424,0.0226794039499691,81.2388127907456,0.241441269595402,0.0775841254909709,-0.0111361261800225,-0.0542750287764607,0.729762572536307,0.19314501495562,-9.96283004384643,-0.0500000000000206,-0.0429869122185295,1.24938539551573e-13,0,0,0,0,1,0.673086199299627,0.673086199299627,79.7431156828392,14.8781013459669,4.40707444709885
25.55,0.197765267840478,0.0196671603434949,0.21075872372492,0.160213351022071,0.00691474400373512,0.0222499074033974,81.2436624065923,0.241455559896514,0.0776224886050598,-0.0109770294073399,-0.0542786500924746,0.730215698579117,0.187945620051225,-9.96801396252448,-0.0500000000000206,-0.0429869122185295,1.24938539551573e-13,0,0,0,0,1,0.673086199299627,0.673086199299627,79.7439133918843,14.9001256521101,4.40763130664551
25.56,0.19938937146312,0.0196914258960889,0.210988465062118,0.163682094796467,0.0069050187551909,0.0218311684201089,81.2485099241907,0.241469843932048,0.0776598751561185,-0.0108096741038546,-0.0542819469127082,0.73065457155827,0.182661217389845,-9.97309300598247,-0.0500000000000206,-0.0429869122185295,1.24938539551573e-13,0,0,0,0,1,0.673086199299627,0.673086199299627,79.7446834631992,14.9222630368454,4.40816176139928
25.57,0.20104746069873,0.019716028637947,0.211214174888063,0.167025767128938,0.00689284755563794,0.0214237873505858,81.2533553534682,0.241484121732227,0.0776962239410671,-0.0106342382336137,-0.0542849410186636,0.731078360098924,0.177298957702005,-9.97806106621318,-0.0500000000000206,-0.0429869122185295,1.24938539551573e-13,0,0,0,0,1,0.673086199299627,0.673086199299627,79.7454252669263,14.9445158975641,4.40866757439322
25.58,0.202738302753146,0.0197409277361071,0.211435965019499,0.170247530082295,0.00687834766471701,0.0210283166033021,81.2581987065813,0.241498393333848,0.0777314762068527,-0.0104509040246779,-0.0542876548455996,0.731486276258719,0.171865806175994,-9.98291229661233,-0.0500000000000206,-0.0429869122185295,1.24938539551573e-13,0,0,0,0,1,0.673086199299627,0.673086199299627,79.746138181595,14.966886566004,4.40915056224933
25.59,0.204460696362311,0.0197660825695997,0.211653952495821,0.173350507447223,0.00686164219751243,0.020645261978781,81.2630399980345,0.241512658780634,0.0777655757392369,-0.0102598575024272,-0.054290111453096,0.731877575667429,0.16636853590811,-9.9876411202728,-0.0500000000000206,-0.0429869122185295,1.24938539551573e-13,0,0,0,0,1,0.673086199299627,0.673086199299627,79.7468215942494,14.9893773092288,4.40961259281203
25.6,0.206213471390796,0.0197914527937611,0.211868259132004,0.17633778253611,0.00684285957583516,0.0202750840638052,81.2678792447876,0.241526918123555,0.0777984689406108,-0.0100612880386952,-0.0542923344943663,0.732251557536596,0.160813722534517,-9.99224223716819,-0.0500000000000206,-0.0429869122185295,1.24938539551573e-13,0,0,0,0,1,0.673086199299627,0.673086199299627,79.7474749005792,15.0119903305506,4.41005558267867
25.61,0.207995488410055,0.0198169984006242,0.212079011085863,0.179212396288962,0.00682213298851257,0.019918199673398,81.2727164663517,0.241541171421107,0.0778301048971366,-0.0098553879169817,-0.0542943481844728,0.732607564549669,0.155207739955285,-9.99671063025808,-0.0500000000000206,-0.0429869122185295,1.24938539551573e-13,0,0,0,0,1,0.673086199299627,0.673086199299627,79.7480975050518,15.0347277704048,4.41048149463931
25.62,0.209805638259354,0.0198426797754997,0.212286338440047,0.181977345655299,0.00679959986208935,0.0195749833294624,81.277551684873,0.241555418739564,0.077860435435533,-0.0096423519139101,-0.0542961772675918,0.732944982642933,0.149556757064842,-10.001041570549,-0.0500000000000206,-0.0429869122185295,1.24938539551573e-13,0,0,0,0,1,0.673086199299627,0.673086199299627,79.7486888210434,15.0575917071854,4.41089233503792
25.63,0.211642841591962,0.0198684577498642,0.212490374799034,0.184635582220435,0.00677540134319337,0.0192457687661299,81.2823849252048,0.241569660153188,0.0778894151698463,-0.00942237689702599,-0.0542978469834722,0.73326324068715,0.143866735406942,-10.0052306211472,-0.0500000000000206,-0.0429869122185295,1.24938539551573e-13,0,0,0,0,1,0.673086199299627,0.673086199299627,79.7492482709665,15.0805841580492,4.41129015106637
25.64,0.213506048408931,0.0198942936506651,0.212691256901322,0.187190011048506,0.00674968179367807,0.0189308504529298,81.2872162149676,0.241583895744406,0.07791700153856,-0.0091956614389634,-0.0542993830332263,0.73356181007943,0.138143427676282,-10.0092736403404,-0.0500000000000206,-0.0429869122185295,1.24938539551573e-13,0,0,0,0,1,0.673086199299627,0.673086199299627,79.7497752863932,15.1037070796961,4.41167702800272
25.65,0.215394237582477,0.0199201493461551,0.212889124246912,0.189643489718013,0.00672258829951789,0.0186304851278582,81.2920455845976,0.241598125603957,0.0779431548324146,-0.0089624054479485,-0.0543008115445863,0.733840204254323,0.132392376992985,-10.013166783748,-0.0500000000000206,-0.0429869122185295,1.24938539551573e-13,0,0,0,0,1,0.673086199299627,0.673086199299627,79.7502693081705,15.1269623691308,4.41205508640432
25.66,0.217306416370811,0.019945987288366,0.213084118740107,0.191998827528665,0.00669427019430594,0.0183448933333037,81.296873067384,0.241612349830999,0.077967838213318,-0.00872280981455646,-0.0543021590367533,0.734097978122536,0.126618916880258,-10.0169065055785,-0.0500000000000206,-0.0429869122185295,1.24938539551573e-13,0,0,0,0,1,0.673086199299627,0.673086199299627,79.7507297865284,15.150351864414,4.41242647926634
25.67,0.219241619926011,0.0199717705523272,0.213276384347601,0.194258784860875,0.00666487859808354,0.0180742609485956,81.3016986994948,0.241626568533184,0.0779910177247361,-0.00847707607459008,-0.0543034523849621,0.73433472744518,0.120828171879593,-10.0204895590357,-0.0500000000000206,-0.0429869122185295,1.24938539551573e-13,0,0,0,0,1,0.673086199299627,0.673086199299627,79.751156181178,15.1738773454054,4.41279338915546
25.68,0.221198910796396,0.0199974628721366,0.213466066771733,0.196426072671571,0.00663456597211833,0.0178187407136642,81.3065225199917,0.241640781826703,0.0780126622939604,-0.00822540608790673,-0.0543047187848791,0.734550088150777,0.115025058741885,-10.0239129959141,-0.0500000000000206,-0.0429869122185295,1.24938539551573e-13,0,0,0,0,1,0.673086199299627,0.673086199299627,79.7515479613997,15.197540534506,4.4131580253284
25.69,0.223177378424674,0.0200230286739854,0.213653313138791,0.198503352111892,0.00660348569014272,0.0175784537389727,81.3113445708352,0.241654989836301,0.0780327437266542,-0.00796800173298334,-0.054305985716943,0.734743735601741,0.109214288136732,-10.0271741654257,-0.0500000000000206,-0.0429869122185295,1.24938539551573e-13,0,0,0,0,1,0.673086199299627,0.673086199299627,79.7519046061194,15.221343097402,4.41352262084428
25.7,0.225176138643028,0.0200484331062387,0.213838271702136,0.20049323425412,0.0065717916264654,0.0173534909974794,81.3161648968794,0.241669192695257,0.0780512366940798,-0.00770506461697624,-0.0543072809107556,0.734915383816434,0.103400366825962,-10.0302707122992,-0.0500000000000206,-0.0429869122185295,1.24938539551573e-13,0,0,0,0,1,0.673086199299627,0.673086199299627,79.752225603973,15.2452866438135,4.41388942967933
25.71,0.227194333166165,0.0200736420666707,0.214021091559946,0.202398279916648,0.00653963776127732,0.0171439147949394,81.320983545857,0.241683390545347,0.0780681187134134,-0.00743679580100438,-0.0543086323096219,0.735064784652387,0.0975876002510737,-10.0332005741937,-0.0500000000000206,-0.0429869122185295,1.24938539551573e-13,0,0,0,0,1,0.673086199299627,0.673086199299627,79.7525104533587,15.2693727282533,4.41426072385226
25.72,0.229231129083266,0.0200986222269519,0.214201922387287,0.204220999577089,0.00650717780338774,0.016949760215351,81.3258005683565,0.241697583536764,0.0780833701215486,-0.00716339554035967,-0.0543100680353339,0.735191726955719,0.0917800954877977,-10.0359619784678,-0.0500000000000206,-0.0429869122185295,1.24938539551573e-13,0,0,0,0,1,0.673086199299627,0.673086199299627,79.7527586624755,15.2936028507948,4.41463879056787
25.73,0.231285718349652,0.0201233410544831,0.214380914182237,0.205963853364793,0.00647456483054735,0.0167710365388022,81.3306160177895,0.241711771828033,0.0780969740427919,-0.00688506303932663,-0.0543116163532872,0.735296035681332,0.0859817645243009,-10.038553438347,-0.0500000000000206,-0.0429869122185295,1.24938539551573e-13,0,0,0,0,1,0.673086199299627,0.673086199299627,79.7529697493495,15.3179784578552,4.41502592938618
25.74,0.233357317278942,0.0201477668316683,0.214558217025733,0.207629251124984,0.00644195094744193,0.0166077286293781,81.3354299503521,0.241725955585885,0.0781089163508459,-0.00660199622027584,-0.0543133056380128,0.735377570987991,0.0801963278227697,-10.0409737485275,-0.0500000000000206,-0.0429869122185295,1.24938539551573e-13,0,0,0,0,1,0.673086199299627,0.673086199299627,79.7531432418458,15.3425009429913,4.41542444942394
25.75,0.235445166036363,0.0201718686727206,0.214733980854804,0.209219552547618,0.00640948696137307,0.0164597982911616,81.3402424249771,0.241740134985124,0.078119185625474,-0.00631439150667981,-0.0543151643392031,0.735436227311983,0.0744273181271212,-10.0432219802588,-0.0500000000000206,-0.0429869122185295,1.24938539551573e-13,0,0,0,0,1,0.673086199299627,0.673086199299627,79.7532786776678,15.3671716477131,4.41583666659475
25.76,0.237548528133827,0.0201956165380874,0.214908355248845,0.210737067354804,0.0063773220755805,0.0163271855906894,81.3450535032816,0.241754310208461,0.0781277731042308,-0.00602244361968766,-0.0543172209483027,0.735471932422654,0.0686780844824538,-10.0452974759431,-0.0500000000000206,-0.0429869122185295,1.24938539551573e-13,0,0,0,0,1,0.673086199299627,0.673086199299627,79.7533756043426,15.3919918623136,4.41626490089387
25.77,0.239666689927345,0.0202189812465856,0.215081489228553,0.212184055541274,0.00634560360010428,0.0162098101445243,81.3498632495068,0.241768481446345,0.0781346726296381,-0.00572634538788442,-0.0543195039657327,0.735484646462821,0.0629517964345658,-10.0471998432918,-0.0500000000000206,-0.0429869122185295,1.24938539551573e-13,0,0,0,0,1,0.673086199299627,0.673086199299627,79.7534335791939,15.4169628267163,4.41671147373305
25.78,0.241798960117252,0.0202419344853315,0.215253531067151,0.213562727662977,0.00631447668003338,0.0161075723708767,81.3546717304534,0.241782648896766,0.0781398805921773,-0.00542628756985274,-0.0543220418688081,0.735474360976704,0.0572514483804021,-10.0489289490744,-0.0500000000000206,-0.0429869122185295,1.24938539551573e-13,0,0,0,0,1,0.673086199299627,0.673086199299627,79.7534521693007,15.4420857313406,4.41717870533061
25.79,0.243944669251733,0.0202644488175513,0.215424628113517,0.214875245169352,0.00628408404094091,0.0160203547044494,81.3594790154122,0.241796812765048,0.0781433958694582,-0.00512245868914841,-0.054324863080407,0.735441097927743,0.0515798640426918,-10.0504849124993,-0.0500000000000206,-0.0429869122185295,1.24938539551573e-13,0,0,0,0,1,0.673086199299627,0.673086199299627,79.7534309514444,15.4673617179854,4.41766891216123
25.8,0.246103169234031,0.0202864976883556,0.21559492662683,0.216123720775295,0.00625456575126378,0.0159480227738943,81.3642851760898,0.241810973263629,0.0781452197619183,-0.004815044881297,-0.0543279959384417,0.735384908708487,0.0459397010442877,-10.0518680982605,-0.0500000000000206,-0.0429869122185295,1.24938539551573e-13,0,0,0,0,1,0.673086199299627,0.673086199299627,79.7533695120434,15.4927918807303,4.41818440446993
25.81,0.24827383283373,0.0203080554285589,0.21576457162233,0.217310218869174,0.006226059001347,0.0158904265414695,81.369090286531,0.241825130611834,0.0781453559253924,-0.00450422975241591,-0.0543314686661787,0.735305873144436,0.0403334555598045,-10.053079109285,-0.0500000000000206,-0.0429869122185295,1.24938539551573e-13,0,0,0,0,1,0.673086199299627,0.673086199299627,79.7532674470749,15.5183772668539,4.41872748385385
25.82,0.25045605320246,0.0203290972566277,0.215933706727803,0.218436755953653,0.0061986978988391,0.0158474014046539,81.373894423038,0.241839285035628,0.0781438103008853,-0.00419019424906468,-0.0543353093434501,0.735204098493602,0.0347634670241387,-10.054118779216,-0.0500000000000206,-0.0429869122185295,1.24938539551573e-13,0,0,0,0,1,0.673086199299627,0.673086199299627,79.7531243619862,15.5441188777693,4.41930044091551
25.83,0.252649243394309,0.0203495992788328,0.216102474050402,0.219505301116288,0.00617261328009503,0.0158187692596331,81.3786976640865,0.241853436767375,0.0781405910418655,-0.00387311653892676,-0.0543395458787928,0.73507971844336,0.029231922879261,-10.0549881646625,-0.0500000000000206,-0.0429869122185295,1.24938539551573e-13,0,0,0,0,1,0.673086199299627,0.673086199299627,79.752939871594,15.5700176699756,4.41990555299051
25.84,0.254852835891246,0.0203695384876887,0.216271014053395,0.220517776527213,0.00614793253721701,0.015804339526709,81.3835000902402,0.241867586045579,0.0781357084393892,-0.00355317190192665,-0.0543442059825503,0.734932892106031,0.0237408633423998,-10.0556885372471,-0.0500000000000206,-0.0429869122185295,1.24938539551573e-13,0,0,0,0,1,0.673086199299627,0.673086199299627,79.7527135999742,15.5960745560236,4.42054508195249
25.85,0.257066282133799,0.020388892758753,0.216439465442471,0.221476057961381,0.00612477946034047,0.0158039101378054,81.3883017840633,0.241881733114625,0.0781291748453521,-0.00323053263138889,-0.0543493171409632,0.734763803014527,0.0182921861803046,-10.0562213754822,-0.0500000000000206,-0.0429869122185295,1.24938539551573e-13,0,0,0,0,1,0.673086199299627,0.673086199299627,79.7524451803407,15.6222904054965,4.42122127209774
25.86,0.259289052057222,0.0204076408458653,0.216607965061197,0.222381975343084,0.00610327409475291,0.0158172684863505,81.3931028300313,0.241895878224516,0.0781210045941507,-0.0029053679448482,-0.0543549065912758,0.73457265811926,0.0128876514757638,-10.0565883565038,-0.0500000000000206,-0.0429869122185295,1.24938539551573e-13,0,0,0,0,1,0.673086199299627,0.673086199299627,79.7521342549149,15.648666046003,4.42193634811143
25.87,0.261520633633359,0.0204257623748981,0.216776647795264,0.223237313310628,0.0060835326124164,0.015844192339912,81.3979033144417,0.241910021630609,0.0781112139230288,-0.0025778439041245,-0.0543610012978774,0.734359686787489,0.00752888637390861,-10.0567913476883,-0.0500000000000206,-0.0429869122185295,1.24938539551573e-13,0,0,0,0,1,0.673086199299627,0.673086199299627,79.7517804747869,15.6752022641817,4.42269251311742
25.88,0.263760532418386,0.0204432378360948,0.216945646485132,0.224043811799202,0.00606566719745082,0.0158844507160418,81.4027033253239,0.241924163593343,0.0780998208913671,-0.00224812334428071,-0.0543676279294967,0.734125139806122,0.00221738979711299,-10.0568323981815,-0.0500000000000206,-0.0429869122185295,1.24938539551573e-13,0,0,0,0,1,0.673086199299627,0.673086199299627,79.7513834997678,15.7018998067163,4.4234919468128
25.89,0.266008271106615,0.0204600485750666,0.21711509184672,0.224803166640131,0.00604978594512316,0.0159378047218621,81.4075029523489,0.241938304377976,0.0780868452991649,-0.00191636581108731,-0.0543748128374622,0.733869288389042,-0.0030454628815387,-10.0567137303618,-0.0500000000000206,-0.0429869122185295,1.24938539551573e-13,0,0,0,0,1,0.673086199299627,0.673086199299627,79.7509429982337,15.728759381359,4.42433680368853
25.9,0.268263389090501,0.0204761767825204,0.217285112399766,0.225517030174821,0.00603599277387964,0.0160040083579849,81.4123022867389,0.241952444254317,0.0780723086049497,-0.00158272750662303,-0.0543825820350374,0.733592423189865,-0.00825841521516049,-10.0564377312634,-0.0500000000000206,-0.0429869122185295,1.24938539551573e-13,0,0,0,0,1,0.673086199299627,0.673086199299627,79.750458646964,15.7557816579618,4.425229211337
25.91,0.27052544202699,0.0204916054827874,0.217455834403519,0.226187011881823,0.00602438734995,0.016082809287412,81.4171014211788,0.241966583496459,0.0780562338433382,-0.00124736124264792,-0.0543909611778404,0.733294853321082,-0.0134203251182844,-10.0560069439802,-0.0500000000000206,-0.0429869122185295,1.24938539551573e-13,0,0,0,0,1,0.673086199299627,0.673086199299627,79.7499301309714,15.7829672695135,4.42617126884702
25.92,0.272794001410324,0.0205063185212222,0.217627381799402,0.22681467901555,0.00601506502404934,0.0161739495701062,81.4219004497268,0.24198072238252,0.078038645542461,-0.000910416401391935,-0.054399975545348,0.732976905380444,-0.0185301603674176,-10.0554240590736,-0.0500000000000206,-0.0429869122185295,1.24938539551573e-13,0,0,0,0,1,0.673086199299627,0.673086199299627,79.7493571433266,15.810316813181,4.42716504528667
25.93,0.275068654151423,0.0205203005505396,0.217799876160328,0.22740155725526,0.00600811677969928,0.0162771663639679,81.4266994677275,0.241994861194381,0.0780195696414493,-0.000572038903409344,-0.054409650023488,0.732638922485483,-0.0235869941731085,-10.0546919060015,-0.0500000000000206,-0.0429869122185295,1.24938539551573e-13,0,0,0,0,1,0.673086199299627,0.673086199299627,79.748739384978,15.8378308513537,4.42821257827413
25.94,0.27734900216392,0.020533537016157,0.217973436646328,0.227949131363024,0.00600362919268945,0.0163921925929771,81.4314985717255,0.242009000217435,0.0779990334081746,-0.000232371182157165,-0.0544200090883158,0.732281263316942,-0.0285900008289042,-10.05381344459,-0.0500000000000206,-0.0429869122185295,1.24938539551573e-13,0,0,0,0,1,0.673086199299627,0.673086199299627,79.748076564565,15.8655099126891,4.42931587263631
25.95,0.279634661956233,0.0205460140220334,0.218148179932175,0.228458845848508,0.00600160405893941,0.0165187575893034,81.43629785941,0.242023139740416,0.0779770652373109,0.00010844783498511,-0.0544310767938914,0.731904305075984,-0.0335384513975194,-10.0527915837105,-0.0500000000000206,-0.0429869122185295,1.24938539551573e-13,0,0,0,0,1,0.673086199299627,0.673086199299627,79.7473683982569,15.89335449309,4.4304768994103
25.96,0.281925264200149,0.0205577131715684,0.218324218688944,0.228932105602724,0.00600101493449615,0.0166565879614106,81.4410974308135,0.24203728005897,0.0779536893704994,0.000450282734542635,-0.0544428769063361,0.731508433904443,-0.0384317075259823,-10.0516267519487,-0.0500000000000206,-0.0429869122185295,1.24938539551573e-13,0,0,0,0,1,0.673086199299627,0.673086199299627,79.7466146108529,15.9213650534507,4.43169760680015
25.97,0.284220453314234,0.0205686082080902,0.218501660540438,0.229370276571604,0.00600159514821614,0.0168054083547621,81.4458973893692,0.242051421478792,0.0779289225174579,0.000793001600389193,-0.0544554330772562,0.731093871259313,-0.0432692155291144,-10.0503201194083,-0.0500000000000206,-0.0429869122185295,1.24938539551573e-13,0,0,0,0,1,0.673086199299627,0.673086199299627,79.7458149367754,15.9495420163416,4.4329799343314
25.98,0.286519887123541,0.0205786731065653,0.218680610336046,0.229774686522427,0.0060034402440877,0.0169649415926329,81.4506978401098,0.242065564310279,0.0779027820503534,0.00113647600396783,-0.0544687686833239,0.730660820042082,-0.0480505050689026,-10.0488736494825,-0.0500000000000206,-0.0429869122185295,1.24938539551573e-13,0,0,0,0,1,0.673086199299627,0.673086199299627,79.7449691181922,15.9778857700736,4.43432579970374
25.99,0.288823236484987,0.0205878828380755,0.21886117035906,0.230146625740952,0.00600664230588682,0.0171349091467612,81.4554988894127,0.242079708867765,0.0778752867159231,0.00148058100146599,-0.0544829067917452,0.730209500746363,-0.0527751855886832,-10.047289442093,-0.0500000000000206,-0.0429869122185295,1.24938539551573e-13,0,0,0,0,1,0.673086199299627,0.673086199299627,79.7440769046654,16.0063966701257,4.43573709596214
26,0.29112939927344,0.0205962293908313,0.219043386810782,0.230176042045203,0.00601129111087019,0.0172929057755974,81.4603036211565,0.242093864314475,0.0778464580845944,0.00182499949101948,-0.0544978155525908,0.730629297510984,-0.0620376995711984,-10.0455012749504,0.0499999999999794,-0.0429869122185295,1.24938539551573e-13,0,0,0,0,1,0.673086199299627,0.673086199299627,79.7431441315403,16.035061114755,4.43721141185058
26.01,0.293429030722758,0.0206038748032177,0.21922674621784,0.228713812018999,0.00601752212914898,0.0173581195559205,81.465123271073,0.242108064040558,0.0778163390497833,0.00216882891919118,-0.0545133089248603,0.731774280063179,-0.0750930848367236,-10.0435281181934,0.0499999999999794,-0.0429869122185295,1.24938539551573e-13,0,0,0,0,1,0.673086199299627,0.673086199299627,79.742193443571,16.0638268401273,4.43873423732848
26.02,0.295706047554473,0.0206111215833865,0.219410298414068,0.225694260643352,0.0060255313829921,0.0173288373446229,81.4699589177889,0.242122311250219,0.0777850046438148,0.00251172715318424,-0.0545293770330147,0.732702101827651,-0.0871141869590166,-10.041451941365,0.0499999999999794,-0.0429869122185295,1.24938539551573e-13,0,0,0,0,1,0.673086199299627,0.673086199299627,79.7412271922024,16.0926873114397,4.44030483683126
26.03,0.297946070880134,0.0206182388581023,0.219593241295808,0.221354177880559,0.00603549532840891,0.0172249982381492,81.4748087130252,0.242136600449064,0.077752548610473,0.00285349811395701,-0.0545460560607099,0.733437310673485,-0.0982599250503659,-10.0392804523831,0.0499999999999794,-0.0429869122185295,1.24938539551573e-13,0,0,0,0,1,0.673086199299627,0.673086199299627,79.740242158884,16.1216478104507,4.44192606223625
26.04,0.300136938657547,0.0206254498781796,0.219774954012439,0.215900062500596,0.00604755882795818,0.0170641704885726,81.4796710333989,0.242150926811015,0.0777190783872291,0.00319389980374185,-0.0545633717384035,0.734002099962248,-0.108658779778796,-10.0370229726874,0.0499999999999794,-0.0429869122185295,1.24938539551573e-13,0,0,0,0,1,0.673086199299627,0.673086199299627,79.7392359058175,16.1507110849194,4.44359992784519
26.05,0.302268421638012,0.0206329362234486,0.219954974808276,0.209511902565967,0.00606183537622762,0.016861774125861,81.4845443866647,0.242165285899689,0.0776847119055709,0.00353265045432916,-0.0545813407189977,0.734117270273799,-0.118413786178015,-10.0347133582525,0.0499999999999794,-0.0429869122185295,1.24938539551573e-13,0,0,0,0,1,0.673086199299627,0.673086199299627,79.7382065876897,16.1798777983667,4.44532771695821
26.06,0.304331974765071,0.0206408417624068,0.220132980981533,0.202346487210244,0.00607842583980132,0.0166312848797119,81.4894159107313,0.242179639488472,0.0776495750357755,0.00386943496502108,-0.0545999720718154,0.732692461773924,-0.127606774816018,-10.0324465076701,0.0499999999999794,-0.0429869122185295,1.24938539551573e-13,0,0,0,0,1,0.673086199299627,0.673086199299627,79.7371416065809,16.2091446781254,4.4471094755807
26.07,0.306320519634651,0.0206492763633499,0.220308770777513,0.194540307713483,0.00609738871375121,0.0163844209202485,81.494280133724,0.242193971313919,0.0776137994612528,0.00420390977092164,-0.0546192682842602,0.731359195401328,-0.13630205317196,-10.030107857937,0.0499999999999794,-0.0429869122185295,1.24938539551573e-13,0,0,0,0,1,0.673086199299627,0.673086199299627,79.7360359136674,16.2385085102037,4.44894511679669
26.08,0.308228254149317,0.0206583191096377,0.22048224697072,0.186212096284663,0.00611874343491433,0.016131313802668,81.4991380493225,0.24220828432768,0.0775775200968836,0.00453570801384801,-0.0546392258377921,0.730107007738823,-0.144549509852489,-10.0277125985562,0.0499999999999794,-0.0429869122185295,1.24938539551573e-13,0,0,0,0,1,0.673086199299627,0.673086199299627,79.7348910440485,16.2679662515946,4.45083441763653
26.09,0.310050485983185,0.0206680214586228,0.220653402118379,0.177465049526674,0.00614248239493855,0.0158806647875492,81.5039905330201,0.242222581130173,0.0775408732285009,0.00486444473831732,-0.0546598360529375,0.728927076955079,-0.152387233655451,-10.0252758568314,0.0499999999999794,-0.0429869122185295,1.24938539551573e-13,0,0,0,0,1,0.673086199299627,0.673086199299627,79.7337086189109,16.2975139848411,4.45277672864511
26.1,0.311783486900697,0.020678410233914,0.220822305309775,0.168388775432947,0.0061685723805133,0.0156398877636451,81.5088383569319,0.242236864014601,0.0775039949716618,0.00518972148122843,-0.0546810858064836,0.727811988708893,-0.159843743361003,-10.0228125616951,0.0499999999999794,-0.0429869122185295,1.24938539551573e-13,0,0,0,0,1,0.673086199299627,0.673086199299627,79.7324903175116,16.3271471209305,4.45477103293324
26.11,0.313424365335689,0.0206894904346602,0.22098909027586,0.159060998028219,0.00619695614423326,0.0154152398522821,81.5136822027988,0.242251135005612,0.0774670199409255,0.00551113051088306,-0.0547029581610407,0.726755533863794,-0.166939870514892,-10.020337326756,0.0499999999999794,-0.0429869122185295,1.24938539551573e-13,0,0,0,0,1,0.673086199299627,0.673086199299627,79.7312378541641,16.3568605686233,4.45681599801967
26.12,0.314970954958067,0.0207012478694465,0.22115394474125,0.149549049676027,0.00622755408027646,0.0152119406813294,81.5185226734122,0.242265395893262,0.0774300801048145,0.00582825871777574,-0.0547254329177336,0.725752532980366,-0.17369034374841,-10.0178643503854,0.0499999999999794,-0.0429869122185295,1.24938539551573e-13,0,0,0,0,1,0.673086199299627,0.673086199299627,79.7299529594924,16.3866488750531,4.45891002134846
26.13,0.316421717236873,0.0207136516205108,0.221317100909495,0.139911177375374,0.00626026598222047,0.0150342812402165,81.5233603026443,0.242279648262827,0.0773933038054194,0.00614069116358641,-0.0547484871014115,0.724798683465493,-0.180105116773628,-10.0154073309833,0.0499999999999794,-0.0429869122185295,1.24938539551573e-13,0,0,0,0,1,0.673086199299627,0.673086199299627,79.7286373653086,16.4165063417906,4.46105127025359
26.14,0.317775656255308,0.020726656342997,0.221478826980847,0.130197686122813,0.00629497286218188,0.0148857231568769,81.5281955642439,0.242293893520953,0.0773568149246804,0.00644801429792298,-0.0547720953866127,0.723890426040751,-0.186190476604705,-10.0129793958172,0.0499999999999794,-0.0429869122185295,1.24938539551573e-13,0,0,0,0,1,0.673086199299627,0.673086199299627,79.7272927925525,16.4464271199954,4.46323771704764
26.15,0.319032244249679,0.0207402044035603,0.221639419609649,0.120451939568553,0.00633153881170674,0.0147689891722888,81.5330288795335,0.242308132918538,0.077320732181861,0.0067498188547332,-0.0547962304715419,0.723024827840355,-0.191949963683768,-10.010593042031,0.0499999999999794,-0.0429869122185295,1.24938539551573e-13,0,0,0,0,1,0.673086199299627,0.673086199299627,79.7259209418029,16.4764052877866,4.46546716983056
26.16,0.320191356533892,0.0207542278626158,0.221799197215792,0.110711235697233,0.00636981288585329,0.0146861455280505,81.5378606241272,0.242322367570698,0.0772851685487546,0.00704570244206133,-0.0548208634064619,0.722199479970383,-0.197385131343159,-10.0082600885916,0.0499999999999794,-0.0429869122185295,1.24938539551573e-13,0,0,0,0,1,0.673086199299627,0.673086199299627,79.7245234859389,16.5064349125372,4.46773729954454
26.17,0.321253214637416,0.0207686503047277,0.221958494071658,0.101007573073084,0.00640963099291155,0.0146386769267791,81.5426911337734,0.242336598474136,0.0772502307708122,0.00733527184007234,-0.0548459638821603,0.721412407770484,-0.202496168336194,-10.0059916380728,0.0499999999999794,-0.0429869122185295,1.24938539551573e-13,0,0,0,0,1,0.673086199299627,0.673086199299627,79.7231020645884,16.5365101004192,4.47004566374004
26.18,0.322218336630362,0.0207833885219565,0.222117655092338,0.0913683212675905,0.00645081777330022,0.0146275546736992,81.5475207094156,0.242350826522188,0.0772160189837416,0.0076181450230927,-0.0548715004834912,0.720661992334532,-0.20728240494699,-10.0037980472987,0.0499999999999794,-0.0429869122185295,1.24938539551573e-13,0,0,0,0,1,0.673086199299627,0.673086199299627,79.7216582800502,16.5666250352067,4.47238972746369
26.19,0.323087493737034,0.0207983540553475,0.222277031262961,0.0818168074025968,0.00649318845240558,0.0146532985602799,81.5523496215582,0.242365052517794,0.0771826264162466,0.00789395292189816,-0.054897440912411,0.719946902085718,-0.211742720386143,-10.0016889059619,0.0499999999999794,-0.0429869122185295,1.24938539551573e-13,0,0,0,0,1,0.673086199299627,0.673086199299627,79.720193694429,16.5967740080604,4.47476688163144
26.2,0.323861672451243,0.0208134546001039,0.22243697564246,0.0723728292640404,0.00653655065347359,0.0147160330068843,81.5571781140118,0.242379277184639,0.0771501391705135,0.00816234094267884,-0.0549237521843987,0.719266033380419,-0.215875866740225,-9.99967302241829,0.0499999999999794,-0.0429869122185295,1.24938539551573e-13,0,0,0,0,1,0.673086199299627,0.673086199299627,79.7187098277553,16.6269514397745,4.47717445920686
26.21,0.324542041464717,0.020828595280311,0.222597839888283,0.0630531041457481,0.0065807061581096,0.0148155379408406,81.5620064070912,0.242393501176652,0.0771186360728426,0.00842297025908379,-0.0549504008016907,0.718618459248468,-0.21968072262306,-9.9977584159314,0.0499999999999794,-0.0429869122185295,1.24938539551573e-13,0,0,0,0,1,0.673086199299627,0.673086199299627,79.717208156905,16.6571518967539,4.47960974946693
26.22,0.325129922805861,0.0208436797993437,0.222759971251268,0.0538716614466661,0.00662545260344376,0.0149512948488858,81.5668347003292,0.242407725086075,0.0770881885874924,0.00867551889353628,-0.0549773529063357,0.718003385476766,-0.22315648783498,-9.99595231470483,0.0499999999999794,-0.0429869122185295,1.24938539551573e-13,0,0,0,0,1,0.673086199299627,0.673086199299627,79.7156901151596,16.6873701018084,4.48207001060281
26.23,0.325626766661356,0.0208586114722933,0.222923709994308,0.0448401860489269,0.00667058510654726,0.0151225284083329,81.5716631747681,0.242421949450275,0.077058860787385,0.00891968260365611,-0.055004574415703,0.71742011331829,-0.226302828737401,-9.99426115909469,0.0499999999999794,-0.0429869122185295,1.24938539551573e-13,0,0,0,0,1,0.673086199299627,0.673086199299627,79.7141570922753,16.7176009406904,4.48455248087264
26.24,0.32603412941902,0.0208732941468834,0.223089387192434,0.0359683186310899,0.00671589780820047,0.0153282440693607,81.5764919948818,0.242436174757455,0.077030709375827,0.00915517558915731,-0.0550320311427416,0.716868008166879,-0.229119982663101,-9.99269060944502,0.0499999999999794,-0.0429869122185295,1.24938539551573e-13,0,0,0,0,1,0.673086199299627,0.673086199299627,79.7126104349536,16.7478394651674,4.48705438849595
26.25,0.326353654528047,0.0208876330194123,0.223257322875684,0.027263918305628,0.00676118532958882,0.0155672619313197,81.5813213101809,0.242450401451425,0.0770037837538445,0.00938173103403661,-0.0550596889029866,0.716346473585414,-0.231608828480436,-9.99124555803282,0.0499999999999794,-0.0429869122185295,1.24938539551573e-13,0,0,0,0,1,0.673086199299627,0.673086199299627,79.7110514476229,16.778080893301,4.48957296045451
26.26,0.326587055823309,0.0209015353522679,0.223427824479504,0.018733292299036,0.00680624413691211,0.0158382472287106,81.5861512565445,0.242464629935561,0.07697812612813,0.00959910149825226,-0.0550875136100444,0.715854930115248,-0.233770929388599,-9.98993014464875,0.0499999999999794,-0.0429869122185295,1.24938539551573e-13,0,0,0,0,1,0.673086199299627,0.673086199299627,79.709481393457,16.8083206075018,4.49210543034263
26.27,0.32673610300464,0.0209149110995068,0.223601185570599,0.010381396805175,0.00685087381021895,0.0161397377173457,81.5909819573221,0.242478860576077,0.0769537716549581,0.00980705917243257,-0.0551154713610491,0.715392798330906,-0.235608553120337,-9.98874777537573,0.0499999999999794,-0.0429869122185295,1.24938539551573e-13,0,0,0,0,1,0.673086199299627,0.673086199299627,79.7079014955728,16.8385541508432,4.49464904539061
26.28,0.326802609000755,0.0209276734468929,0.223777684818984,0.00221201262743964,0.00689487821400797,0.0164701682279974,81.5958135242414,0.242493093704726,0.076930748615756,0.010005396008465,-0.0551435285133761,0.714959485638117,-0.237124673950022,-9.98770114415985,0.0499999999999794,-0.0429869122185295,1.24938539551573e-13,0,0,0,0,1,0.673086199299627,0.673086199299627,79.7063129383557,16.8687772220393,4.49720107276744
26.29,0.326788418981387,0.0209397392726475,0.223957585189648,-0.00577210122590017,0.00693806656826221,0.0168278926334211,81.6006460581568,0.242507329621022,0.0769090786203152,0.0101939237381129,-0.0551716517537098,0.714554376346271,-0.238322960232823,-9.98679225679814,0.0499999999999794,-0.0429869122185295,1.24938539551573e-13,0,0,0,0,1,0.673086199299627,0.673086199299627,79.7047168688753,16.8989856694284,4.4997588052541
26.3,0.326695400810864,0.0209510295349817,0.224141133329662,-0.0135690732241418,0.00698025441959918,0.0172112034548801,81.6054796496658,0.24252156859407,0.076888776833912,0.0103724737910975,-0.0551998081604049,0.714176824579215,-0.239207750621236,-9.98602245699477,0.0499999999999794,-0.0429869122185295,1.24938539551573e-13,0,0,0,0,1,0.673086199299627,0.673086199299627,79.7031143983593,16.9291754842457,4.50231956636499
26.31,0.326525436762333,0.0209614695922785,0.224328559128741,-0.0211778018516013,0.00702126451312516,0.0176183493160692,81.6103143796221,0.242535810864093,0.0768698522248662,0.0105408971233765,-0.0552279652599361,0.713826149620996,-0.239784021606053,-9.98539245416316,0.0499999999999794,-0.0429869122185295,1.24938539551573e-13,0,0,0,0,1,0.673086199299627,0.673086199299627,79.7015066037003,16.9593427934237,4.50488071498358
26.32,0.326280416334567,0.0209709894615599,0.224520075433337,-0.0285978528805714,0.0070609275663796,0.0180475504355183,81.6151503195653,0.242550056643705,0.0768523078293144,0.0106990639656576,-0.0552560910781073,0.713501633325828,-0.240057348599707,-9.98490235267436,0.0499999999999794,-0.0429869122185295,1.24938539551573e-13,0,0,0,0,1,0.673086199299627,0.673086199299627,79.6998945289736,16.9894838521136,4.50743964956823
26.33,0.325962230033118,0.0209795240206238,0.224715877896162,-0.0358293695258657,0.00709908294744841,0.0184970123330481,81.6199875320875,0.242564306119002,0.076836141030203,0.0108468635015026,-0.0552841541865891,0.713202519254113,-0.240033862411441,-9.9845516822747,0.0499999999999794,-0.0429869122185295,1.24938539551573e-13,0,0,0,0,1,0.673086199299627,0.673086199299627,79.6982791869535,17.0195950360896,4.50999381197495
26.34,0.325572763995013,0.0209870131589805,0.224916144944744,-0.0428729938595755,0.0071355792599174,0.0189649379115499,81.6248260711535,0.242578559450512,0.0768213438477301,0.0109842034837207,-0.0553121237452552,0.71292801322829,-0.239720202647899,-9.98433942941604,0.0499999999999794,-0.0429869122185295,1.24938539551573e-13,0,0,0,0,1,0.673086199299627,0.673086199299627,79.6966615606114,17.0496728341652,4.51254069093669
26.35,0.325113895351351,0.0209934018824459,0.225121037854173,-0.0497297980682523,0.00717027483783604,0.019449538062171,81.6296659823876,0.242592816774042,0.0768079032386723,0.0111110097971126,-0.055339969540716,0.71267728503365,-0.239123469302578,-9.98426406926159,0.0499999999999794,-0.0429869122185295,1.24938539551573e-13,0,0,0,0,1,0.673086199299627,0.673086199299627,79.6950426045885,17.079713840726,4.51507782523199
26.36,0.324587488235474,0.0209986403759775,0.225330700910601,-0.0564012243129447,0.00720303815427321,0.019949040928837,81.6345073033381,0.242607078201471,0.0767958014022284,0.0112272259750174,-0.055367662021377,0.712449471019452,-0.23825117356695,-9.98432359814871,0.0499999999999794,-0.0429869122185295,1.24938539551573e-13,0,0,0,0,1,0.673086199299627,0.673086199299627,79.6934232466336,17.1097147484621,4.51760280657018
26.37,0.323995390355987,0.0210026840290668,0.225545261653349,-0.062889032108493,0.00723374814737718,0.0204616999568308,81.6393500637296,0.24262134382149,0.0767850160902067,0.0113328126765292,-0.0553951723292948,0.712243677384664,-0.237111188699637,-9.98451556630741,0.0499999999999794,-0.0429869122185295,1.24938539551573e-13,0,0,0,0,1,0.673086199299627,0.673086199299627,79.691804389001,17.1396723413642,4.52011328221588
26.38,0.32333943006406,0.0210054934277295,0.225764831184671,-0.0691952522749802,0.00726229446811015,0.0209858008398289,81.6441942857092,0.242635613700336,0.0767755209195553,0.0114277471306977,-0.0554224723290563,0.712058983960009,-0.235711701623171,-9.98483711065007,0.0499999999999794,-0.0429869122185295,1.24938539551573e-13,0,0,0,0,1,0.673086199299627,0.673086199299627,79.6901869098028,17.1695834880311,4.52260695737148
26.39,0.322621413853353,0.0210070343168667,0.22598950453728,-0.075322146633662,0.00728857765401863,0.0215196674702724,81.6490399840924,0.242649887882521,0.0767672856854135,0.0115120225535005,-0.0554495346338675,0.711894448323758,-0.234061165776589,-9.98528498746341,0.0499999999999794,-0.0429869122185295,1.24938539551573e-13,0,0,0,0,1,0.673086199299627,0.673086199299627,79.6885716643127,17.1994451353261,4.52508159733284
26.4,0.321843124238611,0.0210072775365112,0.226219361090742,-0.0812721727241734,0.00731250923353254,0.0220616669891925,81.6538871666122,0.242664166391572,0.0767602766730187,0.0115856475428764,-0.0554763326290064,0.711749110112557,-0.232168255632826,-9.98585560484926,0.0499999999999794,-0.0429869122185295,1.24938539551573e-13,0,0,0,0,1,0.673086199299627,0.673086199299627,79.6869594862182,17.2292543024045,4.52753502943122
26.41,0.321006317965796,0.0210061989352164,0.226454465028726,-0.0870479529111882,0.00733401176536488,0.0226102140235275,81.6587358341758,0.242678449230788,0.0767544569669646,0.0116486454566443,-0.0555028404927677,0.711621995410458,-0.23004182318956,-9.98654505477417,0.0499999999999794,-0.0429869122185295,1.24938539551573e-13,0,0,0,0,1,0.673086199299627,0.673086199299627,79.6853511888195,17.2590080751289,4.52996514477169
26.42,0.320112724512536,0.0210037792636039,0.22669486582993,-0.0926522473286184,0.00735301881761528,0.0231637741915395,81.6635859811281,0.242692736384026,0.0767497867564494,0.011701053777689,-0.055529033215007,0.711512121119374,-0.227690856658174,-9.98734914460252,0.0499999999999794,-0.0429869122185295,1.24938539551573e-13,0,0,0,0,1,0.673086199299627,0.673086199299627,79.683747566173,17.2887036008811,4.53236989977695
26.43,0.319164044842823,0.021000004050847,0.226940598786229,-0.0980879301793134,0.00736947489117187,0.0237208669500844,81.6684375955245,0.242707027816508,0.0767462236352957,0.0117429234703869,-0.0555548866133762,0.711418499232137,-0.225124441505534,-9.98826342799989,0.0499999999999794,-0.0429869122185295,1.24938539551573e-13,0,0,0,0,1,0.673086199299627,0.673086199299627,79.6821493941798,17.3183380837688,4.53474731754391
26.44,0.318161950384449,0.0209948634666455,0.227191685542282,-0.103357968969294,0.00738333529196097,0.0242800678511932,81.6732906594128,0.242721323475655,0.0767437228956545,0.0117743183318581,-0.0555803773473274,0.711340140945405,-0.222351723945305,-9.98928323510636,0.0499999999999794,-0.0429869122185295,1.24938539551573e-13,0,0,0,0,1,0.673086199299627,0.673086199299627,79.6805574316178,17.3479087802279,4.53709548901944
26.45,0.317108082201571,0.0209883521710301,0.227448134651452,-0.108465406308943,0.00739456595651893,0.0248400102696132,81.6781451491226,0.242735623291949,0.0767422378144342,0.0117953143412721,-0.0556054829299549,0.71127606056396,-0.21938187692783,-9.99040370189091,0.0499999999999794,-0.0429869122185295,1.24938539551573e-13,0,0,0,0,1,0.673086199299627,0.673086199299627,79.6789724211164,17.3774129950092,4.5394125740007
26.46,0.31600405033829,0.0209804691541344,0.227709942143447,-0.113413343960233,0.00740314323525885,0.0253993866576273,81.6830010355628,0.242749927179813,0.0767417199316102,0.0118059990101036,-0.0556301817377384,0.711225279160314,-0.216224068638691,-9.99161979860918,0.0499999999999794,-0.0429869122185295,1.24938539551573e-13,0,0,0,0,1,0.673086199299627,0.673086199299627,79.6773950900768,17.4068480775405,4.54169680196509
26.47,0.314851433312084,0.0209712175678791,0.227977092099605,-0.118204928849799,0.00740905363768212,0.0259569493785526,81.6878582845248,0.24276423503851,0.0767421193196857,0.0118064707359212,-0.0556544530182446,0.71118682796437,-0.212887433484623,-9.9929263572974,0.0499999999999794,-0.0429869122185295,1.24938539551573e-13,0,0,0,0,1,0.673086199299627,0.673086199299627,79.6758261515351,17.4362114186503,4.54394647273448
26.48,0.31365177773862,0.0209606045513319,0.228249557232213,-0.122843340803315,0.00741229354364328,0.0265115111658071,81.6927168569896,0.242778546753055,0.0767433848436786,0.0117968381620087,-0.0556782768958415,0.711159751467111,-0.209381045520357,-9.99431809824539,0.0499999999999794,-0.0429869122185295,1.24938539551573e-13,0,0,0,0,1,0.673086199299627,0.673086199299627,79.674266304971,17.465500447637,4.54615995697793
26.49,0.312406598071722,0.0209486410513377,0.228527299464667,-0.127331781787662,0.0074128688846212,0.0270619452502793,81.6975767094389,0.242792862195134,0.076745464411107,0.0117772195448509,-0.0557016343754822,0.711143110230056,-0.205713894250228,-9.99578965540052,0.0499999999999794,-0.0429869122185295,1.24938539551573e-13,0,0,0,0,1,0.673086199299627,0.673086199299627,79.672716237062,17.4947126296684,4.54833569655722
26.5,0.311117376444283,0.0209353416398542,0.228810270509657,-0.131673466474586,0.00741079479878236,0.0276071851949184,81.7024377941654,0.242807181224032,0.0767483052115378,0.0117477421312718,-0.0557245073446078,0.711135983398791,-0.201894862723251,-9.99733560066362,0.0499999999999794,-0.0429869122185295,1.24938539551573e-13,0,0,0,0,1,0.673086199299627,0.673086199299627,79.6711766223846,17.5238454634916,4.55047220471945
26.51,0.309785562597682,0.0209207243292817,0.22909841244293,-0.135871613963177,0.00740609526344602,0.0281462244719586,81.7073000595836,0.242821503687547,0.0767518539453521,0.0117085415467888,-0.0557468785732287,0.711137470924132,-0.197932707828945,-9.99895046704618,0.0499999999999794,-0.0429869122185295,1.24938539551573e-13,0,0,0,0,1,0.673086199299627,0.673086199299627,79.6696481240641,17.5528964794363,4.55256806614092
26.52,0.308412573888759,0.0209048103869331,0.229391658270472,-0.139929440519241,0.00739880270837905,0.0286781158149643,81.7121634505376,0.242835829422903,0.0767560570414557,0.0116597611965372,-0.0557687317122356,0.711146695498795,-0.193836042693072,-10.0006287706651,0.0499999999999794,-0.0429869122185295,1.24938539551573e-13,0,0,0,0,1,0.673086199299627,0.673086199299627,79.6681313943726,17.5818632376925,4.55462193682669
26.53,0.306999795364759,0.0208876241496683,0.229689932487243,-0.143850153207633,0.00738895761316193,0.0292019703749322,81.7170279086038,0.242850158257656,0.0767608608637418,0.0116015516799305,-0.0557900512900018,0.71116280422078,-0.189613321066922,-10.0023650315598,0.0499999999999794,-0.0429869122185295,1.24938539551573e-13,0,0,0,0,1,0.673086199299627,0.673086199299627,79.6666270752799,17.6107433268431,4.55663254387058
26.54,0.305548579897813,0.0208691928395934,0.229993151625877,-0.147636944309402,0.00737660809167879,0.0297169567069639,81.7218933723887,0.242864490010566,0.0767662119061795,0.0115340702200487,-0.0558108227073342,0.71118496999721,-0.185272823600485,-10.0041537933207,0.0499999999999794,-0.0429869122185295,1.24938539551573e-13,0,0,0,0,1,0.673086199299627,0.673086199299627,79.6651357989551,17.6395343626328,4.55859868507997
26.55,0.304060248371531,0.020849546381618,0.230301224793953,-0.151292986429295,0.00736180946659568,0.0302222996115375,81.7267597778189,0.242878824492465,0.0767720569764638,0.0114574801085856,-0.0558310322308362,0.711212392704176,-0.180822645888378,-10.0059896415284,0.0499999999999794,-0.0429869122185295,1.24938539551573e-13,0,0,0,0,1,0.673086199299627,0.673086199299627,79.6636581882244,17.6682339869557,4.56051922847073
26.56,0.302536089913196,0.0208287172235622,0.23061405419869,-0.154821428211172,0.00734462383650308,0.0307172788521188,81.7316270584216,0.242893161507085,0.0767783433682223,0.0113719501670421,-0.055850666984747,0.711244300119375,-0.176270688177375,-10.0078672210025,0.0499999999999794,-0.0429869122185295,1.24938539551573e-13,0,0,0,0,1,0.673086199299627,0.673086199299627,79.6621948569839,17.6968398670421,4.56239311163712
26.57,0.300977362165789,0.0208067401594134,0.230931535658088,-0.158225390589292,0.00732511963821276,0.0312012277687589,81.7364951455962,0.242907500851864,0.0767850190218261,0.0112776542247217,-0.0558697149413233,0.711279948645021,-0.171624646625588,-10.0097812518704,0.0499999999999794,-0.0429869122185295,1.24938539551573e-13,0,0,0,0,1,0.673086199299627,0.673086199299627,79.6607464105714,17.7253496948276,4.56421934100218
26.58,0.299385291594785,0.0207836521562454,0.23125355909771,-0.161507963512555,0.00730337120651678,0.0316735318054073,81.7413639688744,0.242921842318716,0.0767920326738989,0.0111747706139622,-0.0558881649098336,0.711318623838786,-0.166892006005492,-10.0117265444665,0.0499999999999794,-0.0429869122185295,1.24938539551573e-13,0,0,0,0,1,0.673086199299627,0.673086199299627,79.6593134460983,17.7537611864884,4.56599699095398
26.59,0.297761073825235,0.0207594921852377,0.231580009032454,-0.164672203086693,0.00727945833353759,0.0321336269669107,81.7462334561684,0.24293618569477,0.0767993339956627,0.0110634816829296,-0.0559060065242339,0.711359640770446,-0.162080033745866,-10.0136980130789,0.0499999999999794,-0.0429869122185295,1.24938539551573e-13,0,0,0,0,1,0.673086199299627,0.673086199299627,79.6578965527433,17.7820720821243,4.56772520287344
26.6,0.296105874005167,0.02073430105716,0.231910765032816,-0.167721129086326,0.00725346582962503,0.0325809982200597,81.7511035340066,0.242950530763066,0.0768068737202976,0.0109439733262038,-0.0559232302296002,0.711402344221578,-0.157195775211217,-10.015690688563,0.0499999999999794,-0.0429869122185295,1.24938539551573e-13,0,0,0,0,1,0.673086199299627,0.673086199299627,79.6564963120111,17.8102801455768,4.56940318405971
26.61,0.294420827191813,0.0207081212626242,0.232245702175231,-0.170657722794811,0.00722548308758777,0.0330151778515744,81.7559741277563,0.242964877303214,0.0768146037595274,0.0108164345332942,-0.0559398272673878,0.711446108744997,-0.152246050121101,-10.0176997298468,0.0499999999999794,-0.0429869122185295,1.24938539551573e-13,0,0,0,0,1,0.673086199299627,0.673086199299627,79.6551132979572,17.8383831643646,4.57103020655875
26.62,0.292707038757538,0.0206809968173454,0.232584691476238,-0.173484925135045,0.00719560365188483,0.0334357437945744,81.7608451618329,0.242979225092016,0.0768224773096719,0.0106810569551458,-0.0559557896595968,0.711490338599936,-0.147237450016009,-10.0197204343528,0.0499999999999794,-0.0429869122185295,1.24938539551573e-13,0,0,0,0,1,0.673086199299627,0.673086199299627,79.6537480773813,17.8663789497246,4.5726056059015
26.63,0.290965584812854,0.0206529731354805,0.232927600317132,-0.176205635060083,0.00716393898406138,0.033842317934635,81.7657165598894,0.242993573904028,0.0768304489706938,0.010538034488619,-0.0559711101913185,0.711534466881329,-0.142176336674365,-10.0217482782908,0.0499999999999794,-0.0429869122185295,1.24938539551573e-13,0,0,0,0,1,0.673086199299627,0.673086199299627,79.6524012099855,17.8942653367582,4.57412877970843
26.64,0.289197512648033,0.0206240975811558,0.233274293052739,-0.178822708206512,0.00713072916938027,0.0342345644275606,81.7705882448227,0.243007923511574,0.0768384755367594,0.0103875628783287,-0.0559857823725929,0.71157795726183,-0.137068841200059,-10.0237792215805,0.0499999999999794,-0.0429869122185295,1.24938539551573e-13,0,0,0,0,1,0.673086199299627,0.673086199299627,79.6510732483221,17.92204018511,4.57559918459429
26.65,0.287403841184305,0.0205944196210919,0.233624631477919,-0.18133895573185,0.00709611159708042,0.03461218800196,81.7754601388279,0.24302227368491,0.0768465163537736,0.0102298393345059,-0.0559998003994145,0.711620324415669,-0.131920863961764,-10.0258092806907,0.0499999999999794,-0.0429869122185295,1.24938539551573e-13,0,0,0,0,1,0.673086199299627,0.673086199299627,79.6497647377785,17.9497013797157,4.57701633300499
26.66,0.285585561427608,0.0205639896913154,0.23397847489336,-0.183757143273281,0.00706018378987377,0.0349749322190117,81.7803321637693,0.243036624193321,0.0768545323614143,0.0100650621696338,-0.0560131591533657,0.711661114383343,-0.126738075648378,-10.027834555411,0.0499999999999794,-0.0429869122185295,1.24938539551573e-13,0,0,0,0,1,0.673086199299627,0.673086199299627,79.6484762168985,17.9772468306908,4.57837979322513
26.67,0.283743636936742,0.0205328589800354,0.234335680431153,-0.186079990116475,0.00702304520810625,0.0353225777713367,81.7852042413431,0.243050974805604,0.076862486061181,0.00989343045356292,-0.0560258541847099,0.711699899747896,-0.121525918755934,-10.0298513097394,0.0499999999999794,-0.0429869122185295,1.24938539551573e-13,0,0,0,0,1,0.673086199299627,0.673086199299627,79.647208217477,18.0046744736242,4.57968918802334
26.68,0.281879004299124,0.0205010793037338,0.234696103390661,-0.188310168516467,0.00698479690371612,0.0356549408002074,81.7900762932067,0.243065325290453,0.076870341565331,0.00971514368579026,-0.0560378816928807,0.711736279097025,-0.116289609632632,-10.0318559765135,0.0499999999999794,-0.0429869122185295,1.24938539551573e-13,0,0,0,0,1,0.673086199299627,0.673086199299627,79.6459612646147,18.0319822699536,4.58094419308263
26.69,0.279992573612178,0.0204687029890277,0.235059597558573,-0.190450303151403,0.00694554118555808,0.0359718712330761,81.7949482410948,0.2430796754168,0.0768780646378311,0.00953040148457248,-0.0560492385064055,0.711769876448885,-0.111034141043054,-10.0338451612277,0.0499999999999794,-0.0429869122185295,1.24938539551573e-13,0,0,0,0,1,0.673086199299627,0.673086199299627,79.6447358767554,18.0591682073706,4.58214453538334
26.7,0.278085228969125,0.0204357827602449,0.235426015513376,-0.192502970695971,0.00690538129663852,0.036273251145699,81.799820006924,0.243094024954126,0.076885622727679,0.00933940329253995,-0.0560599220623355,0.711800340649363,-0.105764285193698,-10.0358156450726,0.0499999999999794,-0.0429869122185295,1.24938539551573e-13,0,0,0,0,1,0.673086199299627,0.673086199299627,79.643532565708,18.0862303002471,4.58328999154455
26.71,0.276157828948012,0.0204023716326332,0.235795208914538,-0.194470699502814,0.006864421103714,0.0365589931525483,81.8046915128838,0.243108373672728,0.0768929849949564,0.00914234809845596,-0.056069930385252,0.711827344747671,-0.100484597165984,-10.0377643872361,0.0499999999999794,-0.0429869122185295,1.24938539551573e-13,0,0,0,0,1,0.673086199299627,0.673086199299627,79.6423518366549,18.1131665900756,4.58438038612962
26.72,0.274211207102977,0.0203685228111087,0.23616702877669,-0.196355969381606,0.00682276479961834,0.0368290388286808,81.8095626815176,0.243122721343962,0.0769001223299764,0.00893943417474315,-0.0560792620659147,0.71185058535624,-0.0951994187067361,-10.0396885265034,0.0499999999999794,-0.0429869122185295,1.24938539551573e-13,0,0,0,0,1,0.673086199299627,0.673086199299627,79.6411941881486,18.1399751459169,4.5854155899213
26.73,0.272246172456824,0.0203342895944286,0.236541325729158,-0.198161211466532,0.00678051661860259,0.0370833571657538,81.8144334357921,0.243137067740444,0.0769070073658888,0.0087308588303815,-0.0560879162396214,0.71186978200008,-0.0899128823298597,-10.0415853821932,0.0499999999999794,-0.0429869122185295,1.24938539551573e-13,0,0,0,0,1,0.673086199299627,0.673086199299627,79.6400601120982,18.16665406485,4.58639551817207
26.74,0.270263509994063,0.0202997252846675,0.236917950261189,-0.199888808163995,0.00673778056489737,0.0373219430644473,81.8193036991559,0.243151412636225,0.0769136144851051,0.00851681817876764,-0.0560958925643414,0.711884676460018,-0.0846289156864012,-10.0434524544688,0.0499999999999794,-0.0429869122185295,1.24938539551573e-13,0,0,0,0,1,0.673086199299627,0.673086199299627,79.6389500937469,18.1932014724177,4.5873201288347
26.75,0.268263981153676,0.0202648831018589,0.237296752953233,-0.201541093173188,0.00669466015463765,0.0375448158651642,81.8241733955895,0.24316575580694,0.0769199198199043,0.00829750692011351,-0.0561031911986848,0.711895032113576,-0.0793512461635488,-10.0452874240612,0.0499999999999794,-0.0429869122185295,1.24938539551573e-13,0,0,0,0,1,0.673086199299627,0.673086199299627,79.6378646116424,18.2196155230638,4.58818942077849
26.76,0.2662483243209,0.0202298161036613,0.237677584694685,-0.203120351572948,0.00665125817122597,0.0377520179185285,81.8290424496449,0.24318009702992,0.0769259012475737,0.00807311813795319,-0.0561098127797704,0.711900633276582,-0.0740834056762465,-10.0470881514415,0.0499999999999794,-0.0429869122185295,1.24938539551573e-13,0,0,0,0,1,0.673086199299627,0.673086199299627,79.636804137601,18.2458944005573,4.58900343199578
26.77,0.264217255317442,0.0201945771098956,0.238060296888466,-0.204628819968999,0.00660767643415176,0.0379436131968851,81.8339107864778,0.243194436084291,0.0769315383804373,0.00784384310931979,-0.0561157584010469,0.711901284548106,-0.0688287356180834,-10.048852675478,0.0499999999999794,-0.0429869122185295,1.24938539551573e-13,0,0,0,0,1,0.673086199299627,0.673086199299627,79.6357691366682,18.2720363184,4.58976223780382
26.78,0.262171467889515,0.0201592186318002,0.238444741642851,-0.206068686696231,0.00656401558123072,0.0381196859477222,81.8387783318712,0.243208772751041,0.0769368125511158,0.00760987112814993,-0.0561210295901265,0.711896810160779,-0.0635903919409062,-10.0505792116156,0.0499999999999794,-0.0429869122185295,1.24938539551573e-13,0,0,0,0,1,0.673086199299627,0.673086199299627,79.6347600670742,18.2980395202141,4.59046594904641
26.79,0.260111634193225,0.020123792805841,0.238830771950951,-0.207442092071212,0.00652037486417939,0.038280339389683,81.843645012252,0.243223106813068,0.0769417067933558,0.00737138934147017,-0.0561256282866803,0.711887053338151,-0.0583713503352268,-10.0522661496104,0.0499999999999794,-0.0429869122185295,1.24938539551573e-13,0,0,0,0,1,0.673086199299627,0.673086199299627,79.6337773801891,18.323902280106,4.59111471029959
26.8,0.25803840527681,0.0200883513319163,0.239218241858275,-0.208751128690558,0.00647685195739602,0.0384256944516055,81.8485107547009,0.243237438055212,0.0769462058187589,0.00712858259791899,-0.0561295568204501,0.711871875660338,-0.053174411485955,-10.0539120508557,0.0499999999999794,-0.0429869122185295,1.24938539551573e-13,0,0,0,0,1,0.673086199299627,0.673086199299627,79.6328215204749,18.3496229030057,4.59170869808588
26.81,0.255952411559328,0.0200529454157902,0.239607006618763,-0.20999784177118,0.00643354277977903,0.038555888554826,81.8533754869567,0.24325176626426,0.0769502959897327,0.00688163330815846,-0.0561328178894213,0.711851156438875,-0.0480022063802866,-10.055515645331,0.0499999999999794,-0.0429869122185295,1.24938539551573e-13,0,0,0,0,1,0.673086199299627,0.673086199299627,79.6318929254388,18.375199724977,4.59224811910066
26.82,0.25385426330539,0.020017625715589,0.239996922839732,-0.211184229528795,0.00639054132937855,0.0386710744388031,81.8582391374141,0.243266091228946,0.0769539652889745,0.00663072131673127,-0.0561354145382047,0.71182479210146,-0.0428572016467238,-10.0570758282073,0.0499999999999794,-0.0429869122185295,1.24938539551573e-13,0,0,0,0,1,0.673086199299627,0.673086199299627,79.6309920255861,18.4006311134995,4.59273320845469
26.83,0.251744551095602,0.019982442292198,0.240387848616123,-0.212312243591361,0.00634793953064499,0.0387714190299554,81.8631016351182,0.243280412739931,0.0769572032857919,0.00637602378492236,-0.0561373501366682,0.711792695586962,-0.0377417049061929,-10.0585916561393,0.0499999999999794,-0.0429869122185295,1.24938539551573e-13,0,0,0,0,1,0.673086199299627,0.673086199299627,79.6301192443751,18.4259154677184,4.5931642279362
26.84,0.249623846292386,0.0199474445633921,0.240779643654489,-0.213383789444399,0.00630582709401038,0.0388571023534689,81.8679629097529,0.243294730589764,0.0769600010995535,0.00611771508418836,-0.0561386283588602,0.711754795750937,-0.032657870118101,-10.060062343275,0.0499999999999794,-0.0429869122185295,1.24938539551573e-13,0,0,0,0,1,0.673086199299627,0.673086199299627,79.6292749981736,18.4510512186628,4.59354146429588
26.85,0.247492701500893,0.0199126812615389,0.241172169387095,-0.214400726905396,0.00626429138751364,0.0389283164877007,81.8728228916271,0.243309044572847,0.0769623513605506,0.00585596669972314,-0.0561392531622608,0.711711036781683,-0.0276077029058837,-10.061487257012,0.0499999999999794,-0.0429869122185295,1.24938539551573e-13,0,0,0,0,1,0.673086199299627,0.673086199299627,79.6284596962186,18.47603682943,4.59386522755796
26.86,0.245351651024747,0.0198782003947154,0.241565289076576,-0.215364870624684,0.00622341732015951,0.0389852645607005,81.8776815116562,0.243323354485376,0.076964248168543,0.00559094714373412,-0.0561392287673963,0.711661377626765,-0.0225930658482099,-10.0628659135276,0.0499999999999794,-0.0429869122185295,1.24938539551573e-13,0,0,0,0,1,0.673086199299627,0.673086199299627,79.6276737405789,18.5008707953372,4.59413584936002
26.87,0.243201211316377,0.0198440492110785,0.241958867911507,-0.216277990610393,0.0061832872366827,0.0390281597882728,81.8825387013423,0.243337660125279,0.0769656870492498,0.00532282187801045,-0.0561385596378496,0.711605791429838,-0.0176156837234776,-10.0641979731108,0.0499999999999794,-0.0429869122185295,1.24938539551573e-13,0,0,0,0,1,0.673086199299627,0.673086199299627,79.6269175261219,18.5255516440375,4.59435368132459
26.88,0.241041881421728,0.019810274166337,0.242352773093306,-0.217141812775267,0.0061439808233731,0.0390572245529214,81.88739439275,0.243351961292151,0.076966664909034,0.00505175324537175,-0.0561372504606951,0.711544264977512,-0.0126771486966241,-10.0654832353198,0.0499999999999794,-0.0429869122185295,1.24938539551573e-13,0,0,0,0,1,0.673086199299627,0.673086199299627,79.6261914404843,18.5500779356024,4.59451909346461
26.89,0.238874143419156,0.0197769208941741,0.242746873914843,-0.217958019503233,0.00610557502460517,0.0390726895229475,81.8922485184825,0.243366257787172,0.0769671799880224,0.00477790040959408,-0.0561353061273862,0.711476798155939,-0.00777892543851885,-10.0667216339924,0.0499999999999794,-0.0429869122185295,1.24938539551573e-13,0,0,0,0,1,0.673086199299627,0.673086199299627,79.625495864048,18.5744482625698,4.59463247262525
26.9,0.236698462852324,0.0197440341794732,0.243141041831122,-0.218728250233814,0.00606814396970403,0.0390747928109092,81.8971010116542,0.243380549413035,0.0769672318118855,0.00450141930341825,-0.0561327317151193,0.711403403416813,-0.00292235616938779,-10.067913232129,0.0499999999999794,-0.0429869122185295,1.24938539551573e-13,0,0,0,0,1,0.673086199299627,0.673086199299627,79.62483116992,18.5986612499572,4.59469422096404
26.91,0.234515289156958,0.0197116579342043,0.243535150522422,-0.21945410206256,0.0060317589097727,0.0390637791706024,81.9019518058629,0.243394835973859,0.0769668211424969,0.00422246258425443,-0.0561295324686973,0.711324105252403,0.0018913343812128,-10.069058216674,0.0499999999999794,-0.0429869122185295,1.24938539551573e-13,0,0,0,0,1,0.673086199299627,0.673086199299627,79.6241977239187,18.6227155552414,4.59470475447124
26.92,0.232325056081316,0.0196798351758325,0.243929075950237,-0.220137130355805,0.00599648816409885,0.0390398992316771,81.9068008351616,0.243409117275101,0.0769659499276776,0.00394117959720629,-0.0561257137829111,0.711238939679257,0.00666103410437463,-10.0701568932138,0.0499999999999794,-0.0429869122185295,1.24938539551573e-13,0,0,0,0,1,0.673086199299627,0.673086199299627,79.6235958845645,18.6466098683047,4.59466450153196
26.93,0.230128182100252,0.0196486080081153,0.244322696406374,-0.220778849378146,0.00596239707575495,0.0390034087709698,81.9116480340285,0.243423393123474,0.0769646212502183,0.00365771634504725,-0.0561212811854581,0.711147953730248,0.0113857387373522,-10.0712096806122,0.0499999999999794,-0.0429869122185295,1.24938539551573e-13,0,0,0,0,1,0.673086199299627,0.673086199299627,79.6230260030766,18.6703429113479,4.59457390153165
26.94,0.227925070822763,0.0196180176041582,0.244715892555555,-0.221380732931172,0.00592954797600366,0.0389545680196049,81.9164933373379,0.243437663326855,0.0769628392763673,0.00337221546479137,-0.056116240320412,0.711051204954598,0.0160645471893786,-10.0722171056027,0.0499999999999794,-0.0429869122185295,1.24938539551573e-13,0,0,0,0,1,0.673086199299627,0.673086199299627,79.6224884233756,18.6939134387718,4.59443340350614
26.95,0.22571611139293,0.019588104191604,0.245108547471838,-0.221944215002009,0.0058980001571191,0.0388936410048933,81.9213366803302,0.243451927694195,0.076960609203955,0.00308481621051091,-0.0561105969322571,0.710948760925598,0.0206966569717864,-10.0731797973541,0.0499999999999794,-0.0429869122185295,1.24938539551573e-13,0,0,0,0,1,0.673086199299627,0.673086199299627,79.6219834820912,18.717320237027,4.59424346483739
26.96,0.223501678884181,0.0195589070398359,0.245500546669193,-0.222470690420367,0.0058678098532354,0.0388208949260443,81.9261779985826,0.243466186035437,0.0769579372103201,0.002795654442063,-0.0561043568504981,0.710840698755722,0.0252813597357363,-10.0740984820266,0.0499999999999794,-0.0429869122185295,1.24938539551573e-13,0,0,0,0,1,0.673086199299627,0.673086199299627,79.6215115085761,18.7405621244331,4.59400454999586
26.97,0.22128213468679,0.019530464449079,0.245891778126546,-0.222961515522842,0.00583903022883581,0.0387365995626909,81.9310172279798,0.243480438161425,0.0769548304001895,0.00250486261939764,-0.0560975259748553,0.71072710461889,0.0298180369202339,-10.0749739773333,0.0499999999999794,-0.0429869122185295,1.24938539551573e-13,0,0,0,0,1,0.673086199299627,0.673086199299627,79.621072824926,18.7636379509694,4.59371712933023
26.98,0.219057826888581,0.0195028137412878,0.246282132307572,-0.223418008823292,0.00581171137449874,0.0386410267152263,81.9358543046859,0.243494683883817,0.0769512967536565,0.00221256980212948,-0.0560901102610504,0.71060807327969,0.0343061555125361,-10.0758071871232,0.0499999999999794,-0.0429869122185295,1.24938539551573e-13,0,0,0,0,1,0.673086199299627,0.673086199299627,79.6206677460043,18.7865465980364,4.59338167790519
26.99,0.216829090648772,0.0194759912527162,0.246671502175566,-0.223841451688157,0.00578590030952139,0.0385344496759422,81.9406891651164,0.24350892301501,0.076947345074391,0.00191890165406597,-0.0560821157071906,0.71048370762937,0.0387452639225161,-10.0765990959961,0.0499999999999794,-0.0429869122185295,1.24938539551573e-13,0,0,0,0,1,0.673086199299627,0.673086199299627,79.6202965794738,18.8092869781909,4.59299867438764
27,0.214596646211081,0.0194500263061195,0.247059810822075,-0.224075517480854,0.00576166149201794,0.0384283399159599,81.9455232864804,0.243523159946255,0.0769429843309129,0.00162407849776826,-0.0560735687815165,0.710805952233001,0.0454610375622509,-10.0773162912521,-2.05850974727246e-14,-0.0429869122185295,1.24938539551573e-13,0,0,0,0,1,0.673086199299627,0.673086199299627,79.6199592679469,18.8318658227432,4.59257035871804
27.01,0.212365379565017,0.0194248853974916,0.247447271909468,-0.223539208853842,0.00573929001326141,0.0383637264877289,81.9503623768745,0.243537411641866,0.0769382195979665,0.00132861008600589,-0.0560645516721439,0.711500451147047,0.0540770162348985,-10.0779670497318,-2.05850974727246e-14,-0.0429869122185295,1.24938539551573e-13,0,0,0,0,1,0.673086199299627,0.673086199299627,79.6196546916276,18.8543115354505,4.59210376746922
27.02,0.210143580485078,0.019400488911866,0.247834327867824,-0.222199994289989,0.00571927864280344,0.0383416053508632,81.9552069066869,0.24355167950075,0.0769330591232556,0.00103272062402409,-0.0560550782056303,0.712088155442197,0.0621498950325618,-10.078590269145,-2.05850974727246e-14,-0.0429869122185295,1.24938539551573e-13,0,0,0,0,1,0.673086199299627,0.673086199299627,79.6193827083816,18.8766269556409,4.59160005136588
27.03,0.207938669136105,0.0193767774260621,0.248221348335234,-0.220178409425166,0.00570206220064926,0.0383520121466681,81.9600558343527,0.243565960428648,0.0769275221179147,0.000736560977611057,-0.0560451448135249,0.712581335829462,0.069760073344105,-10.0791876325386,-2.05850974727246e-14,-0.0429869122185295,1.24938539551573e-13,0,0,0,0,1,0.673086199299627,0.673086199299627,79.6191432869934,18.8988082487157,4.59105885321673
27.04,0.20575693709643,0.0193537144242094,0.248608612405957,-0.217579617342502,0.0056879995194848,0.0383861806855119,81.9649082349364,0.243580251677907,0.076921637423167,0.000440305379197098,-0.0560347515037998,0.712991014971687,0.0769724753969727,-10.0797618150109,-2.05850974727246e-14,-0.0429869122185295,1.24938539551573e-13,0,0,0,0,1,0.673086199299627,0.673086199299627,79.6189361762422,18.920852952201,4.59048011499903
27.05,0.203603691512058,0.0193312828502527,0.248996319486162,-0.214495326088716,0.00567738170029584,0.0384364307737457,81.9697632862691,0.243594550806276,0.0769154416795847,0.000144148149312167,-0.0560239010093608,0.713327098792448,0.08383909582054,-10.0803162937035,-2.05850974727246e-14,-0.0429869122185295,1.24938539551573e-13,0,0,0,0,1,0.673086199299627,0.673086199299627,79.6187609487423,18.9427597405141,4.58986400748142
27.06,0.201483381267892,0.0193094816725936,0.249384599074777,-0.211005468185633,0.00567024651607297,0.0384960653731004,81.9746202568444,0.243608855640929,0.0769089773894502,-0.000151699441859978,-0.0560125980863683,0.713598502475534,0.0904011758115845,-10.0808547578526,-2.05850974727246e-14,-0.0429869122185295,1.24938539551573e-13,0,0,0,0,1,0.673086199299627,0.673086199299627,79.61861703805,18.9645282243674,4.58921087218173
27.07,0.199399707386998,0.0192883170340493,0.249773518459692,-0.207179671255821,0.0056657850517455,0.0385592761346672,81.9794784966346,0.24362316425117,0.0769022854977777,-0.000447012146430445,-0.0560008491086487,0.713813212011936,0.0966910578194325,-10.0813791254496,-2.05850974727246e-14,-0.0429869122185295,1.24938539551573e-13,0,0,0,0,1,0.673086199299627,0.673086199299627,79.61850377121,18.986158777488,4.58852118770344
27.08,0.197355719663041,0.0192678002821259,0.250163090950584,-0.203078546250447,0.00566397942586838,0.0386210571312785,81.984337427885,0.243637474921069,0.0768954047642599,-0.000741553526256723,-0.0559886616657391,0.713978267597446,0.10273376608837,-10.081892764969,-2.05850974727246e-14,-0.0429869122185295,1.24938539551573e-13,0,0,0,0,1,0.673086199299627,0.673086199299627,79.6184203950232,19.0076523907415,4.58779553635617
27.09,0.195353901232464,0.0192479517660527,0.250553284428641,-0.198754815773171,0.00566494728365601,0.0386771261211523,81.9891965355714,0.243651786121101,0.0768883766759551,-0.00103507857285036,-0.0559760440480204,0.714099980518799,0.108548350815853,-10.0823996795306,-2.05850974727246e-14,-0.0429869122185295,1.24938539551573e-13,0,0,0,0,1,0.673086199299627,0.673086199299627,79.618366096674,19.0290105516844,4.58703456150283
27.1,0.193396242545648,0.0192287993059694,0.2509440280233,-0.194254301723703,0.00566876982269553,0.0387238523090245,81.994055360052,0.243666096486311,0.076881244895918,-0.00132733614754648,-0.0559630049106802,0.714184025482501,0.114149024949231,-10.082904094374,-2.05850974727246e-14,-0.0429869122185295,1.24938539551573e-13,0,0,0,0,1,0.673086199299627,0.673086199299627,79.618340021764,19.0502351417103,4.58623893965457
27.11,0.19148430607477,0.0192103765575937,0.251335218069071,-0.189616789953186,0.00567549601467689,0.0387581902816381,81.9989134906802,0.243680404797327,0.0768740544931368,-0.00161807123399768,-0.0559495530091157,0.714235506980253,0.119546123735963,-10.0834103772618,-2.05850974727246e-14,-0.0429869122185295,1.24938539551573e-13,0,0,0,0,1,0.673086199299627,0.673086199299627,79.6183412892548,19.0713283495188,4.58540935845834
27.12,0.189619282912782,0.0191927215883233,0.251726723466688,-0.184876787192425,0.00568514639076075,0.038777619638138,82.003770560188,0.243694709963673,0.0768668512774135,-0.00190702700413022,-0.0559356969882667,0.714259018130752,0.124746911904894,-10.0839229698252,-2.05850974727246e-14,-0.0429869122185295,1.24938539551573e-13,0,0,0,0,1,0.673086199299627,0.673086199299627,79.6183690037143,19.0922925986797,4.58454649913564
27.13,0.187802042273609,0.0191758756429582,0.252118390498606,-0.180064183614827,0.00569771644154009,0.0387800898602593,82.0086262397457,0.243709011009086,0.0768596812262573,-0.00219394670095356,-0.0559214452173992,0.714258692734212,0.129756259980549,-10.0844463285173,-2.05850974727246e-14,-0.0429869122185295,1.24938539551573e-13,0,0,0,0,1,0.673086199299627,0.673086199299627,79.6184222652625,19.1131304872594,4.58365102267432
27.14,0.186033174778446,0.0191598820789004,0.252510047144929,-0.175204832746973,0.00571317967617754,0.0387639700023577,82.01348023461,0.24372330705858,0.07685258999265,-0.00247857534327525,-0.0559068056630591,0.714238251249328,0.134577208382843,-10.0849848740132,-2.05850974727246e-14,-0.0429869122185295,1.24938539551573e-13,0,0,0,0,1,0.673086199299627,0.673086199299627,79.6185001775628,19.1338447377515,4.58272355917411
27.15,0.184313030303136,0.019144785452356,0.25290150694226,-0.170321058993392,0.00573149037956325,0.038728002813782,82.0183322802836,0.24373759732704,0.0768456224840528,-0.0027606612586457,-0.0558917857939663,0.714201041370292,0.139211435480029,-10.0855429480545,-2.05850974727246e-14,-0.0429869122185295,1.24938539551573e-13,0,0,0,0,1,0.673086199299627,0.673086199299627,79.6186018541549,19.1544381557886,4.58176469983269
27.16,0.182641751065417,0.0191306307386954,0.253292572424649,-0.165432101773619,0.00575258610125175,0.0386712629360747,82.0231821391212,0.243751881109135,0.0768388225042997,-0.00303995745180511,-0.0558763925125248,0.714150073842352,0.143659643597195,-10.0861247768589,-2.05850974727246e-14,-0.0429869122185295,1.24938539551573e-13,0,0,0,0,1,0.673086199299627,0.673086199299627,79.6187264233838,19.1749135963223,4.58077499113377
27.17,0.181019300546416,0.0191174626716837,0.253683038182797,-0.160554504157106,0.00577638990547751,0.0385931188451696,82.0280295973228,0.243766157770379,0.076832232451105,-0.00331622281658227,-0.0558606321084168,0.714088054108597,0.147921875096012,-10.0867344403324,-2.05850974727246e-14,-0.0429869122185295,1.24938539551573e-13,0,0,0,0,1,0.673086199299627,0.673086199299627,79.6188730321472,19.1952739361363,4.57975493086346
27.18,0.179445488766856,0.0191053251877637,0.254072693574811,-0.155702452905976,0.00580281240767295,0.0384931982343396,82.0328744622631,0.243780426739205,0.0768258930628298,-0.00358922319964906,-0.0558445102304212,0.714017410330045,0.151997768998552,-10.0873758464094,-2.05850974727246e-14,-0.0429869122185295,1.24938539551573e-13,0,0,0,0,1,0.673086199299627,0.673086199299627,79.6190408486509,19.2155220517148,4.57870496563694
27.19,0.177919994373653,0.0190942609629456,0.25446132511927,-0.150888075980073,0.00583175361956627,0.0383713565572715,82.0377165601163,0.243794687499898,0.0768198432089335,-0.00385873232480366,-0.0558280318731842,0.713940318267647,0.155886767198045,-10.0880527099347,-2.05850974727246e-14,-0.0429869122185295,1.24938539551573e-13,0,0,0,0,1,0.673086199299627,0.673086199299627,79.6192290643357,19.2356608016253,4.57762548966549
27.2,0.176442383935802,0.0190843110311265,0.254848718598902,-0.146121702808639,0.00586310462206052,0.038227648472477,82.0425557337357,0.243808939586304,0.0768141197192081,-0.00412453258657403,-0.0558112013761679,0.713858723460651,0.159588278055542,-10.0887685355638,-2.05850974727246e-14,-0.0429869122185295,1.24938539551573e-13,0,0,0,0,1,0.673086199299627,0.673086199299627,79.6194368951186,19.2556930126922,4.57651684453515
27.21,0.175012128798739,0.0190755144738281,0.255234660900976,-0.141412091975254,0.0058967490826334,0.0380623019504108,82.0473918407598,0.243823182576197,0.0768087572474606,-0.00438641572192881,-0.0557940224324329,0.713774361082559,0.163101804099964,-10.0895266042256,-2.05850974727246e-14,-0.0429869122185295,1.24938539551573e-13,0,0,0,0,1,0.673086199299627,0.673086199299627,79.6196635820683,19.2756214693418,4.57537931980356
27.22,0.173628619802775,0.0190679081724092,0.25561894161846,-0.136766630386063,0.00593256463189453,0.0378756948232946,82.0522247519145,0.243837416086236,0.0768037881658062,-0.00464418336877968,-0.0557764981052757,0.713688773805202,0.166427039609326,-10.090329962739,-2.05850974727246e-14,-0.0429869122185295,1.24938539551573e-13,0,0,0,0,1,0.673086199299627,0.673086199299627,79.6199083916207,19.2954489055861,4.57421315425172
27.23,0.172291180133053,0.0190615266147754,0.256001354434054,-0.132191507485846,0.00597042411214379,0.0376683335748518,82.0570543494914,0.243851639767448,0.0767992424861554,-0.0048976475197781,-0.0557586308510541,0.713603327954186,0.169563943035095,-10.0911814162233,-2.05850974727246e-14,-0.0429869122185295,1.24938539551573e-13,0,0,0,0,1,0.673086199299627,0.673086199299627,79.6201706154234,19.3151779991938,4.57301853765304
27.24,0.170999076535061,0.0190564017494873,0.256381698307486,-0.127691867643414,0.0060101967092466,0.0374408341830508,82.0618805259808,0.24386585330116,0.0767951478058501,-0.00514663087966621,-0.055740422546801,0.713519228195855,0.172512788523673,-10.0920835229808,-2.05850974727246e-14,-0.0429869122185295,1.24938539551573e-13,0,0,0,0,1,0.673086199299627,0.673086199299627,79.6204495698865,19.3348113676593,4.57179561294422
27.25,0.169751529100431,0.0190525628809627,0.256759778484774,-0.123271943439503,0.0060517489778397,0.0371939048436314,82.0667031828424,0.243880056395356,0.0767915292747224,-0.00539096713415255,-0.0557218745214528,0.713437530957356,0.1752742001753,-10.0930385915662,-2.05850974727246e-14,-0.0429869122185295,1.24938539551573e-13,0,0,0,0,1,0.673086199299627,0.673086199299627,79.6207445955041,19.3543515656422,4.57054447870082
27.26,0.168547719802186,0.0190500366001786,0.257135407346687,-0.118935172249954,0.00609494576877071,0.0369283304157456,82.071522229402,0.24389424878139,0.0767884095811267,-0.00563050113795878,-0.0557029875897096,0.713359156747416,0.177849172149041,-10.0940486797849,-2.05850974727246e-14,-0.0429869122185295,1.24938539551573e-13,0,0,0,0,1,0.673086199299627,0.673086199299627,79.6210550560033,19.3738010835971,4.56926519183652
27.27,0.167386799936085,0.0190488467459216,0.257508405112197,-0.114684298218794,0.00613965106672577,0.0366449584435631,82.0763375818587,0.243908430211043,0.0767858089547459,-0.00586508902933455,-0.0556837620877097,0.713284901516112,0.180239077262432,-10.0951155953922,-2.05850974727246e-14,-0.0429869122185295,1.24938539551573e-13,0,0,0,0,1,0.673086199299627,0.673086199299627,79.6213803373664,19.3931623473582,4.56795777045836
27.28,0.166267896605149,0.0190490143922086,0.257878600411433,-0.110521461454473,0.0061857287451878,0.036344686619251,82.0811491623946,0.243922600453878,0.0767837451841837,-0.00609459827797278,-0.0556641979098388,0.713215447166826,0.182445666336585,-10.0962408982868,-2.05850974727246e-14,-0.0429869122185295,1.24938539551573e-13,0,0,0,0,1,0.673086199299627,0.673086199299627,79.6217198467661,19.4124377184799,4.56662219682177
27.29,0.165190118367198,0.0190505578580129,0.258245830741462,-0.106448276053593,0.0062330432451703,0.0360284515634071,82.0859568983764,0.243936759294865,0.076782233647547,-0.00631890767288285,-0.0556442945461091,0.713151371312602,0.184471060194048,-10.0974259040118,-2.05850974727246e-14,-0.0429869122185295,1.24938539551573e-13,0,0,0,0,1,0.673086199299627,0.673086199299627,79.6220730114474,19.4316294951653,4.5652584203386
27.3,0.164152560150224,0.0190534927358906,0.25860994281706,-0.102465898355926,0.00628146018357133,0.0356972188088846,82.0907607216421,0.243950906532265,0.0767812873543927,-0.0065379072564014,-0.0556240511196466,0.713093156351716,0.18631773592038,-10.0986716883978,-2.05850974727246e-14,-0.0429869122185295,1.24938539551573e-13,0,0,0,0,1,0.673086199299627,0.673086199299627,79.6224392775823,19.4507399136434,4.56386636059994
27.31,0.163154307527234,0.0190578319365091,0.258970792827677,-0.0985750866588251,0.00633084689647256,0.0353519738830384,82.0955605678639,0.243965041975735,0.0767809169975624,-0.00675149821014329,-0.0556034664239062,0.713041197923135,0.187988508745141,-10.0999790931941,-2.05850974727246e-14,-0.0429869122185295,1.24938539551573e-13,0,0,0,0,1,0.673086199299627,0.673086199299627,79.6228181091197,19.4697711498797,4.56244591038196
27.32,0.162194440430707,0.0190635857464445,0.259328246610783,-0.094776253465322,0.00638107292225691,0.0349937143918201,82.1003563759836,0.243979165444652,0.0767811310135646,-0.0069595926983233,-0.0555825389593036,0.712995812791186,0.189486510678393,-10.1013487325532,-2.05850974727246e-14,-0.0429869122185295,1.24938539551573e-13,0,0,0,0,1,0.673086199299627,0.673086199299627,79.6232089866502,19.4887253215219,4.56099693860927
27.33,0.1612720363767,0.0190707618969394,0.259682179750961,-0.0910695112054725,0.00643201042902366,0.0346234430168993,82.1051480877112,0.243993276766628,0.0767819356502853,-0.00716211367351457,-0.0555612669690179,0.71295724619988,0.190815166850177,-10.1027810002433,-2.05850974727246e-14,-0.0429869122185295,1.24938539551573e-13,0,0,0,0,1,0.673086199299627,0.673086199299627,79.6236114062973,19.5076044900031,4.55951929325485
27.34,0.160386173259851,0.0190793656415984,0.260032477613261,-0.0874547122525647,0.00648353459043393,0.034242161344139,82.1099356470852,0.244007375776194,0.0767833350409168,-0.00735899464955591,-0.0555396484737634,0.712925678730387,0.191978170338728,-10.1042760774759,-2.05850974727246e-14,-0.0429869122185295,1.24938539551573e-13,0,0,0,0,1,0.673086199299627,0.673086199299627,79.6240248786488,19.5264106627381,4.55801280416
27.35,0.159535931772815,0.0190893998412541,0.2603790353186,-0.0839314839525524,0.00653552391381277,0.0338508644483539,82.1147190000868,0.244021462313664,0.0767853312830951,-0.00755017944597757,-0.0555176813053746,0.712901232689985,0.192979456134718,-10.1058339412456,-2.05850974727246e-14,-0.0429869122185295,1.24938539551573e-13,0,0,0,0,1,0.673086199299627,0.673086199299627,79.6244489277364,19.5451457953595,4.55647728576111
27.36,0.158720397496923,0.0191008650544641,0.260721757668319,-0.0804992592946946,0.0065878605240622,0.0334505361653663,82.119498094305,0.244035536224133,0.0767879245223265,-0.00773562190798625,-0.0554953631390849,0.712883978056973,0.193823174770653,-10.1074543730911,-2.05850974727246e-14,-0.0429869122185295,1.24938539551573e-13,0,0,0,0,1,0.673086199299627,0.673086199299627,79.6248830900676,19.5638117939524,4.55491253971309
27.37,0.157938662704971,0.0191137596322981,0.261060559024325,-0.077157303772288,0.00664043040669567,0.0330421449879956,82.1242728786479,0.244049597356625,0.0767911130388641,-0.00791528560573521,-0.0554726915244065,0.712873938003245,0.194513666043782,-10.1091369681891,-2.05850974727246e-14,-0.0429869122185295,1.24938539551573e-13,0,0,0,0,1,0.673086199299627,0.673086199299627,79.6253269137178,19.5824105172558,4.5533183574018
27.38,0.157189827911897,0.019128079816252,0.261395363150723,-0.073904738913171,0.00669312361308476,0.0326266405277955,82.1290433030962,0.244063645563355,0.0767948933372753,-0.0080891435163056,-0.0554496639145473,0.712871094014361,0.195055433175261,-10.1108811447078,-2.05850974727246e-14,-0.0429869122185295,1.24938539551573e-13,0,0,0,0,1,0.673086199299627,0.673086199299627,79.6257799574822,19.6009437788029,4.55169452233958
27.39,0.1564730032046,0.0191438198382829,0.26172610302224,-0.0707405628991271,0.0067458344308098,0.0322049504891334,82.1338093184955,0.244077680699116,0.0767992602380052,-0.00825717769154027,-0.0554262776943201,0.712875390625682,0.195453117675804,-10.1126861533476,-2.05850974727246e-14,-0.0429869122185295,1.24938539551573e-13,0,0,0,0,1,0.673086199299627,0.673086199299627,79.6262417900895,19.6194133489845,4.5500408124404
27.4,0.155787309378229,0.0191609720220957,0.2620527206043,-0.0676636686403557,0.00679846152182426,0.031777978106614,82.1385708763831,0.244091702620765,0.0768042069703101,-0.00841937891460185,-0.0554025302065173,0.712886739792324,0.19571147512673,-10.1145510870068,-2.05850974727246e-14,-0.0429869122185295,1.24938539551573e-13,0,0,0,0,1,0.673086199299627,0.673086199299627,79.6267119894795,19.6378209570177,4.54835700217174
27.41,0.155131878902829,0.0191795268849368,0.262375166609117,-0.0646728596248565,0.00685090803097581,0.0313466000009122,82.143327928847,0.244105711186799,0.0768097252659897,-0.00857574634787296,-0.0553784187767402,0.712905024910304,0.195835352033787,-10.116474890514,-2.05850974727246e-14,-0.0429869122185295,1.24938539551573e-13,0,0,0,0,1,0.673086199299627,0.673086199299627,79.6271901421407,19.6561682928135,4.54664286458241
27.42,0.154505856741228,0.0191994732392542,0.262693400231771,-0.0617668638220759,0.00690308166727234,0.0309116644118254,82.1480804284127,0.244119706257026,0.0768158054534045,-0.00872628717457729,-0.0553539407366818,0.712930104505931,0.195829663867908,-10.1184563703759,-2.05850974727246e-14,-0.0429869122185295,1.24938539551573e-13,0,0,0,0,1,0.673086199299627,0.673086199299627,79.6276758425085,19.6744570087344,4.54489817320574
27.43,0.153908401036451,0.0192207982936811,0.26300738886983,-0.0589443458847565,0.00695489476013834,0.0304739897708112,82.1528283279562,0.244133687692299,0.0768224365513138,-0.00887101623627609,-0.0553290934458764,0.712961815610476,0.195699374371057,-10.1204942044936,-2.05850974727246e-14,-0.0429869122185295,1.24938539551573e-13,0,0,0,0,1,0.673086199299627,0.673086199299627,79.628168692422,19.6926887212409,4.54312270383921
27.44,0.153338683684615,0.0192434877528813,0.263317107829752,-0.0562039178619833,0.00700626429277278,0.0300343635784554,82.157571580639,0.244147655354328,0.0768296063621176,-0.00900995566818487,-0.0553038743119329,0.712999976837054,0.195449476175417,-10.1225869518046,-2.05850974727246e-14,-0.0429869122185295,1.24938539551573e-13,0,0,0,0,1,0.673086199299627,0.673086199299627,79.6286683006355,19.710865012424,4.54131623620146
27.45,0.152795890807308,0.0192675259158681,0.263622540022946,-0.0535441486093781,0.00705711191459455,0.0295935415552495,82.1623101398633,0.244161609105544,0.0768373015641287,-0.00914313453405924,-0.0552782808092799,0.713044391176645,0.195084972759651,-10.1247330618136,-2.05850974727246e-14,-0.0429869122185295,1.24938539551573e-13,0,0,0,0,1,0.673086199299627,0.673086199299627,79.6291742823831,19.7289874314265,4.53947855546907
27.46,0.152279223135677,0.0192928957724732,0.263923675654097,-0.0509635720587655,0.00710736393464313,0.0291522470367572,82.1670439592449,0.244175548809019,0.0768455078025417,-0.00927058846221648,-0.0552523104964541,0.713094848530097,0.194610861745807,-10.1269308839779,-2.05850974727246e-14,-0.0429869122185295,1.24938539551573e-13,0,0,0,0,1,0.673086199299627,0.673086199299627,79.6296862589927,19.7470574957538,4.53760945369521
27.47,0.151787896316938,0.0193195790976969,0.264220511904071,-0.0484606944889949,0.00715695129769089,0.0287111705867369,82.1717729926008,0.244189474328431,0.0768542097788038,-0.0093923592840898,-0.0552259610319686,0.713151127992836,0.19403211952428,-10.1291786769173,-2.05850974727246e-14,-0.0429869122185295,1.24938539551573e-13,0,0,0,0,1,0.673086199299627,0.673086199299627,79.6302038575468,19.7650766924787,4.53570873111318
27.48,0.151321141152697,0.0193475565437215,0.264513052609475,-0.0460340009215823,0.00720580954471758,0.0282709698040793,82.1764971939506,0.244203385528064,0.0768633913381278,-0.00950849467655512,-0.055199230188802,0.713212999908827,0.193353687181203,-10.1314746174237,-2.05850974727246e-14,-0.0429869122185295,1.24938539551573e-13,0,0,0,0,1,0.673086199299627,0.673086199299627,79.6307267105859,19.7830464793443,4.53377619732797
27.49,0.150878203777656,0.0193768078479141,0.264801307958743,-0.0436819607525029,0.00725392776369089,0.0278322693022926,82.1812165174995,0.244217282272759,0.0768730356715807,-0.00961904780913865,-0.0551721158643826,0.713280225820825,0.192580457700248,-10.1338169204801,-2.05850974727246e-14,-0.0429869122185295,1.24938539551573e-13,0,0,0,0,1,0.673086199299627,0.673086199299627,79.6312544558288,19.8009682858052,4.53181167213764
27.5,0.150458345787973,0.0194073128616381,0.265085294313182,-0.0414030327331193,0.00730136933306595,0.0273956608457425,82.1859309174203,0.244231164427269,0.0768831263215859,-0.00972407699732634,-0.055144616062424,0.713352571882653,0.191717264440362,-10.136203986824,-2.05850974727246e-14,-0.0429869122185295,1.24938539551573e-13,0,0,0,0,1,0.673086199299627,0.673086199299627,79.6317867357619,19.8188435142803,4.52981498403386
27.51,0.150060844318807,0.0194390510792482,0.265365033801049,-0.0391956693147702,0.00734808442735389,0.0269617036090261,82.1906403479695,0.244245031856597,0.0768936467027283,-0.00982364536260768,-0.0551167289052953,0.71342981592189,0.190768870685977,-10.1386339738867,-2.05850974727246e-14,-0.0429869122185295,1.24938539551573e-13,0,0,0,0,1,0.673086199299627,0.673086199299627,79.6323231975354,19.8366735409772,4.52778597122635
27.52,0.149684992081063,0.019472001187324,0.265640553919114,-0.0370583204782612,0.00739402341954372,0.0265309245536801,82.1953447636385,0.244258884426452,0.0769045796534089,-0.0099178204994396,-0.0550884526550214,0.713511732888284,0.189739960319327,-10.1411049776533,-2.05850974727246e-14,-0.0429869122185295,1.24938539551573e-13,0,0,0,0,1,0.673086199299627,0.673086199299627,79.6328634929027,19.854459716514,4.5257244833778
27.53,0.149330097363714,0.0195061411395777,0.265911887218929,-0.0349894371231048,0.00743914056186359,0.0261038189100999,82.200044119193,0.244272722003361,0.0769159075084835,-0.010006674150155,-0.0550597857222667,0.713598095675074,0.188635129591289,-10.1436150477146,-2.05850974727246e-14,-0.0429869122185295,1.24938539551573e-13,0,0,0,0,1,0.673086199299627,0.673086199299627,79.6334072780907,19.8722033665849,4.52363038234694
27.54,0.14899548400441,0.0195414482290319,0.26617907099803,-0.0329874740549325,0.00748339390172555,0.0256808507472994,82.2047383697163,0.2442865444548,0.0769276121693107,-0.010090281888409,-0.0550307266742519,0.71368867607683,0.187458879897126,-10.1461621944571,-2.05850974727246e-14,-0.0429869122185295,1.24938539551573e-13,0,0,0,0,1,0.673086199299627,0.673086199299627,79.6339542136944,19.8899057925568,4.52150354284455
27.55,0.148680491332169,0.0195778991574569,0.266442146996912,-0.0310508926188041,0.00752674519123449,0.025262453618021,82.2094274706558,0.24430035164933,0.0769396751711373,-0.0101687228115968,-0.0550012742416532,0.713783245623285,0.186215611497954,-10.148744395971,-2.05850974727246e-14,-0.0429869122185295,1.24938539551573e-13,0,0,0,0,1,0.673086199299627,0.673086199299627,79.634503964593,19.907568272005,4.51934385300625
27.56,0.148384474085472,0.0196154701020724,0.266701161102475,-0.0291781630200897,0.00756915979112438,0.0248490312678735,82.2141113778694,0.244314143456735,0.0769520777477628,-0.0102420792425967,-0.0549714273245318,0.713881576301537,0.184909618128799,-10.1513596046729,-2.05850974727246e-14,-0.0429869122185295,1.24938539551573e-13,0,0,0,0,1,0.673086199299627,0.673086199299627,79.6350561998851,19.9251920591922,4.51715121488597
27.57,0.148106802308712,0.0196541367795243,0.266956163058565,-0.0273677663693324,0.00761060656992578,0.0244409583982537,82.218790047673,0.244327919748165,0.0769648008934398,-0.0103104364411202,-0.05494118499734,0.713983441178236,0.183545082434669,-10.1540057536365,-2.05850974727246e-14,-0.0429869122185295,1.24938539551573e-13,0,0,0,0,1,0.673086199299627,0.673086199299627,79.6356105928407,19.9427783854963,4.51492554487369
27.58,0.147846861229594,0.0196938745071635,0.267207206184098,-0.0256181964829081,0.007651057799113,0.0240385814737932,82.2234634368886,0.244341680396273,0.0769778254219839,-0.010373882324883,-0.05491054651305,0.714088614932606,0.182126072177229,-10.1566807626294,-2.05850974727246e-14,-0.0429869122185295,1.24938539551573e-13,0,0,0,0,1,0.673086199299627,0.673086199299627,79.6361668208673,19.9603284597927,4.51266677404144
27.59,0.147604051119785,0.0197346582616593,0.267454347099203,-0.0239279614673013,0.00769048904492564,0.0236422195659794,82.2281315028894,0.244355425275356,0.0769911320230774,-0.0104325072007529,-0.0548795113064528,0.71419687431039,0.180656537156141,-10.1593825438554,-2.05850974727246e-14,-0.0429869122185295,1.24938539551573e-13,0,0,0,0,1,0.673086199299627,0.673086199299627,79.6367245654885,19.9778434687962,4.51037484842108
27.6,0.147377787140852,0.0197764627349869,0.267697645459711,-0.0222955851113305,0.00772887905750839,0.0232521652254287,82.2327942036458,0.244369154261486,0.0770047013157682,-0.0104864035059762,-0.0548480789966711,0.71430799850807,0.179140306790963,-10.162109007402,-2.05850974727246e-14,-0.0429869122185295,1.24938539551573e-13,0,0,0,0,1,0.673086199299627,0.673086199299627,79.6372835123338,19.9953245773661,4.50804972921753
27.61,0.147167499177309,0.0198192623878369,0.267937163700261,-0.0207196081076278,0.00776620965796445,0.0228686853760537,82.2374514977671,0.244382867232633,0.0770185138991707,-0.0105356655595343,-0.0548162493889311,0.714421769495923,0.177581088311517,-10.1648580663929,-2.05850974727246e-14,-0.0429869122185295,1.24938539551573e-13,0,0,0,0,1,0.673086199299627,0.673086199299627,79.637843351136,20.0127729287801,4.50569139296116
27.62,0.146972631658367,0.019863031500496,0.268172966786223,-0.019198589122034,0.00780246562387206,0.0224920222250589,82.2421033445428,0.244396564068793,0.0770325504003926,-0.0105803893236401,-0.0547840224756368,0.714537972287785,0.175982465506869,-10.1676276418508,-2.05850974727246e-14,-0.0429869122185295,1.24938539551573e-13,0,0,0,0,1,0.673086199299627,0.673086199299627,79.6384037757367,20.0301896449803,4.50329983160275
27.63,0.146792643369837,0.0199077442212561,0.268405121974579,-0.0177311057272741,0.00783763457376932,0.0221223941833434,82.2467497039797,0.244410244652091,0.0770467915197144,-0.010620672175344,-0.054751398436789,0.714656395164662,0.174347897985341,-10.170415667271,-2.05850974727246e-14,-0.0429869122185295,1.24938539551573e-13,0,0,0,0,1,0.673086199299627,0.673086199299627,79.6389644840971,20.0475758267952,4.50087505255452
27.64,0.146627007257462,0.0199533746124093,0.268633698583862,-0.0163157552152785,0.00787170685107147,0.0217599967914689,82.251390536837,0.244423908866888,0.0770612180730608,-0.0106566126881849,-0.0547183776397902,0.714776829858639,0.172680720900389,-10.1732200929116,-2.05850974727246e-14,-0.0429869122185295,1.24938539551573e-13,0,0,0,0,1,0.673086199299627,0.673086199299627,79.6395251783136,20.0649325541418,4.49841707868051
27.65,0.146475210222823,0.0199998966938881,0.26885876777318,-0.0149511553007711,0.00790467540784479,0.0214050036468853,82.2560258046576,0.244437556599875,0.0770758110318092,-0.0106883104237903,-0.0546849606386765,0.714899071702942,0.170984145099571,-10.1760388898047,-2.05850974727246e-14,-0.0429869122185295,1.24938539551573e-13,0,0,0,0,1,0.673086199299627,0.673086199299627,79.6400855646365,20.0822608862103,4.49592594823979
27.66,0.146336752912843,0.0200472844846162,0.269080402330346,-0.0136359447272355,0.00793653568882439,0.0210575673285964,82.260655469797,0.244451187740157,0.0770905515599871,-0.0107158657333033,-0.0546511481728148,0.715022919753303,0.16926125765625,-10.1788700534938,-2.05850974727246e-14,-0.0429869122185295,1.24938539551573e-13,0,0,0,0,1,0.673086199299627,0.673086199299627,79.6406453534911,20.0995618616346,4.4934017147854
27.67,0.146211149503825,0.0200955120416309,0.269298676469075,-0.0123687837850462,0.00796728551602762,0.020717820315892,82.2652794954481,0.244464802179324,0.0771054210489151,-0.0107393795684891,-0.054616941165103,0.715148176885291,0.167515022746082,-10.181711607505,-2.05850974727246e-14,-0.0429869122185295,1.24938539551573e-13,0,0,0,0,1,0.673086199299627,0.673086199299627,79.6412042594998,20.1168364986513,4.49084444702239
27.68,0.146097927480838,0.0201445534970433,0.269513665635168,-0.0111483547504087,0.00799692497428155,0.0203858758981759,82.2698978456626,0.244478399811518,0.0771204011493587,-0.0107589533023549,-0.0545823407197109,0.715274649871662,0.165748282832647,-10.1845616065572,-2.05850974727246e-14,-0.0429869122185295,1.24938539551573e-13,0,0,0,0,1,0.673086199299627,0.673086199299627,79.6417620015056,20.1340857952505,4.48825422862768
27.69,0.145996627413215,0.0201943830929007,0.269725446321619,-0.0099733622527508,0.00802545629795172,0.0200618290732954,82.27451048537,0.244491980533488,0.0771354738012557,-0.0107746885590956,-0.0545473481193961,0.715402149443316,0.163963760128927,-10.1874181395191,-2.05850974727246e-14,-0.0429869122185295,1.24938539551573e-13,0,0,0,0,1,0.673086199299627,0.673086199299627,79.6423183025946,20.1513107293183,4.4856311580349
27.7,0.145906802726826,0.0202449752140163,0.269934095892486,-0.008842533577338,0.00805288375912967,0.0197457574321085,82.2791173803924,0.24450554424463,0.0771506212610875,-0.0107866870531673,-0.0545119648224294,0.715530490336962,0.162164058303498,-10.1902793321211,-2.05850974727246e-14,-0.0429869122185295,1.24938539551573e-13,0,0,0,0,1,0.673086199299627,0.673086199299627,79.6428728901182,20.1685122587765,4.48297534818682
27.71,0.145828019473754,0.0202963044188322,0.270139692415424,-0.00775461890912775,0.00807921355750909,0.0194377220273349,82.283718497456,0.244519090847027,0.0771658261269708,-0.0107950504372722,-0.0544761924591628,0.715659491332157,0.160351664402504,-10.1931433494287,-2.05850974727246e-14,-0.0429869122185295,1.24938539551573e-13,0,0,0,0,1,0.673086199299627,0.673086199299627,79.6434254957138,20.1856913217176,4.48028692625807
27.72,0.145759856099916,0.0203483454683786,0.270342314502695,-0.00670839152321818,0.00810445371215458,0.0191377682250147,82.2883138042002,0.244532620245471,0.0771810713615413,-0.010799880159031,-0.0544400328282714,0.715788975280022,0.158528950960489,-10.1960083980873,-2.05850974727246e-14,-0.0429869122185295,1.24938539551573e-13,0,0,0,0,1,0.673086199299627,0.673086199299627,79.6439758553241,20.2028488365395,4.47756603335084
27.73,0.145701903211152,0.0204010733533949,0.270542041160483,-0.00570264792666979,0.00812861395534242,0.0188459265371494,82.2929032691832,0.24454613234748,0.0771963403127105,-0.0108012773261096,-0.0544034878926987,0.715918769125552,0.156698178275156,-10.1988727283445,-2.05850974727246e-14,-0.0429869122185295,1.24938539551573e-13,0,0,0,0,1,0.673086199299627,0.673086199299627,79.6445237092138,20.2199857020798,4.47481282416595
27.74,0.14565376333822,0.0204544633196751,0.270738951646335,-0.00473620795597714,0.00815170562863045,0.0185622134343313,82.2974868618847,0.244559627063306,0.0772116167323714,-0.0107993425795579,-0.0543665597753361,0.71604870392512,0.154861496823009,-10.2017346358603,-2.05850974727246e-14,-0.0429869122185295,1.24938539551573e-13,0,0,0,0,1,0.673086199299627,0.673086199299627,79.6450688019845,20.2371027977512,4.47202746665168
27.75,0.145615050701142,0.0205084908916999,0.270933125334522,-0.00380791483402857,0.00817374158129259,0.0182866321373717,82.3020645527056,0.244573104305935,0.0772268847931353,-0.010794175975114,-0.0543292507544623,0.716178614860501,0.153020949794581,-10.2045924633125,-2.05850974727246e-14,-0.0429869122185295,1.24938539551573e-13,0,0,0,0,1,0.673086199299627,0.673086199299627,79.6456108825863,20.2542009836797,4.46921014163267
27.76,0.145585390973265,0.0205631318946175,0.271124641589099,-0.00291663519000874,0.00819473607123414,0.0180191733871268,82.3066363129659,0.244586563991079,0.0772421291031782,-0.0107858768722241,-0.0542915632589704,0.716308341250468,0.15117847572968,-10.2074446018069,-2.05850974727246e-14,-0.0429869122185295,1.24938539551573e-13,0,0,0,0,1,0.673086199299627,0.673086199299627,79.6461497043271,20.2712811008453,4.46636104242106
27.77,0.1455644210454,0.0206183624746327,0.27131357964447,-0.00206125904536302,0.00821470466848576,0.0177598161918893,82.3112021148993,0.24460000603716,0.0772573347192784,-0.0107745438305228,-0.0542534998634074,0.716437726560793,0.14933591123466,-10.2102894920994,-2.05850974727246e-14,-0.0429869122185295,1.24938539551573e-13,0,0,0,0,1,0.673086199299627,0.673086199299627,79.6466850248785,20.2883439712277,4.46348037441187
27.78,0.145551788790354,0.0206741591178646,0.271500018493213,-0.00124069976864899,0.00823366416135695,0.0175085285518634,82.3157619316461,0.244613430365288,0.0772724871581254,-0.0107602745135195,-0.0542150632828499,0.716566618413266,0.14749499376522,-10.2131256256402,-2.05850974727246e-14,-0.0429869122185295,1.24938539551573e-13,0,0,0,0,1,0.673086199299627,0.673086199299627,79.6472166062784,20.3053903979551,4.46056835466476
27.79,0.145547152828155,0.0207304986677293,0.271684036780948,-0.000453894001841634,0.00825163246531444,0.0172652681603792,82.3203157372435,0.244626836899233,0.07728757240598,-0.0107431655992342,-0.0541762563676395,0.716694868594227,0.145657364459675,-10.2159515454479,-2.05850974727246e-14,-0.0429869122185295,1.24938539551573e-13,0,0,0,0,1,0.673086199299627,0.673086199299627,79.6477442149315,20.3224211654599,4.45762521147385
27.8,0.145550182292234,0.0207873583409061,0.271865712708016,0.000300198439567538,0.00826862853463642,0.0170299830816253,82.3248635066144,0.244640225565389,0.077302576926765,-0.0107233126975271,-0.0541370820979987,0.716822333062852,0.143824571008946,-10.2187658468211,-2.05850974727246e-14,-0.0429869122185295,1.24938539551573e-13,0,0,0,0,1,0.673086199299627,0.673086199299627,79.648267621605,20.3394370396382,4.45465118392752
27.81,0.145560556596816,0.0208447157419413,0.272045123937733,0.00102259469053805,0.00828467227688048,0.0168026124047838,82.3294052155543,0.244653596292738,0.0773174876686645,-0.0107008102738677,-0.0540975435785481,0.716948871959434,0.141998070550779,-10.2215671778978,-2.05850974727246e-14,-0.0429869122185295,1.24938539551573e-13,0,0,0,0,1,0.673086199299627,0.673086199299627,79.6487866014221,20.356438768017,4.45164652145987
27.82,0.145577965205752,0.020902548876545,0.272222347510994,0.00171428898255145,0.00829978447019076,0.0165830868745552,82.3339408407165,0.244666949012805,0.0773322920693089,-0.0106757515792899,-0.0540576440327449,0.717074349613672,0.140179232576844,-10.2243542400688,-2.05850974727246e-14,-0.0429869122185295,1.24938539551573e-13,0,0,0,0,1,0.673086199299627,0.673086199299627,79.6493009338523,20.3734270799257,4.44861148339534
27.83,0.145602107402987,0.0209608361636324,0.272397459766979,0.00237625280997943,0.00831398668345917,0.0163713294981414,82.338470359596,0.244680283659607,0.0773469780596221,-0.0106482285862847,-0.0540173867972595,0.717198634552985,0.138369341842478,-10.2271257882542,-2.05850974727246e-14,-0.0429869122185295,1.24938539551573e-13,0,0,0,0,1,0.673086199299627,0.673086199299627,79.6498104026975,20.390402686675,4.44554633848809
27.84,0.145632692064872,0.0210195564461623,0.272570536269745,0.00300943511508173,0.00832730119934498,0.0161672561288366,82.342993750512,0.244693600169604,0.0773615340664037,-0.0106183319303817,-0.0539767753163088,0.717321599510716,0.136569601269812,-10.2298806310507,-2.05850974727246e-14,-0.0429869122185295,1.24938539551573e-13,0,0,0,0,1,0.673086199299627,0.673086199299627,79.6503147960766,20.4073662817421,4.4424513644576
27.85,0.145669437434481,0.021078689000823,0.272741651740461,0.00361476249009038,0.0083397509401485,0.0159707760264403,82.3475109925893,0.244706898481642,0.0773759490137205,-0.0105861508571775,-0.0539358131359617,0.717443121434103,0.134781134836003,-10.232617630757,-2.05850974727246e-14,-0.0429869122185295,1.24938539551573e-13,0,0,0,0,1,0.673086199299627,0.673086199299627,79.6508139064054,20.4243185409616,4.43932684752165
27.86,0.145712070898108,0.0211382135466135,0.272910879995061,0.00419313939494771,0.00835135939652579,0.0157817923947666,82.3520220657388,0.244720178536895,0.0773902123231768,-0.0105517731745718,-0.053894503898432,0.717563081491787,0.133004990439125,-10.2353357032855,-2.05850974727246e-14,-0.0429869122185295,1.24938539551573e-13,0,0,0,0,1,0.673086199299627,0.673086199299627,79.6513075303744,20.4412601227231,4.43617308192813
27.87,0.145760328764076,0.0211981102523688,0.273078293887096,0.00474544838936505,0.00836215055902429,0.0156002028965778,82.3565269506371,0.244733440278805,0.0774043139131324,-0.0105152852099762,-0.0538528513363734,0.717681365080659,0.13124214273511,-10.2380338179669,-2.05850974727246e-14,-0.0429869122185295,1.24938539551573e-13,0,0,0,0,1,0.673086199299627,0.673086199299627,79.6517954689239,20.458191668175,4.43299036948674
27.88,0.145813956044008,0.0212583597432753,0.273243965255553,0.00527255037795847,0.00837214885241242,0.0154259001463125,82.3610256287057,0.244746683653018,0.0774182441969366,-0.0104767717722666,-0.0538108592671884,0.717797861831735,0.129493495939865,-10.2407109972548,-2.05850974727246e-14,-0.0429869122185295,1.24938539551573e-13,0,0,0,0,1,0.673086199299627,0.673086199299627,79.6522775272155,20.4751138014343,4.42977901910174
27.89,0.145872706236664,0.0213189431064205,0.273407964877424,0.00577528486729921,0.00838137907277018,0.0152587721810195,82.3655180820888,0.244759908607319,0.0774319940802408,-0.0104363161182546,-0.0537685315873656,0.717912465614845,0.127759886591391,-10.2433663163377,-2.05850974727246e-14,-0.0429869122185295,1.24938539551573e-13,0,0,0,0,1,0.673086199299627,0.673086199299627,79.652753514602,20.4920271298023,4.42653934630671
27.9,0.14593634111448,0.0213798418954226,0.273570362424823,0.0062544702337897,0.00838986632730278,0.0150987029099404,82.3700042936318,0.24477311509157,0.0774455549574551,-0.0103939999234583,-0.0537258722668552,0.718025074541803,0.126042086267366,-10.2459989026644,-2.05850974727246e-14,-0.0429869122185295,1.24938539551573e-13,0,0,0,0,1,0.673086199299627,0.673086199299627,79.6532232445938,20.5089322439858,4.42327167280234
27.91,0.14600463051288,0.0214410381341807,0.273731226426421,0.00671090400134364,0.00839763597683441,0.0149455725432119,82.3744842468583,0.244786303057637,0.0774589187074072,-0.01034990325696,-0.053682885343494,0.71813559096784,0.124340804254234,-10.2486079353893,-2.05850974727246e-14,-0.0429869122185295,1.24938539551573e-13,0,0,0,0,1,0.673086199299627,0.673086199299627,79.6536865348234,20.5258297183239,4.41997632599806
27.92,0.146077352122477,0.0215025143197878,0.27389062423302,0.00714536312790957,0.00840471358093521,0.0147992580001839,82.3789579259481,0.244799472459327,0.0774720776882633,-0.0103041045601417,-0.0536395749174897,0.718243921490962,0.1226566901644,-10.2511926447443,-2.05850974727246e-14,-0.0429869122185295,1.24938539551573e-13,0,0,0,0,1,0.673086199299627,0.673086199299627,79.6541432070074,20.5427201110199,4.41665363855844
27.93,0.146154291284235,0.0215642534246471,0.274048621987033,0.0075586042999346,0.00841112484563121,0.014659633297866,82.3834253157136,0.24481262325232,0.0774850247317674,-0.0102566806290976,-0.0535959451459732,0.718349976949032,0.120990336498622,-10.2537523113419,-2.05850974727246e-14,-0.0429869122185295,1.24938539551573e-13,0,0,0,0,1,0.673086199299627,0.673086199299627,79.6545930869067,20.5596039643776,4.41330394795497
27.94,0.146235240787656,0.0216262388978293,0.274205284595712,0.00795136423391643,0.00841689557364363,0.0145265699200315,82.3878864015777,0.244825755394099,0.0774977531368523,-0.0102077066005267,-0.0535520002376283,0.718453672414299,0.119342281151123,-10.2562862654167,-2.05850974727246e-14,-0.0429869122185295,1.24938539551573e-13,0,0,0,0,1,0.673086199299627,0.673086199299627,79.6550360042843,20.5764818050433,4.40992759602402
27.95,0.146320000672079,0.0216884546657102,0.274360675707908,0.0083243599842411,0.00842205161710171,0.0143999371675207,82.3923411695505,0.244838868843882,0.0775102566626748,-0.0101572559409157,-0.0535077444474047,0.71855492718515,0.117713009855422,-10.2587938860098,-2.05850974727246e-14,-0.0429869122185295,1.24938539551573e-13,0,0,0,0,1,0.673086199299627,0.673086199299627,79.6554717928612,20.5933541442505,4.40652492853161
27.96,0.14640837803112,0.0217508851319235,0.274514857694187,0.00867828925654833,0.00842661883267076,0.0142796024902924,82.3967896062066,0.244851963562555,0.0775225295211248,-0.0101054004388287,-0.053463182071323,0.718653664774899,0.116102958569181,-10.2612746001009,-2.05850974727246e-14,-0.0429869122185295,1.24938539551573e-13,0,0,0,0,1,0.673086199299627,0.673086199299627,79.655900290271,20.6102214780693,4.40309629474546
27.97,0.14650018682033,0.0218135151766667,0.27466789163013,0.00901383072590907,0.00843062303903552,0.0141654318017795,82.4012316986627,0.244865039512608,0.0775345663688556,-0.0100522102001244,-0.0534183174413766,0.718749812897395,0.114512515796797,-10.2637278816947,-2.05850974727246e-14,-0.0429869122185295,1.24938539551573e-13,0,0,0,0,1,0.673086199299627,0.673086199299627,79.6563213380119,20.6270842876599,4.39964204701501
27.98,0.146595247668095,0.021876330155391,0.274819837282635,0.009331644359139,0.00843408997667765,0.0140572897761073,82.4056674345554,0.244878096658062,0.0775463622988813,-0.00999775364593042,-0.0533731549205372,0.718843303449332,0.112942024848724,-10.2661532508644,-2.05850974727246e-14,-0.0429869122185295,1.24938539551573e-13,0,0,0,0,1,0.673086199299627,0.673086199299627,79.6567347813982,20.6439430395277,4.39616254035977
27.99,0.146693387689818,0.0219393158969125,0.274970753099063,0.00963237174060942,0.00843704526988472,0.0139550401287356,82.4100968020189,0.244891134964409,0.0775579128317837,-0.00994209751320738,-0.0533276988978684,0.718934072489081,0.111391786036823,-10.2685502727578,-2.05850974727246e-14,-0.0429869122185295,1.24938539551573e-13,0,0,0,0,1,0.673086199299627,0.673086199299627,79.6571404695101,20.660798185783,4.39265813206642
28,0.146794440305425,0.0220024587009734,0.275120696199054,0.00991663640095178,0.00843951439092767,0.0138585458810834,82.4145197896634,0.244904154398545,0.0775692139065718,-0.00988530685774363,-0.0532819537837522,0.719022060211977,0.109862058805288,-10.2709185565704,-2.05850974727246e-14,-0.0429869122185295,1.24938539551573e-13,0,0,0,0,1,0.673086199299627,0.673086199299627,79.6575382551415,20.6776501644018,4.38912918129512
28.01,0.146898245060196,0.0220657453352876,0.275269722368872,0.0101850441480855,0.00844152262634299,0.0137676696096932,82.4189363865539,0.244917154928709,0.0775802618712307,-0.00982744505942592,-0.0532359240052321,0.719107210921948,0.108353063796954,-10.2732577544891,-2.05850974727246e-14,-0.0429869122185295,1.24938539551573e-13,0,0,0,0,1,0.673086199299627,0.673086199299627,79.6579279947479,20.6944993994897,4.3855760486953
28.02,0.147004647448969,0.0221291630320975,0.275417886058116,0.0104381834000305,0.00844309504525553,0.0136822736804884,82.4233465821891,0.244930136524416,0.0775910534730001,-0.00976857382963793,-0.053189614001477,0.719189472999419,0.106864984854963,-10.2755675606105,-2.05850974727246e-14,-0.0429869122185295,1.24938539551573e-13,0,0,0,0,1,0.673086199299627,0.673086199299627,79.6583095483921,20.7113463015468,4.3819990960313
28.03,0.147113498743705,0.022192699484275,0.275565240378659,0.0106766255189955,0.00844425646967809,0.0136022204686701,82.4277503664814,0.244943099156403,0.0776015858484146,-0.00970875322064412,-0.053143028219368,0.719268798865499,0.105397970959998,-10.2778477098378,-2.05850974727246e-14,-0.0429869122185295,1.24938539551573e-13,0,0,0,0,1,0.673086199299627,0.673086199299627,79.6586827796895,20.728191267735,4.37839868581797
28.04,0.147224655824435,0.0222563428409912,0.275711837105678,0.0109009251462625,0.0084450314467238,0.013527372564795,82.4321477297365,0.244956042796563,0.0776118565131425,-0.00964804163682181,-0.0530961711092114,0.719345144942375,0.103952138103436,-10.2800979767589,-2.05850974727246e-14,-0.0429869122185295,1.24938539551573e-13,0,0,0,0,1,0.673086199299627,0.673086199299627,79.6590475557527,20.7450346821455,4.37477518096663
28.05,0.147337981013595,0.0223200817029853,0.275857726680627,0.0111116205374138,0.00844544422266768,0.013457592967566,82.4365386626339,0.244968967417892,0.077621863351652,-0.00958649584761023,-0.0530490471205801,0.719418471609982,0.102527571096936,-10.2823181745099,-2.05850974727246e-14,-0.0429869122185295,1.24938539551573e-13,0,0,0,0,1,0.673086199299627,0.673086199299627,79.6594037471349,20.7618769160676,4.37112894444146
28.06,0.147453341913743,0.022383905117457,0.276002958216044,0.0113092338974759,0.00844551871879446,0.013392745263861,82.4409231562084,0.244981872994431,0.0776316046067366,-0.0095241710020505,-0.0530016606982843,0.719488743158937,0.101124325319115,-10.2845081536267,-2.05850974727246e-14,-0.0429869122185295,1.24938539551573e-13,0,0,0,0,1,0.673086199299627,0.673086199299627,79.659751227773,20.778718328258,4.36746033892647
28.07,0.147570611248651,0.0224478025726084,0.276147579502052,0.0114942717155776,0.00844527850897009,0.0133326937965136,82.4453012018315,0.244994759501211,0.0776410788689272,-0.00946112064479603,-0.0529540162784742,0.719555927739804,0.0997424284000723,-10.2866678008872,-2.05850974727246e-14,-0.0429869122185295,1.24938539551573e-13,0,0,0,0,1,0.673086199299627,0.673086199299627,79.6600898749299,20.7955592652099,4.36376972650327
28.08,0.147689666707781,0.0225117639918607,0.276291637014447,0.0116672250987459,0.00844474679887525,0.0132773038203508,82.4496727911933,0.245007626914199,0.0776502850658172,-0.0093973967334778,-0.0529061182848746,0.719619997308767,0.0983818818446476,-10.2887970381476,-2.05850974727246e-14,-0.0429869122185295,1.24938539551573e-13,0,0,0,0,1,0.673086199299627,0.673086199299627,79.6604195691368,20.8124000614224,4.36005746833961
28.09,0.147810390794106,0.0225757797277681,0.276435175924246,0.011828570104483,0.00844394640684009,0.0132264416469804,82.4540379162854,0.24502047521025,0.0776592224513265,-0.00933304965731431,-0.0528579711251531,0.719680927569777,0.097042662595366,-10.290895821174,-2.05850974727246e-14,-0.0429869122185295,1.24938539551573e-13,0,0,0,0,1,0.673086199299627,0.673086199299627,79.6607401941344,20.8292410396692,4.35632392438881
28.1,0.147932670675285,0.0226398405556532,0.276578240108608,0.0119787680717932,0.00844289974622023,0.0131799747788119,82.4583965693842,0.245033304367054,0.077667890594926,-0.00926812825686071,-0.0528095791874211,0.719738697913295,0.0957247245361281,-10.2929641384742,-2.05850974727246e-14,-0.0429869122185295,1.24938539551573e-13,0,0,0,0,1,0.673086199299627,0.673086199299627,79.6610516368145,20.8460825112667,4.35256945310017
28.11,0.148056398038164,0.0227039376669844,0.276720872162995,0.0121182659503468,0.00844162880925521,0.0131377720327813,82.4627487430347,0.245046114363088,0.0776762893708474,-0.00920267984479668,-0.0527609468368691,0.719793291351735,0.0944279999377555,-10.2950020101284,-2.05850974727246e-14,-0.0429869122185295,1.24938539551573e-13,0,0,0,0,1,0.673086199299627,0.673086199299627,79.6613537871612,20.8629247763408,4.34879441114023
28.12,0.148181468946575,0.0227680626625177,0.276863113414504,0.0122474966274901,0.00844015515235162,0.0130997036542381,82.4670944300348,0.245058905177573,0.0776844189472954,-0.00913675022765715,-0.0527120784125351,0.719844694451735,0.0931524008465665,-10.2970094866239,-2.05850974727246e-14,-0.0429869122185295,1.24938539551573e-13,0,0,0,0,1,0.673086199299627,0.673086199299627,79.6616465381913,20.8797681240932,4.34499915312506
28.13,0.148307783702426,0.0228322075452231,0.277005003936252,0.0123668792528291,0.00843849988273424,0.0130656414214424,82.4714336234201,0.245071676790426,0.0776922797756842,-0.00907038372841452,-0.0526629782242066,0.719892897263413,0.0918978204172075,-10.2989866476948,-2.05850974727246e-14,-0.0429869122185295,1.24938539551573e-13,0,0,0,0,1,0.673086199299627,0.673086199299627,79.6619297858958,20.8966128330653,4.34118403136337
28.14,0.148435246710035,0.0228963647130144,0.277146582562737,0.0124768195601336,0.00843668364641001,0.0130354587411054,82.4757663164497,0.245084429182215,0.0776998725799154,-0.00900362320982564,-0.0526136505494541,0.719937893246736,0.0906641341910057,-10.300933601167,-2.05850974727246e-14,-0.0429869122185295,1.24938539551573e-13,0,0,0,0,1,0.673086199299627,0.673086199299627,79.6622034291806,20.9134591714011,4.3373493956106
28.15,0.148563766343694,0.0229605269513026,0.277287886906084,0.0125777101863253,0.00843472661739042,0.0130090307353966,82.4800925025919,0.245097162334125,0.0777071983457123,-0.00893651009846092,-0.0525640996307974,0.71997967919518,0.0894512013211417,-10.302850481813,-2.05850974727246e-14,-0.0429869122185295,1.24938539551573e-13,0,0,0,0,1,0.673086199299627,0.673086199299627,79.6624673698071,20.9303073971076,4.33349559283364
28.16,0.148693254818428,0.0230246874253899,0.277428953373091,0.0126699309873326,0.00843264848811968,0.0129862343208258,82.484412175511,0.245109876227911,0.077714258310029,-0.00886908440933712,-0.0525143296730016,0.720018255156841,0.0882588657459664,-10.3047374502154,-2.05850974727246e-14,-0.0429869122185295,1.24938539551573e-13,0,0,0,0,1,0.673086199299627,0.673086199299627,79.6627215123338,20.9471577583137,4.32962296698643
28.17,0.14882362806391,0.023088839672722,0.277569817183008,0.0127538493506094,0.00843046846105699,0.0129669482793978,82.4887253290544,0.245122570845862,0.0777210539505452,-0.00880138477107958,-0.0524643448405034,0.720053624353167,0.0870869573118107,-10.3065946916421,-2.05850974727246e-14,-0.0429869122185295,1.24938539551573e-13,0,0,0,0,1,0.673086199299627,0.673086199299627,79.6629657640569,20.9640104935259,4.32573185879605
28.18,0.148954805601499,0.0231529775950165,0.277710512385965,0.0128298205041314,0.00842820524136281,0.0129510533224232,82.49303195724,0.245135246170765,0.0777275869752631,-0.00873344845154321,-0.052414149254964,0.720085793095485,0.0859352928466434,-10.3084224149335,-2.05850974727246e-14,-0.0429869122185295,1.24938539551573e-13,0,0,0,0,1,0.673086199299627,0.673086199299627,79.6632000349524,20.9808658318823,4.32182260555938
28.19,0.149086710424377,0.0232170954502813,0.277851071881977,0.0128981878216993,0.00842587703064003,0.0129384321473583,82.4973320542445,0.24514790218587,0.0777338593122156,-0.00866531138382576,-0.0523637469929498,0.720114770699527,0.084803677185951,-10.3102208514043,-2.05850974727246e-14,-0.0429869122185295,1.24938539551573e-13,0,0,0,0,1,0.673086199299627,0.673086199299627,79.6634242376173,20.9977239934029,4.31789554095013
28.2,0.149219268880716,0.0232811878447406,0.277991527440473,0.0129592831243918,0.0084235015216827,0.0129289694880324,82.501625614392,0.245160538874856,0.0777398730992991,-0.00859700819261,-0.0523131420837374,0.72014056939811,0.0836919041522067,-10.3119902537593,-2.05850974727246e-14,-0.0429869122185295,1.24938539551573e-13,0,0,0,0,1,0.673086199299627,0.673086199299627,79.6636382872118,21.0145851892382,4.31395099483612
28.21,0.149352410559872,0.0233452497246814,0.278131909720273,0.0130134269780262,0.00842109589418592,0.0129225521586107,82.5059126321433,0.245173156221796,0.0777456306742404,-0.00852857222077549,-0.0522623385072411,0.720163204252171,0.0825997574893075,-10.313730895025,-2.05850974727246e-14,-0.0429869122185295,1.24938539551573e-13,0,0,0,0,1,0.673086199299627,0.673086199299627,79.6638421014018,21.0314496219136,4.30998929310666
28.22,0.149486068181534,0.0234092763682361,0.278272248289956,0.0130609289864952,0.00841867681137212,0.0129190690916265,82.5101931020848,0.245185754211132,0.0777511345647057,-0.0084600355562235,-0.0522113401920618,0.720182693060337,0.0815270117533428,-10.3154430674985,-2.05850974727246e-14,-0.0429869122185295,1.24938539551573e-13,0,0,0,0,1,0.673086199299627,0.673086199299627,79.6640356003016,21.0483174855717,4.30601075750984
28.23,0.149620177487802,0.0234732633771131,0.278412571648567,0.0131020880808661,0.00841626041749009,0.0129184113704074,82.5144670189196,0.245198332827639,0.0777563874785631,-0.00839142905886231,-0.0521601510136552,0.720199056267232,0.0804734331610603,-10.3171270817134,-2.05850974727246e-14,-0.0429869122185295,1.24938539551573e-13,0,0,0,0,1,0.673086199299627,0.673086199299627,79.6642187064172,21.0651889662099,4.30201570549966
28.24,0.149754677138146,0.0235372066682899,0.278552907246609,0.0131371928041338,0.00841386233614458,0.0129204722562055,82.518734377457,0.245210892056402,0.0777613922943029,-0.00832278238770285,-0.052108774792616,0.72021231687068,0.0794387803973801,-10.318783265424,-2.05850974727246e-14,-0.0429869122185295,1.24938539551573e-13,0,0,0,0,1,0.673086199299627,0.673086199299627,79.6643913445902,21.082064241916,4.29800445009274
28.25,0.149889508607196,0.023601102465679,0.278693281507261,0.0131665215915372,0.00841149766941543,0.0129251472103315,82.522995172604,0.245223431882787,0.077766152051625,-0.00825412402801806,-0.0520572152930772,0.720222500327995,0.078422805383292,-10.3204119626086,-2.05850974727246e-14,-0.0429869122185295,1.24938539551573e-13,0,0,0,0,1,0.673086199299627,0.673086199299627,79.6645534419416,21.0989434830994,4.29397729973441
28.26,0.150024616085328,0.023664947291781,0.278833719847791,0.0131903430463554,0.00840918099772665,0.012932333911582,82.5272493993564,0.245235952292414,0.0777706699421986,-0.0081854813185218,-0.0520054762212219,0.720229634461561,0.0774252540054625,-10.3220135324918,-2.05850974727246e-14,-0.0429869122185295,1.24938539551573e-13,0,0,0,0,1,0.673086199299627,0.673086199299627,79.664704927817,21.115826852719,4.28993455817415
28.27,0.150159946381992,0.0237287379593326,0.278974246701103,0.0132089162111116,0.00840692638042707,0.0129419322692352,82.5314970527907,0.245248453271136,0.0777749493005999,-0.00811688047852636,-0.0519535612239047,0.72023374936384,0.0764458668088571,-10.3235883485877,-2.05850974727246e-14,-0.0429869122185295,1.24938539551573e-13,0,0,0,0,1,0.673086199299627,0.673086199299627,79.664845733732,21.1327145065066,4.28587652434996
28.28,0.150295448831732,0.023792471562963,0.279114885537386,0.0132224908341234,0.00840474735704529,0.012953844431883,82.535738128056,0.245260934805012,0.077778993595432,-0.0080483466350399,-0.0519014738873806,0.720234877302016,0.0754843796536596,-10.3251367977626,-2.05850974727246e-14,-0.0429869122185295,1.24938539551573e-13,0,0,0,0,1,0.673086199299627,0.673086199299627,79.6649757933177,21.1496065931879,4.28180349228168
28.29,0.150431075202859,0.0238561454708676,0.279255658885825,0.0132313076313468,0.00840265694918312,0.0129679747923547,82.5399726203665,0.245273396880287,0.0777828064206329,-0.00797990384976794,-0.0518492177361394,0.720233052622412,0.0745405243377547,-10.3266592793188,-2.05850974727246e-14,-0.0429869122185295,1.24938539551573e-13,0,0,0,0,1,0.673086199299627,0.673086199299627,79.665095042268,21.1665032546982,4.2777157509729
28.3,0.150566779608731,0.0239197573165084,0.279396588356334,0.0132355985434705,0.00840066766301278,0.0129842299889765,82.5442005249948,0.245285839483372,0.0777863914869732,-0.0079115751459853,-0.0517967962318421,0.720228311654884,0.0736140291860205,-10.3281562041001,-2.05850974727246e-14,-0.0429869122185295,1.24938539551573e-13,0,0,0,0,1,0.673086199299627,0.673086199299627,79.665203418286,21.1834046263949,4.27361358432133
28.31,0.150702518421571,0.0239833049903499,0.279537694661274,0.0132355869882256,0.00839879149234415,0.0130025189034029,82.5484218372646,0.24529826260082,0.0777897526137481,-0.0078433825352474,-0.0517442127723578,0.7202206926173,0.0727046196076409,-10.3296279936175,-2.05850974727246e-14,-0.0429869122185295,1.24938539551573e-13,0,0,0,0,1,0.673086199299627,0.673086199299627,79.6653008610329,21.2003108372656,4.26949727103745
28.32,0.150838250188803,0.0240467866316406,0.279678997637141,0.0132314881078835,0.0083970399222299,0.0130227526552446,82.5526365525442,0.245310666219311,0.0777928937206661,-0.00777534704391199,-0.0516914706908976,0.720210235520308,0.0718120186226379,-10.3310750791981,-2.05850974727246e-14,-0.0429869122185295,1.24938539551573e-13,0,0,0,0,1,0.673086199299627,0.673086199299627,79.6653873120758,21.2172220101328,4.26536708457114
28.33,0.150973935551837,0.0241102006202459,0.279820516266163,0.013223509011924,0.00839542393307706,0.0130448445937086,82.5568446662408,0.245323050325633,0.0777958188199355,-0.00770748873944429,-0.0516385732552437,0.720196982072498,0.0709359473587889,-10.3324979011544,-2.05850974727246e-14,-0.0429869122185295,1.24938539551573e-13,0,0,0,0,1,0.673086199299627,0.673086199299627,79.6654627148372,21.2341382618532,4.26122329304616
28.34,0.151109537167259,0.024173545568542,0.279962268697815,0.01321184901486,0.00839395400523482,0.0130687102864563,82.5610461737944,0.245335414906661,0.0777985320085524,-0.00763982675648108,-0.0515855236670706,0.720180975586135,0.0700761255200716,-10.3338969079764,-2.05850974727246e-14,-0.0429869122185295,1.24938539551573e-13,0,0,0,0,1,0.673086199299627,0.673086199299627,79.6655270145453,21.2510597035146,4.2570661592022
28.35,0.151245019630381,0.0242368203133774,0.280104272270193,0.0131966998692151,0.00839264012402955,0.0130942675058771,82.5652410706722,0.245347759949348,0.077801037460789,-0.0075723793226307,-0.0515323250613558,0.720162260883565,0.0692322718277503,-10.3352725555453,-2.05850974727246e-14,-0.0429869122185295,1.24938539551573e-13,0,0,0,0,1,0.673086199299627,0.673086199299627,79.6655801581846,21.2679864406269,4.2528959403444
28.36,0.151380349401102,0.0243000239081077,0.280246543531246,0.013178245993655,0.00839149178521893,0.0131214362129654,82.5694293523634,0.245360085440701,0.0778033394208862,-0.00750516378398804,-0.0514789805058775,0.720140884204454,0.0684041044351927,-10.3366253063698,-2.05850974727246e-14,-0.0429869122185295,1.24938539551573e-13,0,0,0,0,1,0.673086199299627,0.673086199299627,79.6656220944472,21.2849185733103,4.24871288829996
28.37,0.151515494732018,0.0243631556147118,0.280389098259832,0.0131566646962797,0.00839051800083802,0.0131501385389804,82.5736110143743,0.245372391367773,0.0778054421959474,-0.00743819663034538,-0.0514254930007968,0.720116893113959,0.0675913413174743,-10.3379556288433,-2.05850974727246e-14,-0.0429869122185295,1.24938539551573e-13,0,0,0,0,1,0.673086199299627,0.673086199299627,79.6656527736857,21.3018561964784,4.24451724938174
28.38,0.151650425598753,0.0244262148959944,0.280531951486585,0.0131321263930906,0.00838972730541135,0.0131802987650611,82.5777860522233,0.245384677717646,0.077807350149037,-0.00737149352008157,-0.0513718654783212,0.720090336411962,0.0667937006368054,-10.3392639965251,-2.05850974727246e-14,-0.0429869122185295,1.24938539551573e-13,0,0,0,0,1,0.673086199299627,0.673086199299627,79.6656721478654,21.3187994000176,4.24030926435864
28.39,0.151785113632447,0.0244892014078807,0.280675117514565,0.0131047948216493,0.00838912776250579,0.0132118432999584,82.5819544614368,0.245396944477419,0.0778090676924813,-0.00730506930471351,-0.0513181008024479,0.720061264043463,0.0660109010847827,-10.3405508874413,-2.05850974727246e-14,-0.0429869122185295,1.24938539551573e-13,0,0,0,0,1,0.673086199299627,0.673086199299627,79.6656801705188,21.3357482689623,4.23608916843249
28.4,0.151919532054358,0.0245521149918078,0.280818609939683,0.0130748272499542,0.00838872697160007,0.0132447006560415,82.5861162375446,0.245409191634194,0.0778105992813729,-0.00723893805309576,-0.0512642017687826,0.720029727010249,0.0652426622024423,-10.3418167834096,-2.05850974727246e-14,-0.0429869122185295,1.24938539551573e-13,0,0,0,0,1,0.673086199299627,0.673086199299627,79.6656767966999,21.3527028836654,4.2318571912212
28.41,0.152053655612525,0.0246149556672192,0.280962441670879,0.0130423746805598,0.00838853207524761,0.0132788014237246,82.5902713760761,0.245421419175066,0.0778119494072764,-0.00717311307525514,-0.0512101711044329,0.71999577728393,0.0644887046790627,-10.3430621693849,-2.05850974727246e-14,-0.0429869122185295,1.24938539551573e-13,0,0,0,0,1,0.673086199299627,0.673086199299627,79.6656619829398,21.3696633199653,4.22761355674816
28.42,0.152187460520457,0.024677723624165,0.281106624950044,0.0130075820499741,0.00838854976651036,0.0133140782444571,82.5944198725563,0.245433627087111,0.0778131225921358,-0.00710760694584895,-0.051156011467973,0.719959467720417,0.0637487506306374,-10.3442875328262,-2.05850974727246e-14,-0.0429869122185295,1.24938539551573e-13,0,0,0,0,1,0.673086199299627,0.673086199299627,79.6656356872027,21.3866296493486,4.22335848343738
28.43,0.152320924397784,0.0247404192160135,0.28125117137167,0.012970588423369,0.00838878629664195,0.0133504657824094,82.5985617225024,0.245445815357375,0.0778141233823818,-0.00704243152723633,-0.0511017254494764,0.719920851975956,0.0630225238589097,-10.3454933630865,-2.05850974727246e-14,-0.0429869122185295,1.24938539551573e-13,0,0,0,0,1,0.673086199299627,0.673086199299627,79.665597868843,21.4036019391081,4.2190921841144
28.44,0.152454026212834,0.0248030429522768,0.281396091902209,0.0129315271846447,0.0083892474829996,0.0133879006949819,82.6026969214204,0.245457983972864,0.0778149563432374,-0.00697759799215396,-0.0510473155706152,0.719879984424763,0.0623097500918358,-10.3466801508222,-2.05850974727246e-14,-0.0429869122185295,1.24938539551573e-13,0,0,0,0,1,0.673086199299627,0.673086199299627,79.6655484885631,21.4205802524973,4.21481486601266
28.45,0.152586746227084,0.024865595491555,0.281541396899153,0.0128905262218915,0.00838993871716466,0.0134263216022577,82.6068254648016,0.245470132920538,0.0778156260532209,-0.00691311684598804,-0.0509927842848237,0.719836920078353,0.0616101572063149,-10.347848387425,-2.05850974727246e-14,-0.0429869122185295,1.24938539551573e-13,0,0,0,0,1,0.673086199299627,0.673086199299627,79.6654875083721,21.4375646488809,4.21052673078514
28.46,0.152719065941447,0.0249280776346012,0.281687096129793,0.0128477081082972,0.00839086497325289,0.013465669055514,82.61094734812,0.245482262187295,0.0778161370988437,-0.00684899794863592,-0.0509381339775219,0.719791714506621,0.0609234754339946,-10.3489985644743,-2.05850974727246e-14,-0.0429869122185295,1.24938539551573e-13,0,0,0,0,1,0.673086199299627,0.673086199299627,79.6654148915452,21.4545551838805,4.20622797452109
28.47,0.152850968044334,0.0249904903175106,0.281833198789679,0.0128031902785487,0.00839203081639581,0.0135058855048986,82.6150625668291,0.245494371759971,0.0778164940695016,-0.00678525053595167,-0.0508833669663989,0.71974442376072,0.0602494375509408,-10.3501311732094,-2.05850974727246e-14,-0.0429869122185295,1.24938539551573e-13,0,0,0,0,1,0.673086199299627,0.673086199299627,79.6653306025839,21.4715519095174,4.20191878776756
28.48,0.152982436361461,0.0250528346050371,0.28197971352076,0.0127570852007817,0.00839344041137573,0.0135469152663761,82.6191711163593,0.245506461625325,0.0778167015525571,-0.00672188324077069,-0.0508284855017515,0.719695104297812,0.0595877790519278,-10.3512467040237,-2.05850974727246e-14,-0.0429869122185295,1.24938539551573e-13,0,0,0,0,1,0.673086199299627,0.673086199299627,79.6652346071768,21.4885548743503,4.19759935555565
28.49,0.153113455807354,0.0251151116840379,0.282126648429188,0.0127095005441337,0.00839509753139732,0.0135887044880391,82.6232729921155,0.245518531770038,0.0778167641286105,-0.00665890411350977,-0.0507734917668777,0.719643812907726,0.0589382383100843,-10.3523456459781,-2.05850974727246e-14,-0.0429869122185295,1.24938539551573e-13,0,0,0,0,1,0.673086199299627,0.673086199299627,79.6651268721622,21.50556412361,4.19326985743128
28.5,0.153244012338495,0.0251773228570503,0.282274011102806,0.0126605393419572,0.00839700556697952,0.0136312011158763,82.6273681894748,0.245530582180701,0.0778166863669574,-0.00659632064233955,-0.0507183878785213,0.719590606641559,0.0583005567226,-10.3534284863336,-2.05850974727246e-14,-0.0429869122185295,1.24938539551573e-13,0,0,0,0,1,0.673086199299627,0.673086199299627,79.66500736549,21.5225796993296,4.1889304674901
28.51,0.153374092908087,0.0252394695360009,0.282421808628292,0.0126103001507537,0.00839916753495227,0.013674354859084,82.6314567037838,0.245542612843811,0.0778164728212307,-0.00653413977292721,-0.0506631758873655,0.71953554274227,0.0576744788431806,-10.3544957101054,-2.05850974727246e-14,-0.0429869122185295,1.24938539551573e-13,0,0,0,0,1,0.673086199299627,0.673086199299627,79.6648760561854,21.5396016404713,4.18458135441661
28.52,0.153503685422373,0.0253015532360495,0.282570047607965,0.0125588772048896,0.00840158608754295,0.0137181171550024,82.6355385303572,0.245554623745763,0.0778161280252226,-0.0064723679277482,-0.0506078577785736,0.719478678577287,0.0570597525019069,-10.3555477996342,-2.05850974727246e-14,-0.0429869122185295,1.24938539551573e-13,0,0,0,0,1,0.673086199299627,0.673086199299627,79.6647329143135,21.5566299830493,4.18022268152714
28.53,0.153632778698484,0.0253635755695694,0.282718734176252,0.0125063605671575,0.00840426352153833,0.0137624411337517,82.6396136644752,0.245566614872849,0.0778156564888865,-0.00641101102496626,-0.0505524354723747,0.719420071573156,0.056456128913135,-10.3565852341779,-2.05850974727246e-14,-0.0429869122185295,1.24938539551573e-13,0,0,0,0,1,0.673086199299627,0.673086199299627,79.6645779109439,21.5736647602489,4.17585460681651
28.54,0.153761362423768,0.0254255382402642,0.282867874015808,0.0124528362752464,0.00840720178750832,0.0138072815826429,82.6436821013822,0.245578586211247,0.0778150626945141,-0.00635007449688175,-0.0504969108246915,0.719359779152256,0.0558633627720505,-10.357608489521,-2.05850974727246e-14,-0.0429869122185295,1.24938539551573e-13,0,0,0,0,1,0.673086199299627,0.673086199299627,79.664411018117,21.5907060025419,4.17147728300831
28.55,0.153889427116557,0.0254874430374234,0.283017472373296,0.0123983864841892,0.00841040249907823,0.0138525949104281,82.6477438362848,0.24559053774702,0.0778143510930852,-0.00628956330794917,-0.0504412856278085,0.719297858671592,0.0552812123404636,-10.3586180376032,-2.05850974727246e-14,-0.0429869122185295,1.24938539551573e-13,0,0,0,0,1,0.673086199299627,0.673086199299627,79.6642322088102,21.6077537377988,4.16709085760845
28.56,0.154016964088336,0.0255492918303161,0.283167534074811,0.0123430896048521,0.00841386694223717,0.0138983391114552,82.6517988643503,0.24560246946611,0.0778135261007873,-0.00622948197236483,-0.0503855616110785,0.719234367363685,0.0547094395224172,-10.3596143461654,-2.05850974727246e-14,-0.0429869122185295,1.24938539551573e-13,0,0,0,0,1,0.673086199299627,0.673086199299627,79.6640414569058,21.624807991397,4.16269547296192
28.57,0.154143965407273,0.025611086562724,0.283318063540964,0.012287020438536,0.0084175960846704,0.0139444737297859,82.6558471807052,0.245614381354332,0.0778125920957027,-0.00616983457122685,-0.0503297404416649,0.719169362279548,0.0541478099301496,-10.3605978784131,-2.05850974727246e-14,-0.0429869122185295,1.24938539551573e-13,0,0,0,0,1,0.673086199299627,0.673086199299627,79.6638387371589,21.6418687863257,4.15829126631258
28.58,0.15427042386307,0.025672829247615,0.283469064801623,0.0122302503077573,0.00842159058510426,0.0139909598233331,82.6598887804341,0.245626273397376,0.0778115534146583,-0.00611062476926949,-0.0502738237253189,0.719102900233789,0.0535960929409384,-10.3615690926979,-2.05850974727246e-14,-0.0429869122185295,1.24938539551573e-13,0,0,0,0,1,0.673086199299627,0.673086199299627,79.6636240251665,21.6589361432874,4.15387836986582
28.59,0.154396332933098,0.0257345219619556,0.283620541510295,0.0121728471832797,0.00842585080265266,0.0140377599280688,82.6639236585781,0.245638145580796,0.077810414350237,-0.0060518558311748,-0.0502178130071874,0.719035037751801,0.0530540617453311,-10.3625284422156,-2.05850974727246e-14,-0.0429869122185295,1.24938539551573e-13,0,0,0,0,1,0.673086199299627,0.673086199299627,79.6633972973373,21.6760100807963,4.14945691085379
28.6,0.154521686749784,0.0257961668416635,0.283772496958178,0.012114875807465,0.00843037680615464,0.0140848380223512,82.6679518101339,0.245649997890013,0.0778091791479457,-0.00599353063746483,-0.0501617097726526,0.71896583101905,0.0525214933872448,-10.3634763747203,-2.05850974727246e-14,-0.0429869122185295,1.24938539551573e-13,0,0,0,0,1,0.673086199299627,0.673086199299627,79.6631585308621,21.6930906152727,4.14502701160328
28.61,0.154646480069202,0.0258577660766997,0.283924934087858,0.0120563978140154,0.00843516838349309,0.0141321594914166,82.6719732300528,0.245661830310307,0.0778078520035379,-0.00593565169997797,-0.0501055154481984,0.718895335832475,0.0519981687964017,-10.3644133322556,-2.05850974727246e-14,-0.0429869122185295,1.24938539551573e-13,0,0,0,0,1,0.673086199299627,0.673086199299627,79.6629077036852,21.7101777611352,4.14058878960589
28.62,0.15477070824084,0.0259193219063006,0.284077855506675,0.0119974718441776,0.00844022505088497,0.0141796910920769,82.6759879132394,0.245673642826819,0.0778064370604875,-0.00587822117693347,-0.0500492314023044,0.718823607553956,0.0514838728135455,-10.3653397509015,-2.05850974727246e-14,-0.0429869122185295,1.24938539551573e-13,0,0,0,0,1,0.673086199299627,0.673086199299627,79.6626447944762,21.7272715308888,4.1361423575904
28.63,0.154894367178513,0.0259808366143482,0.284231263499741,0.0119381536594796,0.00844554606213415,0.0142274009176622,82.6799958545513,0.245685435424544,0.0778049384076091,-0.00582124088758853,-0.0499928589463633,0.718750701065856,0.0509783942088674,-10.3662560605366,-2.05850974727246e-14,-0.0429869122185295,1.24938539551573e-13,0,0,0,0,1,0.673086199299627,0.673086199299627,79.662369782603,21.7443719352106,4.13168782359728
28.64,0.155017453332373,0.0260423125248789,0.284385160042627,0.0118784962510722,0.00845113041783808,0.0142752583632442,82.6839970487977,0.245697208088334,0.0778033600768241,-0.00576471232649265,-0.0499363993356218,0.718676670728621,0.050481525694051,-10.3671626846153,-2.05850974727246e-14,-0.0429869122185295,1.24938539551573e-13,0,0,0,0,1,0.673086199299627,0.673086199299627,79.6620826481051,21.761478983032,4.12722529105497
28.65,0.155139963661991,0.0261037519977298,0.28453954681372,0.0118185499457458,0.00845697687454022,0.0143232340911735,82.6879914907394,0.24570896080289,0.0778017060410672,-0.00570863667734411,-0.0498798537701425,0.718601570340416,0.0499930639283299,-10.3680600399604,-2.05850974727246e-14,-0.0429869122185295,1.24938539551573e-13,0,0,0,0,1,0.673086199299627,0.673086199299627,79.6617833716677,21.7785926816184,4.12275485885811
28.66,0.155261895610488,0.0261651574243219,0.284694425206243,0.0117583625086943,0.00846308395382034,0.0143712999969609,82.6919791750876,0.245720693552767,0.07779998021233,-0.00565301482645397,-0.0498232233957847,0.71852545309877,0.0495128095189328,-10.3689485365699,-2.05850974727246e-14,-0.0429869122185295,1.24938539551573e-13,0,0,0,0,1,0.673086199299627,0.673086199299627,79.6614719345968,21.7957130366455,4.11827662144725
28.67,0.155383247079658,0.0262265312235792,0.284849796339954,0.0116979792430968,0.00846944995131535,0.0144194291755311,82.6959600965038,0.245732406322367,0.0777981864398404,-0.00559784737582285,-0.0497665093052033,0.718448371564218,0.0490405670162774,-10.3698285774374,-2.05850974727246e-14,-0.0429869122185295,1.24938539551573e-13,0,0,0,0,1,0.673086199299627,0.673086199299627,79.6611483187948,21.8128400522736,4.1137906688901
28.68,0.155504016406077,0.0262878758379813,0.285005661072527,0.0116374430865877,0.00847607294566375,0.0144675958878743,82.6999342495991,0.245744099095941,0.0777963285083717,-0.00554313465583636,-0.0497097125388634,0.71837037762591,0.0485761449042562,-10.3707005583871,-2.05850974727246e-14,-0.0429869122185295,1.24938539551573e-13,0,0,0,0,1,0.673086199299627,0.673086199299627,79.6608125067365,21.8299737312179,4.10929708696424
28.69,0.155624202338148,0.0263491937297513,0.285162020010605,0.0115767947046856,0.00848295080736691,0.0145157755281189,82.7039016289342,0.245755771857587,0.0777944101366802,-0.00548887673758492,-0.0496528340860703,0.718291522469147,0.0481193555859439,-10.3715648679215,-2.05850974727246e-14,-0.0429869122185295,1.24938539551573e-13,0,0,0,0,1,0.673086199299627,0.673086199299627,79.6604644814462,21.8471140748176,4.10479595724088
28.7,0.155743804014069,0.0264104873771743,0.285318873520546,0.0115160725812519,0.00849008120756104,0.0145639445910461,82.7078622290186,0.24576742459125,0.0777924349760673,-0.00543507344481407,-0.0495958748860112,0.718211856544842,0.0476700153650403,-10.3724218870824,-2.05850974727246e-14,-0.0429869122185295,1.24938539551573e-13,0,0,0,0,1,0.673086199299627,0.673086199299627,79.6601042264755,21.8642610831012,4.1002873571699
28.71,0.155862820940676,0.0264717592710474,0.285476221738866,0.0114553131060472,0.00849746162669398,0.0146120806400658,82.7118160443106,0.245779057280718,0.0777904066090623,-0.00538172436551138,-0.0495388358288097,0.718131429540848,0.0472279444233489,-10.3732719893245,-2.05850974727246e-14,-0.0429869122185295,1.24938539551573e-13,0,0,0,0,1,0.673086199299627,0.673086199299627,79.6597317258812,21.8814147548499,4.09577136016583
28.72,0.155981252973149,0.0265330119112589,0.285634064582361,0.011394550659455,0.0085050893631011,0.0146601622756715,82.7157630692176,0.245790669909629,0.0777883285482233,-0.00532882886313635,-0.0494817177565898,0.71805029035513,0.0467929667945769,-10.3741155404013,-2.05850974727246e-14,-0.0429869122185295,1.24938539551573e-13,0,0,0,0,1,0.673086199299627,0.673086199299627,79.6593469642047,21.8985750876584,4.09124803569461
28.73,0.156099100295543,0.0265942478034957,0.285792401757949,0.0113338176944417,0.00851296154147527,0.0147081691043879,82.7197032980951,0.245802262461463,0.0777862042350526,-0.00527638608749974,-0.0494245214645487,0.717968487070751,0.0463649103347323,-10.3749528982629,-2.05850974727246e-14,-0.0429869122185295,1.24938539551573e-13,0,0,0,0,1,0.673086199299627,0.673086199299627,79.6589499264511,21.9157420779931,4.08671744936127
28.74,0.156216363402123,0.0266554694560758,0.285951232772204,0.0112731448158197,0.00852107512122582,0.014756081708227,82.7236367252474,0.245813834919547,0.0777840370390234,-0.00522439498529868,-0.0493672477020372,0.717886066932639,0.0459436066893735,-10.3757844129655,-2.05850974727246e-14,-0.0429869122185295,1.24938539551573e-13,0,0,0,0,1,0.673086199299627,0.673086199299627,79.6585405980698,21.9329157212482,4.08217966299814
28.75,0.156333043079467,0.0267166793769065,0.286110556940608,0.0112125608568806,0.00852942690472206,0.0148038816146623,82.7275633449276,0.245825387267053,0.0777818302567145,-0.00517285431031448,-0.0493098971736464,0.717803076326078,0.0455288912579639,-10.3766104265923,-2.05850974727246e-14,-0.0429869122185295,1.24938539551573e-13,0,0,0,0,1,0.673086199299627,0.673086199299627,79.6581189649349,21.9500960117995,4.07763473475362
28.76,0.156449140389322,0.0267778800705644,0.286270373396511,0.0111520929534659,0.0085380135454169,0.0148515512671335,82.7314831513373,0.245836919486999,0.0777795871110499,-0.00512176263327942,-0.0492524705402985,0.717719560756914,0.0451206031555661,-10.3774312731844,-2.05850974727246e-14,-0.0429869122185295,1.24938539551573e-13,0,0,0,0,1,0.673086199299627,0.673086199299627,79.6576850133271,21.9672829430557,4.07308271918143
28.77,0.156564656652183,0.0268390740354968,0.286430681099824,0.0110917666155387,0.0085468315558467,0.0148990739960889,82.7353961386269,0.24584843156225,0.0777773107506401,-0.00507111835141957,-0.0491949684203421,0.717635564833422,0.0447185851720977,-10.3782472786839,-2.05850974727246e-14,-0.0429869122185295,1.24938539551573e-13,0,0,0,0,1,0.673086199299627,0.673086199299627,79.6572387299153,21.9844765075081,4.06852366733016
28.78,0.15667959343157,0.0269002637613421,0.286591478845428,0.0110316057963233,0.00855587731550361,0.0149464339905746,82.7393023008962,0.245859923475518,0.0777750042492215,-0.00502091969768022,-0.0491373913906498,0.717551132249786,0.0443226837293661,-10.3790587608858,-2.05850974727246e-14,-0.0429869122185295,1.24938539551573e-13,0,0,0,0,1,0.673086199299627,0.673086199299627,79.6567801017394,22.0016766967776,4.06395762683304
28.79,0.156793952518975,0.0269614517263668,0.286752765271317,0.0109716329590738,0.00856514707857685,0.0149936162703755,82.7432016321941,0.245871395209363,0.0777726706051921,-0.00497116474964069,-0.0490797399877165,0.717466305771177,0.0439327488360817,-10.3798660294001,-2.05850974727246e-14,-0.0429869122185295,1.24938539551573e-13,0,0,0,0,1,0.673086199299627,0.673086199299627,79.6563091161934,22.0188835016602,4.05938464199794
28.8,0.156907735919469,0.0270226403950181,0.286914538866483,0.0109118691415374,0.0085746369815599,0.0150406066587136,82.7470941265192,0.245882846746196,0.0777703127412377,-0.00492185143812542,-0.0490220147087591,0.717381127220366,0.0435486340410442,-10.380669385624,-2.05850974727246e-14,-0.0429869122185295,1.24938539551573e-13,0,0,0,0,1,0.673086199299627,0.673086199299627,79.6558257610091,22.0360969121702,4.05480475389733
28.81,0.157020945837925,0.0270838322155895,0.287076797978541,0.0108523340181719,0.00858434305072063,0.0150873917555072,82.7509797778202,0.245894278068275,0.0777679335040496,-0.00487297755551806,-0.0489642160128143,0.717295637465841,0.0431701963846815,-10.381469122723,-2.05850974727246e-14,-0.0429869122185295,1.24938539551573e-13,0,0,0,0,1,0.673086199299627,0.673086199299627,79.6553300242405,22.0533169175817,4.05021800045826
28.82,0.157133584665863,0.0271450296179973,0.287239540821097,0.0107930459601802,0.00859426120943159,0.0151339589111948,82.7548585799963,0.245905689157712,0.0777655356641258,-0.00482454076378533,-0.0489063443218354,0.717209876411388,0.0427972963491202,-10.3822655256207,-2.05850974727246e-14,-0.0429869122185295,1.24938539551573e-13,0,0,0,0,1,0.673086199299627,0.673086199299627,79.6548218942486,22.0705435064682,4.04562441655221
28.83,0.157245654968863,0.0272062350116664,0.28740276548088,0.0107340220934201,0.00860438728535826,0.0151802962011234,82.7587305268975,0.245917079996473,0.0777631219156579,-0.0047765386022175,-0.0488484000217858,0.717123882987087,0.0424297978069419,-10.3830588709971,-2.05850974727246e-14,-0.0429869122185295,1.24938539551573e-13,0,0,0,0,1,0.673086199299627,0.673086199299627,79.6543013596867,22.0877766667404,4.04102403408472
28.84,0.157357159474555,0.0272674507835222,0.287566469924622,0.0106752783542502,0.00861471701750277,0.0152263924005041,82.7625956123254,0.245928450566378,0.0777606948764961,-0.00472896849489214,-0.0487903834637288,0.717037695141689,0.0420675679687918,-10.3838494272962,-2.05850974727246e-14,-0.0429869122185295,1.24938539551573e-13,0,0,0,0,1,0.673086199299627,0.673086199299627,79.6537684094861,22.105016385682,4.03641688208484
28.85,0.157468101061147,0.0273286792960881,0.287730652005715,0.0106168295433686,0.00862524606310141,0.0152722369599335,82.7664538300334,0.245939800849103,0.0777582570881925,-0.00468182775786791,-0.0487322949649135,0.716951349836334,0.0417104773299767,-10.3846374547402,-2.05850974727246e-14,-0.0429869122185295,1.24938539551573e-13,0,0,0,0,1,0.673086199299627,0.673086199299627,79.6532230328429,22.1222626499848,4.03180298679408
28.86,0.157578482746474,0.027389922885685,0.287895309470624,0.0105586893777021,0.00863597000437397,0.0153178199814811,82.7703051737276,0.245951130826182,0.0777558110161183,-0.00463511360611509,-0.0486741348098542,0.716864883039546,0.0413583996161955,-10.385423205352,-2.05850974727246e-14,-0.0429869122185295,1.24938539551573e-13,0,0,0,0,1,0.673086199299627,0.673086199299627,79.6526652192044,22.1395154457809,4.02718237175506
28.87,0.157688307677561,0.027451183860731,0.288060439965088,0.0105008705404013,0.00864688435512345,0.0153631321953394,82.7741496370675,0.245962440479011,0.0777533590496532,-0.00458882316018933,-0.0486159032514041,0.716778329723502,0.0410112117285334,-10.3862069229852,-2.05850974727246e-14,-0.0429869122185295,1.24938539551573e-13,0,0,0,0,1,0.673086199299627,0.673086199299627,79.6520949582569,22.1567747586743,4.02255505789964
28.88,0.157797579120661,0.0275124645001396,0.288226041040096,0.0104433847289974,0.00865798456718479,0.0154081649370364,82.7779872136661,0.245973729788847,0.0777509035024421,-0.00454295345265539,-0.0485576005118219,0.716691723861495,0.040668793687841,-10.3869888433611,-2.05850974727246e-14,-0.0429869122185295,1.24938539551573e-13,0,0,0,0,1,0.673086199299627,0.673086199299627,79.6515122399131,22.1740405737705,4.01792106363645
28.89,0.157906300451771,0.0275737670518136,0.288392110157651,0.0103862427017735,0.00866926603672153,0.0154529101252052,82.7818178970913,0.245984998736814,0.0777484466127193,-0.00449750143426714,-0.04849922678383,0.716605098426572,0.0403310285786141,-10.3877691941118,-2.05850974727246e-14,-0.0429869122185295,1.24938539551573e-13,0,0,0,0,1,0.673086199299627,0.673086199299627,79.6509170543007,22.191312875705,4.01328040493787
28.9,0.158014475147592,0.0276350937312326,0.288558644696323,0.0103294543224043,0.0086807241103693,0.0154973602399092,82.7856416808664,0.2459962473039,0.0777459905436946,-0.00445246397991048,-0.0484407822316652,0.7165184853913,0.0399978024924872,-10.388548194831,-2.05850974727246e-14,-0.0429869122185295,1.24938539551573e-13,0,0,0,0,1,0.673086199299627,0.673086199299627,79.650309391751,22.2085916486703,4.00863309542626
28.91,0.158122106776927,0.0276964467201321,0.288725641956604,0.0102730286029148,0.00869235409122556,0.0155415083015166,82.7894585584707,0.246007475470963,0.0777435373840005,-0.0044078378943154,-0.0483822669921187,0.716431915728613,0.0396690044714389,-10.3893260571296,-2.05850974727246e-14,-0.0429869122185295,1.24938539551573e-13,0,0,0,0,1,0.673086199299627,0.673086199299627,79.6496892427882,22.2258768764411,4.00397914645951
28.92,0.158229198992489,0.0277578281652716,0.288893099166063,0.0102169737450105,0.00870415124468491,0.0155853478501206,82.7932685233406,0.246018683218736,0.0777410891481976,-0.00436361991754344,-0.0483236811755675,0.716345419413704,0.0393445264508076,-10.3901029846985,-2.05850974727246e-14,-0.0429869122185295,1.24938539551573e-13,0,0,0,0,1,0.673086199299627,0.673086199299627,79.6490565981188,22.2431685423991,3.9993185672158
28.93,0.158335755523123,0.0278192401772898,0.289061013484306,0.010161297179826,0.00871611080411945,0.0156288729254998,82.7970715688703,0.246029870527822,0.0777386477773344,-0.00431980673025694,-0.0482650248669945,0.716259025426927,0.0390242632022102,-10.3908791733759,-2.05850974727246e-14,-0.0429869122185295,1.24938539551573e-13,0,0,0,0,1,0.673086199299627,0.673086199299627,79.6484114486218,22.2604666295557,3.99465136477745
28.94,0.158441780166399,0.0278806848296441,0.289229382007753,0.0101060056061439,0.00872822797640419,0.0156720780476129,82.8008676884127,0.246041037378704,0.0777362151395605,-0.00427639495877601,-0.0482062981269973,0.716172761757658,0.0387081122764424,-10.3916548112209,-2.05850974727246e-14,-0.0429869122185295,1.24938539551573e-13,0,0,0,0,1,0.673086199299627,0.673086199299627,79.6477537853392,22.2777711205741,3.98997754421393
28.95,0.15854727678159,0.0279421641576333,0.289398201774234,0.0100511050271286,0.00874049794728716,0.0157149581976216,82.8046568752804,0.246052183751744,0.0777337930307898,-0.00423338117992932,-0.0481475009927863,0.716086655409074,0.0383959739464466,-10.3924300785918,-2.05850974727246e-14,-0.0429869122185295,1.24938539551573e-13,0,0,0,0,1,0.673086199299627,0.673086199299627,79.6470835994666,22.29508199779,3.98529710866396
28.96,0.158652249282992,0.0280036801574995,0.289567469767397,0.00999660078562329,0.00875291588660439,0.0157575087994352,82.8084391227465,0.246063309627187,0.0777313831754116,-0.00419076192570467,-0.0480886334791693,0.716000732403832,0.0380877511504172,-10.3932051482289,-2.05850974727246e-14,-0.0429869122185295,1.24938539551573e-13,0,0,0,0,1,0.673086199299627,0.673086199299627,79.6464008823447,22.312399243231,3.98061005941654
28.97,0.158756701633599,0.0280652347856085,0.289737182920962,0.00994249759805467,0.00876547695334004,0.0157997257017698,82.8122144240457,0.246074414985164,0.077728987227047,-0.0041485336877052,-0.0480296955795243,0.715915017790577,0.0377833494351131,-10.3939801853426,-2.05850974727246e-14,-0.0429869122185295,1.24938539551573e-13,0,0,0,0,1,0.673086199299627,0.673086199299627,79.6457056254506,22.3297228386353,3.97591639599102
28.98,0.158860637839096,0.0281268299577061,0.289907338122789,0.00988879958699048,0.00877817630053177,0.0158416051607155,82.8159827723752,0.246085499805694,0.0777266067693481,-0.00410669292141694,-0.0479706872667588,0.715829535651266,0.0374826768994413,-10.3947553477052,-2.05850974727246e-14,-0.0429869122185295,1.24938539551573e-13,0,0,0,0,1,0.673086199299627,0.673086199299627,79.6449978203903,22.3470527654693,3.97121611621613
28.99,0.158964061942178,0.0281884675482477,0.290077932218797,0.00983551031239236,0.00879100908002223,0.0158831438228035,82.8197441608957,0.246096564068689,0.0777242433168383,-0.00406523605029336,-0.0479116084942553,0.715744309109265,0.0371856441383721,-10.3955307857475,-2.05850974727246e-14,-0.0429869122185295,1.24938539551573e-13,0,0,0,0,1,0.673086199299627,0.673086199299627,79.6442774588902,22.3643890049442,3.96650921630776
29,0.159066978017163,0.0282501493897986,0.290248962016718,0.00978263280160697,0.00880397044705682,0.0159243387085658,82.8234985827326,0.246107607753955,0.0777218983157908,-0.00402415946966255,-0.0478524591968026,0.715659360338165,0.0368921641872399,-10.3963066426584,-2.05850974727246e-14,-0.0429869122185295,1.24938539551573e-13,0,0,0,0,1,0.673086199299627,0.673086199299627,79.6435445327906,22.3817315380314,3.96179569094583
29.01,0.159169390164895,0.0283118772725048,0.290420424289701,0.00973016957813639,0.00881705556472887,0.0159651871965798,82.8272460309769,0.246118630841195,0.0777195731451433,-0.00398345955046238,-0.0477932392915138,0.715574710571311,0.0366021524664813,-10.3970830544887,-2.05850974727246e-14,-0.0429869122185295,1.24938539551573e-13,0,0,0,0,1,0.673086199299627,0.673086199299627,79.6427990340382,22.3990803454773,3.95707553334978
29.02,0.159271302507937,0.0283736529436292,0.290592315779766,0.00967812268922814,0.00883025960827285,0.0160056870079885,82.8309864986863,0.246129633310016,0.0777172691174467,-0.00394313264280904,-0.0477339486787276,0.715490380111972,0.0363155267268577,-10.3978601502584,-2.05850974727246e-14,-0.0429869122185295,1.24938539551573e-13,0,0,0,0,1,0.673086199299627,0.673086199299627,79.6420409546796,22.4164354078172,3.95234873535297
29.03,0.159372719186014,0.0284354781071535,0.290764633201113,0.0096264937323241,0.00884357776920657,0.0160458361914901,82.8347199788864,0.246140615139928,0.077714987479846,-0.00390317507940419,-0.0476745872428962,0.71540638834416,0.0360322069952044,-10.3986380520666,-2.05850974727246e-14,-0.0429869122185295,1.24938539551573e-13,0,0,0,0,1,0.673086199299627,0.673086199299627,79.6412702868551,22.4337967053886,3.94761528747584
29.04,0.159473644351727,0.0284973544234427,0.290937373243298,0.00957528388040657,0.00885700525932369,0.0160856331087864,82.8384464645717,0.246151576310349,0.0777127294150908,-0.00386358317878589,-0.0476151548534569,0.715322753744008,0.0357521155207482,-10.399416875205,-2.05850974727246e-14,-0.0429869122185295,1.24938539551573e-13,0,0,0,0,1,0.673086199299627,0.673086199299627,79.6404870227923,22.4511642183429,3.94287517899781
29.05,0.159574082166501,0.0285592835089698,0.291110532574263,0.00952449390627877,0.00887053731453742,0.0161250764204832,82.8421659487068,0.246162516800608,0.0777104960425735,-0.00382435324842831,-0.0475556513656879,0.715239493891734,0.0354751767220276,-10.4001967282735,-2.05850974727246e-14,-0.0429869122185295,1.24938539551573e-13,0,0,0,0,1,0.673086199299627,0.673086199299627,79.6396911548009,22.4685379266577,3.93812839802786
29.06,0.159674036796774,0.0286212669360992,0.29128410784324,0.00947412420581617,0.00888416919857688,0.0161641650724325,82.8458784242275,0.24617343658995,0.0777082884193936,-0.00378548158769512,-0.0474960766215487,0.715156625484111,0.0352013171344506,-10.4009777132991,-2.05850974727246e-14,-0.0429869122185295,1.24938539551573e-13,0,0,0,0,1,0.673086199299627,0.673086199299627,79.6388826752666,22.4859178101466,3.93337493157388
29.07,0.159773512410411,0.0286833062329259,0.291458095683533,0.009424174820224,0.0088978962065375,0.0162028982825097,82.8495838840419,0.246184335657539,0.0777061075414457,-0.00374696449065147,-0.0474364304505036,0.715074164347424,0.0349304653585177,-10.4017599258565,-2.05850974727246e-14,-0.0429869122185295,1.24938539551573e-13,0,0,0,0,1,0.673086199299627,0.673086199299627,79.6380615766465,22.5033038484703,3.92861476561064
29.08,0.159872513173324,0.02874540288317,0.291632492715168,0.0093746454573353,0.00891171366828685,0.0162412755278148,82.8532823210318,0.246195213982458,0.0777039543445298,-0.00370879824873917,-0.0473767126703293,0.714992125450907,0.0346625520087406,-10.4025434551908,-2.05850974727246e-14,-0.0429869122185295,1.24938539551573e-13,0,0,0,0,1,0.673086199299627,0.673086199299627,79.637227851464,22.5206960211456,3.92384788514647
29.09,0.159971043246313,0.0288075583261226,0.29180729554743,0.00932553551198313,0.00892561695172744,0.0162792965322906,82.8569737280537,0.246206071543718,0.0777018297054813,-0.00367097915331978,-0.0473169230879056,0.714910522920577,0.0343975096632783,-10.403328384343,-2.05850974727246e-14,-0.0429869122185295,1.24938539551573e-13,0,0,0,0,1,0.673086199299627,0.673086199299627,79.636381492304,22.5380943075543,3.91907427428854
29.1,0.160069106782084,0.0288697739566424,0.291982500781283,0.00927684408547954,0.00893960146591833,0.0163169612547479,82.8606580979399,0.246216908320257,0.0776997344433201,-0.00363350349809001,-0.0472570614999895,0.714829370053494,0.0341352728143123,-10.404114790276,-2.05850974727246e-14,-0.0429869122185295,1.24938539551573e-13,0,0,0,0,1,0.673086199299627,0.673086199299627,79.6355224918089,22.5554986869514,3.91429391630678
29.11,0.160166707922478,0.0289320511252004,0.292158105011679,0.00922857000423288,0.00895366266405694,0.0163542698772898,82.8643354235001,0.246227724290948,0.0776976693204153,-0.00359636758137392,-0.0471971276939721,0.714748679332371,0.0338757778191833,-10.4049027440034,-2.05850974727246e-14,-0.0429869122185295,1.24938539551573e-13,0,0,0,0,1,0.673086199299627,0.673086199299627,79.6346508426741,22.572909138473,3.90950679369648
29.12,0.160263850795854,0.0289943911379712,0.292334104829758,0.00918071183753431,0.00896779604632316,0.0163912227941248,82.868005697522,0.246238519434598,0.0776956350436659,-0.00355956770829612,-0.0471371214486185,0.714668462440525,0.033618962852302,-10.4056923107187,-2.05850974727246e-14,-0.0429869122185295,1.24938539551573e-13,0,0,0,0,1,0.673086199299627,0.673086199299627,79.6337665376444,22.5903256411434,3.90471288823937
29.13,0.160360539514668,0.0290567952569688,0.292510496824946,0.00913326791454359,0.00898199716258741,0.0164278206007618,82.8716689127731,0.246249293729953,0.0776936322656944,-0.00352310019284027,-0.047077042534791,0.714588730277145,0.0333647678578518,-10.4064835499263,-2.05850974727246e-14,-0.0429869122185295,1.24938539551573e-13,0,0,0,0,1,0.673086199299627,0.673086199299627,79.6328695695102,22.6077481738818,3.89991218106343
29.14,0.160456778173195,0.0291192647002245,0.292687277586954,0.00908623634050302,0.00899626161498468,0.0164640640835755,82.8753250620017,0.246260047155706,0.0776916615860516,-0.00348696135979685,-0.0470168907161543,0.714509492972838,0.0331131345032965,-10.4072765155734,-2.05850974727246e-14,-0.0429869122185295,1.24938539551573e-13,0,0,0,0,1,0.673086199299627,0.673086199299627,79.631959931104,22.6251767155086,3.8951046527012
29.15,0.160552570845421,0.0291818006420059,0.292864443707674,0.00903961501220793,0.00901058506035649,0.0164999542097369,82.8789741379377,0.246270779690494,0.0776897235524324,-0.00345114754660419,-0.0469566657498638,0.714430759905436,0.0328640061336997,-10.408071256183,-2.05850974727246e-14,-0.0429869122185295,1.24938539551573e-13,0,0,0,0,1,0.673086199299627,0.673086199299627,79.6310376152973,22.6426112447508,3.89029028314673
29.16,0.160647921583079,0.0292444042130753,0.293041991782987,0.00899340163276109,0.00902496321256277,0.0165354921174964,82.8826161332947,0.246281491312905,0.0776878186618996,-0.00341565510508681,-0.0468963673872367,0.714352539716023,0.0326173277268706,-10.4088678149871,-2.05850974727246e-14,-0.0429869122185295,1.24938539551573e-13,0,0,0,0,1,0.673086199299627,0.673086199299627,79.6301026149974,22.6600517402479,3.88546905191104
29.17,0.160742834413823,0.029307076500984,0.293219918414478,0.00894759372563768,0.00903939184466591,0.0165706791068134,82.8862510407706,0.246292182001482,0.0776859473621152,-0.00338048040309456,-0.0468359953744052,0.714274840325184,0.0323730458493375,-10.4096662300609,-2.05850974727246e-14,-0.0429869122185295,1.24938539551573e-13,0,0,0,0,1,0.673086199299627,0.673086199299627,79.6291549231451,22.6774981805563,3.88064093807624
29.18,0.160837313339546,0.029369818550403,0.293398220211066,0.00890218864808668,0.00905386679098885,0.0166055166303232,82.8898788530488,0.246302851734727,0.077684110052577,-0.00334561982604647,-0.0467755494529526,0.714197668949422,0.03213110861316,-10.4104665344578,-2.05850974727246e-14,-0.0429869122185295,1.24938539551573e-13,0,0,0,0,1,0.673086199299627,0.673086199299627,79.6281945327112,22.6949505441543,3.87580592034814
29.19,0.160931362334818,0.0294326313634869,0.293576893790547,0.0088571836038936,0.00906838394904974,0.0166400062846317,82.8934995627999,0.246313500491103,0.0776823070858604,-0.0033110697783828,-0.0467150293605321,0.714121032117736,0.0318914656335777,-10.4112687563436,-2.05850974727246e-14,-0.0429869122185295,1.24938539551573e-13,0,0,0,0,1,0.673086199299627,0.673086199299627,79.6272214366949,22.7124088094459,3.87096397710753
29.2,0.161024985345452,0.02949551590027,0.293755935781059,0.00881257565552908,0.00908293928137506,0.01667414980193,82.8971131626823,0.246324128249036,0.077680538768862,-0.00327682668492876,-0.0466544348314676,0.714044935688337,0.0316540679875055,-10.4120729191319,-2.05850974727246e-14,-0.0429869122185295,1.24938539551573e-13,0,0,0,0,1,0.673086199299627,0.673086199299627,79.626235628121,22.729872954765,3.86611508645987
29.21,0.161118186287187,0.0295584730790921,0.293935342822464,0.00876836173570665,0.00909752881719374,0.0167079490419219,82.900719645344,0.246334734986925,0.0776788053640461,-0.00324288699217333,-0.0465937655973381,0.713969384865476,0.031418868172869,-10.4128790416191,-2.05850974727246e-14,-0.0429869122185295,1.24938539551573e-13,0,0,0,0,1,0.673086199299627,0.673086199299627,79.625237100038,22.7473429583786,3.8612592262838
29.22,0.161210969044476,0.0296215037770539,0.294115111567661,0.00872453865837265,0.00911214865401437,0.0167414059840528,82.9043190034236,0.24634532068314,0.077677107090691,-0.0032092471694664,-0.0465330213875437,0.713894384216359,0.0311858200687848,-10.4136871381194,-2.05850974727246e-14,-0.0429869122185295,1.24938539551573e-13,0,0,0,0,1,0.673086199299627,0.673086199299627,79.6242258455162,22.7648187984905,3.85639637427795
29.23,0.161303337469387,0.0296846088304985,0.294295238683823,0.0086811031291504,0.00912679495908808,0.0167745227200348,82.9079112295514,0.246355885316025,0.0776754441261351,-0.00317590371013751,-0.0464722019298553,0.713819937688128,0.0309548788965829,-10.4144972185993,-2.05850974727246e-14,-0.0429869122185295,1.24938539551573e-13,0,0,0,0,1,0.673086199299627,0.673086199299627,79.6232018576458,22.782300453244,3.85152650800658
29.24,0.161395295380598,0.0297477890355192,0.294475720853565,0.00863805175525991,0.00914146397075915,0.016807301446659,82.9114963163506,0.246366428863908,0.0776738166070204,-0.00314285313253923,-0.0464113069509462,0.713746048624909,0.0307260011816699,-10.4153092888119,-2.05850974727246e-14,-0.0429869122185295,1.24938539551573e-13,0,0,0,0,1,0.673086199299627,0.673086199299627,79.6221651295353,22.7997879007244,3.84664960494363
29.25,0.161486846562491,0.0298110451484906,0.294656554776042,0.00859538105493409,0.00915615199970602,0.0168397444588858,82.915074256439,0.246376951305097,0.0776722246305337,-0.00311009198101827,-0.0463503361769076,0.713672719784874,0.0304991447162271,-10.4161233504312,-2.05850974727246e-14,-0.0429869122185295,1.24938539551573e-13,0,0,0,0,1,0.673086199299627,0.673086199299627,79.6211156543102,22.8172811189619,3.84176564251547
29.26,0.161577994764335,0.0298743778866229,0.294837737167989,0.00855308746635124,0.00917085543007496,0.0168718541432072,82.9186450424294,0.24638745261789,0.0776706682556436,-0.00307761682681707,-0.046289289333746,0.713599953357322,0.0302742685227406,-10.416939401185,-2.05850974727246e-14,-0.0429869122185295,1.24938539551573e-13,0,0,0,0,1,0.673086199299627,0.673086199299627,79.6200534251113,22.8347800859337,3.83687459814221
29.27,0.161668743699554,0.0299377879285366,0.295019264764691,0.00851116735610353,0.00918557072050887,0.016903632971272,82.9222086669315,0.246397932780572,0.0776691475043321,-0.00304542426890901,-0.0462281661478648,0.713527750979754,0.030051332818361,-10.4177574349878,-2.05850974727246e-14,-0.0429869122185295,1.24938539551573e-13,0,0,0,0,1,0.673086199299627,0.673086199299627,79.6189784350938,22.8522847795661,3.83197644927761
29.28,0.161759097045074,0.0300012759148576,0.295201134320902,0.0084696170272201,0.00920029440507367,0.016935083493767,82.9257651225527,0.246408391771426,0.0776676623628205,-0.00301351093476964,-0.0461669663465283,0.713456113754924,0.0298302989800803,-10.4185774420722,-2.05850974727246e-14,-0.0429869122185295,1.24938539551573e-13,0,0,0,0,1,0.673086199299627,0.673086199299627,79.6178906774259,22.869795177736,3.82707117344768
29.29,0.161849058440752,0.0300648424488295,0.295383342611697,0.00842843272676293,0.00921502309408474,0.0169662083345464,82.9293144018993,0.24641882956873,0.0776662127827879,-0.00298187348108691,-0.0461056896583094,0.713385042267849,0.0296111295107255,-10.4193994091206,-2.05850974727246e-14,-0.0429869122185295,1.24938539551573e-13,0,0,0,0,1,0.673086199299627,0.673086199299627,79.6167901452883,22.887311258273,3.82215874828782
29.3,0.161938631488873,0.0301284880969439,0.295565886433275,0.00838761065301313,0.00922975347483584,0.0169970101850021,82.9328564975779,0.246429246150764,0.0776647986825822,-0.00295050859441277,-0.0460443358135209,0.713314536602768,0.0293937880057576,-10.4202233193943,-2.05850974727246e-14,-0.0429869122185295,1.24938539551573e-13,0,0,0,0,1,0.673086199299627,0.673086199299627,79.6156768318729,22.9048329989608,3.81723915157866
29.31,0.162027819753717,0.0301922133895857,0.295748762603712,0.00834714696226465,0.00924448231223317,0.0170274917986672,82.9363914021964,0.246439641495811,0.0776634199484216,-0.00291941299175876,-0.0459829045446304,0.713244596360027,0.029178239120869,-10.421049152863,-2.05850974727246e-14,-0.0429869122185295,1.24938539551573e-13,0,0,0,0,1,0.673086199299627,0.673086199299627,79.6145507303822,22.9223603775384,3.81231236128054
29.32,0.162116626761193,0.0302560188216926,0.295931967963652,0.00830703777524166,0.00925920644933672,0.0170576559860472,82.9399191083649,0.246450015582166,0.0776620764355872,-0.00288858342113798,-0.045921395586659,0.71317522067287,0.0289644485403714,-10.4218768863325,-2.05850974727246e-14,-0.0429869122185295,1.24938539551573e-13,0,0,0,0,1,0.673086199299627,0.673086199299627,79.6134118340286,22.9398933717014,3.80737835556668
29.33,0.162205055998526,0.0303199048534283,0.296115499376963,0.00826727918315567,0.00927392280781186,0.0170875056096691,82.9434396086974,0.246460368388129,0.0776607679696046,-0.00285801666205575,-0.0458598086775639,0.713106408224151,0.0287523829463633,-10.4227064935711,-2.05850974727246e-14,-0.0429869122185295,1.24938539551573e-13,0,0,0,0,1,0.673086199299627,0.673086199299627,79.6122601360341,22.9574319591031,3.802437112855
29.34,0.162293110914017,0.0303838719108668,0.296299353731334,0.00822786725341752,0.00928862838829319,0.017117043579345,82.9469528958124,0.246470699892021,0.0776594943474144,-0.00282770952595135,-0.0457981435586055,0.713038157262912,0.0285420099886682,-10.4235379454345,-2.05850974727246e-14,-0.0429869122185295,1.24938539551573e-13,0,0,0,0,1,0.673086199299627,0.673086199299627,79.6110956296295,22.9749761173554,3.79748861183867
29.35,0.162380794916837,0.0304479203866878,0.296483527938838,0.00818879803501909,0.00930332027066359,0.01714627284764,82.9504589623342,0.246481010072176,0.0776582553385309,-0.00279765885659289,-0.0457363999746987,0.712970465620839,0.0283332982555345,-10.4243712099902,-2.05850974727246e-14,-0.0429869122185295,1.24938539551573e-13,0,0,0,0,1,0.673086199299627,0.673086199299627,79.6099183080543,22.9925258240299,3.79253283151532
29.36,0.162468111376895,0.030512050640882,0.296668018936443,0.00815006756359899,0.00931799561425059,0.0171751964055415,82.953957800894,0.246491298906952,0.0776570506861879,-0.00276786153042754,-0.0456745776747488,0.712903330728595,0.0281262172450837,-10.4252062526396,-2.05850974727246e-14,-0.0429869122185295,1.24938539551573e-13,0,0,0,0,1,0.673086199299627,0.673086199299627,79.6087281645562,23.0100810566583,3.78756975121508
29.37,0.162555063624733,0.0305762630014637,0.296852823686486,0.00811167186620603,0.00933265165794277,0.0172038172783194,82.9574494041312,0.24650156637473,0.0776558801084715,-0.00273831445688915,-0.045612676411972,0.712836749631988,0.0279207373374995,-10.4260430362387,-2.05850974727246e-14,-0.0429869122185295,1.24938539551573e-13,0,0,0,0,1,0.673086199299627,0.673086199299627,79.6075251923911,23.0276417927333,3.78259935062724
29.38,0.162641654951479,0.0306405577651924,0.297037939177111,0.0080736069657736,0.00934728572022869,0.0172321385215751,82.9609337646938,0.246511812453917,0.0776547432994386,-0.00270901457866521,-0.0455506959442016,0.712770719007977,0.0277168297679433,-10.4268815212175,-2.05850974727246e-14,-0.0429869122185295,1.24938539551573e-13,0,0,0,0,1,0.673086199299627,0.673086199299627,79.6063093848227,23.0452080097094,3.77762160982579
29.39,0.162727888608841,0.0307049351982993,0.297223362422662,0.00803586888531801,0.00936189519916057,0.0172601632174694,82.9644108752403,0.246522037122954,0.0776536399302212,-0.00267995887192513,-0.0454886360341784,0.712705235180518,0.0275144666001861,-10.4277216656974,-2.05850974727246e-14,-0.0429869122185295,1.24938539551573e-13,0,0,0,0,1,0.673086199299627,0.673086199299627,79.605080735123,23.0627796850028,3.77263650929364
29.4,0.162813767809135,0.0307693955372195,0.297409090464043,0.00799845365187285,0.00937647757224551,0.0172878944711267,82.96788072844,0.246532240360313,0.0776525696501157,-0.00265114434651165,-0.0454264964498274,0.712640294136218,0.0273136207009469,-10.4285634256077,-2.05850974727246e-14,-0.0429869122185295,1.24938539551573e-13,0,0,0,0,1,0.673086199299627,0.673086199299627,79.6038392365716,23.0803567959927,3.76764402994573
29.41,0.162899295725359,0.0308339389893296,0.297595120369047,0.00796135730017147,0.00939103039626648,0.0173153354072063,82.9713433169746,0.246542422144504,0.0776515320876563,-0.00262256804609715,-0.04536427696452,0.712575891539806,0.0271142657149207,-10.4294067547987,-2.05850974727246e-14,-0.0429869122185295,1.24938539551573e-13,0,0,0,0,1,0.673086199299627,0.673086199299627,79.6025848824562,23.0979393200211,3.76264415315088
29.42,0.16298447549129,0.0308985657336867,0.29778144923265,0.00792457587608897,0.00940555130703553,0.0173424891666379,82.9747986335386,0.246552582454074,0.0776505268516723,-0.00259422704830666,-0.0453019773573218,0.7125120227494,0.0269163760404894,-10.4302516051552,-2.05850974727246e-14,-0.0429869122185295,1.24938539551573e-13,0,0,0,0,1,0.673086199299627,0.673086199299627,79.6013176660727,23.1155272343935,3.75763686075255
29.43,0.163069310201626,0.0309632759217722,0.297968074177267,0.00788810543985472,0.00942003801908175,0.017369358903514,82.978246670841,0.246562721267615,0.0776495535323297,-0.00256611846480916,-0.0452395974132268,0.712448682831567,0.0267199268061,-10.4310979267061,-2.05850974727246e-14,-0.0429869122185295,1.24938539551573e-13,0,0,0,0,1,0.673086199299627,0.673086199299627,79.6000375807252,23.1331205163791,3.75262213508839
29.44,0.163153802912153,0.031028069678235,0.298154992352991,0.00785194206904603,0.00943448832527621,0.0173959477821346,82.9816874216056,0.246572838563764,0.0776486117021546,-0.0025382394413788,-0.0451771369233782,0.712385866576166,0.0265248938472987,-10.4319456677335,-2.05850974727246e-14,-0.0429869122185295,1.24938539551573e-13,0,0,0,0,1,0.673086199299627,0.673086199299627,79.5987446197266,23.1507191432113,3.74759995900871
29.45,0.163237956639933,0.0310929471016375,0.298342200937788,0.0078160818613733,0.00944890009639649,0.0174222589741982,82.9851208785722,0.246582934321205,0.0776477009170402,-0.00251058715792761,-0.0451145956852755,0.71232356851097,0.0263312536844078,-10.4327947748793,-2.05850974727246e-14,-0.0429869122185295,1.24938539551573e-13,0,0,0,0,1,0.673086199299627,0.673086199299627,79.5974387763982,23.1683230920878,3.74257031589384
29.46,0.163321774363533,0.0311579082652,0.298529697137681,0.00778052093726633,0.00946327128063285,0.0174482956561344,82.9885470344977,0.246593008518674,0.0776468207172356,-0.00248315882851114,-0.0450519735029688,0.712261782916059,0.0261389835008342,-10.4336451932495,-2.05850974727246e-14,-0.0429869122185295,1.24938539551573e-13,0,0,0,0,1,0.673086199299627,0.673086199299627,79.5961200440711,23.1859323401709,3.73753318967039
29.47,0.163405259023267,0.0312229532175455,0.298717478186894,0.00774525544227143,0.00947759990303864,0.0174740610065731,82.9919658821568,0.246603061134959,0.0776459706283169,-0.00245595170130855,-0.0449892701872399,0.712200503837972,0.025948061121996,-10.4344968665177,-2.05850974727246e-14,-0.0429869122185295,1.24938539551573e-13,0,0,0,0,1,0.673086199299627,0.673086199299627,79.5947884160853,23.203546864588,3.73248856482648
29.48,0.163488413521461,0.0312880819834418,0.298905541347976,0.0077102815492683,0.00949188406492713,0.0174995582039451,82.9953774143428,0.246613092148905,0.0776451501621397,-0.0024289630585784,-0.0449264855557716,0.71213972510362,0.0257584649948527,-10.4353497370249,-2.05850974727246e-14,-0.0429869122185295,1.24938539551573e-13,0,0,0,0,1,0.673086199299627,0.673086199299627,79.5934438857912,23.2211666424315,3.72743642642591
29.49,0.163571240722748,0.0313532945645422,0.299093883911906,0.00767559546051556,0.00950612194321707,0.017524790424209,82.9987816238688,0.246623101539416,0.077644358817773,-0.00240219021659162,-0.0448636194333039,0.71207944033395,0.0255701741680308,-10.4362037458788,-2.05850974727246e-14,-0.0429869122185295,1.24938539551573e-13,0,0,0,0,1,0.673086199299627,0.673086199299627,79.5920864465492,23.2387916507592,3.72237676012132
29.5,0.163653743454368,0.031418590940123,0.299282503198169,0.00764119340953323,0.00952031178972923,0.0175497608387008,83.0021785035682,0.246633089285456,0.0776435960824143,-0.00237563052554281,-0.0448006716517784,0.712019642957357,0.025383168272528,-10.43705883305,-2.05850974727246e-14,-0.0429869122185295,1.24938539551573e-13,0,0,0,0,1,0.673086199299627,0.673086199299627,79.5907160917311,23.2564218665949,3.71730955216631
29.51,0.163735924506498,0.0314839710678171,0.299471396554813,0.00760707166283034,0.00953445193043614,0.0175744726121008,83.0055680462959,0.246643055366054,0.0776428614322852,-0.00234928136944122,-0.0447376420504713,0.711960326222842,0.0251974275029846,-10.4379149374667,-2.05850974727246e-14,-0.0429869122185295,1.24938539551573e-13,0,0,0,0,1,0.673086199299627,0.673086199299627,79.5893328147195,23.274057266928,3.7122347894267
29.52,0.163817786632594,0.0315494348843437,0.299660561358484,0.00757322652148543,0.00954854076466727,0.0175989289005129,83.0089502449286,0.246652999760305,0.0776421543335083,-0.00232314016598247,-0.0446745304761144,0.711901483212894,0.0250129325995113,-10.4387719971065,-2.05850974727246e-14,-0.0429869122185295,1.24938539551573e-13,0,0,0,0,1,0.673086199299627,0.673086199299627,79.5879366089091,23.2916978287142,3.70715245939072
29.53,0.163899332549742,0.0316149823062328,0.299849995014449,0.00753965432258727,0.00956257676427177,0.0176231328496538,83.0123250923663,0.246662922447371,0.0776414742429644,-0.00229720436640226,-0.0446113367830055,0.71184310685613,0.0248296648300573,-10.4396299490873,-2.05850974727246e-14,-0.0429869122185295,1.24938539551573e-13,0,0,0,0,1,0.673086199299627,0.673086199299627,79.5865274677072,23.3093435288759,3.70206255017831
29.54,0.163980564939031,0.0316806132305442,0.300039694956586,0.00750635144054322,0.00957655847274094,0.017647087593146,83.0156925815321,0.246672823406485,0.0776408206091293,-0.00227147145531304,-0.0445480608331069,0.711785189939643,0.0246476059733113,-10.4404887297548,-2.05850974727246e-14,-0.0429869122185295,1.24938539551573e-13,0,0,0,0,1,0.673086199299627,0.673086199299627,79.585105384534,23.3269943443018,3.69696505054953
29.55,0.164061486445932,0.0317463275355811,0.300229658647374,0.00747331428826181,0.00959048450429248,0.0176707962509118,83.0190527053741,0.246682702616955,0.077640192872892,-0.00224593895052488,-0.0444847024961342,0.711727725121091,0.0244667383021164,-10.4413482747685,-2.05850974727246e-14,-0.0429869122185295,1.24938539551573e-13,0,0,0,0,1,0.673086199299627,0.673086199299627,79.583670352823,23.3446502518482,3.69185994991207
29.56,0.164142099680692,0.0318121250815966,0.300419883577852,0.00744053931821638,0.00960435354291875,0.0176942619276636,83.0224054568652,0.24669256005816,0.077639590468352,-0.00222060440285127,-0.0444212616496344,0.711670704940511,0.024287044567394,-10.4422085191856,-2.05850974727246e-14,-0.0429869122185295,1.24938539551573e-13,0,0,0,0,1,0.673086199299627,0.673086199299627,79.5822223660224,23.3623112283386,3.68674723832791
29.57,0.164222407218733,0.0318780057114931,0.30061036726757,0.00740802302339586,0.00961816434140081,0.0177174877114876,83.0257508290042,0.24670239570956,0.0776390128235972,-0.00219546539590112,-0.0443577381790535,0.711614121831851,0.0241085079825581,-10.4430693975424,-2.05850974727246e-14,-0.0429869122185295,1.24938539551573e-13,0,0,0,0,1,0.673086199299627,0.673086199299627,79.580761417595,23.3799772505642,3.68162690651913
29.58,0.164302411601065,0.0319439692515145,0.300801107264524,0.00737576193814907,0.00963191572029054,0.0177404766725157,83.0290888148164,0.246712209550692,0.0776384593614615,-0.00217051954585761,-0.0442941319777947,0.711557968134224,0.0239311122084129,-10.4439308439332,-2.05850974727246e-14,-0.0429869122185295,1.24938539551573e-13,0,0,0,0,1,0.673086199299627,0.673086199299627,79.579287501019,23.3976482952845,3.67649894587287
29.59,0.164382115334703,0.0320100155119305,0.300992101145076,0.00734375263892796,0.00964560656686259,0.017763231861684,83.0324194073545,0.246722001561175,0.0776379295002624,-0.00214576450124499,-0.0442304429472667,0.711502236102887,0.0237548413385175,-10.4447927920884,-2.05850974727246e-14,-0.0429869122185295,1.24938539551573e-13,0,0,0,0,1,0.673086199299627,0.673086199299627,79.5778006097887,23.4153243392274,3.67136334844558
29.6,0.164461520893087,0.0320761442877121,0.301183346513861,0.00731199174493569,0.00965923583403818,0.0177857563095726,83.0357425996988,0.246731771720709,0.0776374226545181,-0.00212119794268409,-0.0441666709969231,0.711446917919937,0.0235796798850108,-10.4456551754485,-2.05850974727246e-14,-0.0429869122185295,1.24938539551573e-13,0,0,0,0,1,0.673086199299627,0.673086199299627,79.5763007374154,23.4330053590899,3.6662201069664
29.61,0.164540630716521,0.0321423553591991,0.301374841003681,0.00728047591868471,0.0096728025392827,0.0178080530253244,83.0390583849583,0.246741520009082,0.0776369382356453,-0.00209681758263727,-0.0441028160442927,0.711392005704713,0.0234056127648793,-10.4465179272375,-2.05850974727246e-14,-0.0429869122185295,1.24938539551573e-13,0,0,0,0,1,0.673086199299627,0.673086199299627,79.5747878774275,23.4506913315384,3.66106921483989
29.62,0.164619447212601,0.0322086484927574,0.301566582275386,0.00724920186646992,0.00968630576347881,0.0178301249956391,83.042366756271,0.246751246406166,0.0776364756526359,-0.00207262116514377,-0.0440388780150003,0.711337491523931,0.0232326252866622,-10.4473809805334,-2.05850974727246e-14,-0.0429869122185295,1.24938539551573e-13,0,0,0,0,1,0.673086199299627,0.673086199299627,79.5732620233716,23.4683822332094,3.6559106661479
29.63,0.164697972756656,0.0322750234414277,0.301758568017752,0.00721816633876192,0.00969974464977709,0.0178519751838397,83.0456677068045,0.246760950891922,0.0776360343127142,-0.00204860646554612,-0.0439748568427802,0.711283367401528,0.0230607031375775,-10.4482442683362,-2.05850974727246e-14,-0.0429869122185295,1.24938539551573e-13,0,0,0,0,1,0.673086199299627,0.673086199299627,79.5717231688132,23.4860780407095,3.6507444556509
29.64,0.164776209692192,0.032341479945564,0.301950795947333,0.00718736613052489,0.00971311840242579,0.017873606529008,83.0489612297568,0.246770633446402,0.0776356136219741,-0.0020247712902082,-0.0439107524694808,0.711229625328219,0.0228898323710609,-10.4491077236347,-2.05850974727246e-14,-0.0429869122185295,1.24938539551573e-13,0,0,0,0,1,0.673086199299627,0.673086199299627,79.5701713073369,23.5037787306167,3.64557057878849
29.65,0.164854160331334,0.0324080177334618,0.302143263808322,0.00715679808146362,0.00972642628558156,0.0178950219451864,83.0522473183565,0.246780294049749,0.0776352129859958,-0.00200111347622588,-0.0438465648450611,0.711176257270773,0.0227199993947066,-10.4499712794706,-2.05850974727246e-14,-0.0429869122185295,1.24938539551573e-13,0,0,0,0,1,0.673086199299627,0.673086199299627,79.5686064325476,23.5214842794803,3.64038903167931
29.66,0.164931826955277,0.0324746365219765,0.302335969372384,0.007126459076204,0.00973966762210289,0.0179162243206429,83.0555259658637,0.246789932682197,0.0776348318104435,-0.00197763089113069,-0.0437822939275803,0.711123255181015,0.0225511909585959,-10.4508348689999,-2.05850974727246e-14,-0.0429869122185295,1.24938539551573e-13,0,0,0,0,1,0.673086199299627,0.673086199299627,79.5670285380708,23.5391946638219,3.63519981112032
29.67,0.165009211814731,0.0325413360171302,0.302528910438496,0.0070963460444109,0.00975284179232784,0.0179372165171966,83.05879716557,0.246799549324079,0.0776344695016421,-0.0019543214325872,-0.0437179396831791,0.711070611004527,0.0223833941440083,-10.4516984255533,-2.05850974727246e-14,-0.0429869122185295,1.24938539551573e-13,0,0,0,0,1,0.673086199299627,0.673086199299627,79.5654376175536,23.5569098601363,3.63000291458543
29.68,0.165086317130371,0.0326081159147087,0.302722084832769,0.00706645596084757,0.00976594823283774,0.0179580013696016,83.0620609107997,0.24680914395582,0.0776341254671354,-0.00193118302808476,-0.0436535020860544,0.711018316689085,0.0222165963524998,-10.4525618826936,-2.05850974727246e-14,-0.0429869122185295,1.24938539551573e-13,0,0,0,0,1,0.673086199299627,0.673086199299627,79.563833664665,23.5746298448914,3.62479834022355
29.69,0.165163145093287,0.0326749759008459,0.302915490408267,0.00703678584538003,0.00977898643520841,0.0179785816849853,83.0653171949096,0.246818716557943,0.0776337991162239,-0.00190821363462407,-0.0435889811184272,0.710966364192805,0.0220507852953406,-10.4534251742713,-2.05850974727246e-14,-0.0429869122185295,1.24938539551573e-13,0,0,0,0,1,0.673086199299627,0.673086199299627,79.5622166730965,23.5923545945296,3.61958608685609
29.7,0.16523969786543,0.0327419156525985,0.303109125044818,0.00700733276293013,0.00979195594475053,0.0179989602423405,83.0685660112896,0.246828267111073,0.0776334898604839,-0.00188541123839919,-0.0435243767705033,0.710914745492019,0.0218859489833019,-10.4542882344785,-2.05850974727246e-14,-0.0429869122185295,1.24938539551573e-13,0,0,0,0,1,0.673086199299627,0.673086199299627,79.5605866365634,23.6100840854683,3.61436615397385
29.71,0.165315977580063,0.0328089348385078,0.303302986648815,0.00697809382338072,0.0098048563592406,0.0180191397920668,83.0718073533636,0.24683779559593,0.0776331971142665,-0.00186277385447551,-0.0434596890404284,0.710863452588864,0.0217220757167815,-10.4551509978997,-2.05850974727246e-14,-0.0429869122185295,1.24938539551573e-13,0,0,0,0,1,0.673086199299627,0.673086199299627,79.5589435488046,23.6278182941008,3.60913854173346
29.72,0.165391986342206,0.0328760331191507,0.30349707315302,0.00694906618143596,0.00981768732764395,0.0180391230555604,83.0750412145892,0.246847301993339,0.0776329202951783,-0.00184029952646404,-0.0433949179342367,0.710812477518604,0.0215591540762583,-10.4560133995617,-2.05850974727246e-14,-0.0429869122185295,1.24938539551573e-13,0,0,0,0,1,0.673086199299627,0.673086199299627,79.557287403584,23.6455571967971,3.60390325095324
29.73,0.165467726229081,0.0329432101476781,0.303691382516349,0.00692024703644007,0.0098304485488313,0.0180589127248505,83.0782675884585,0.246856786284225,0.0776326588245427,-0.00181798632619271,-0.0433300634657932,0.710761812356677,0.021397172913067,-10.4568753749807,-2.05850974727246e-14,-0.0429869122185295,1.24938539551573e-13,0,0,0,0,1,0.673086199299627,0.673086199299627,79.5556181946902,23.6633007699045,3.5986602831086
29.74,0.165543199290555,0.0330104655703419,0.303885912723664,0.00689163363215725,0.00984313977029021,0.0180785114622777,83.0814864684984,0.246866248449618,0.0776324121278427,-0.00179583235337493,-0.0432651256567315,0.710711449225465,0.0212361213404831,-10.4577368602079,-2.05850974727246e-14,-0.0429869122185295,1.24938539551573e-13,0,0,0,0,1,0.673086199299627,0.673086199299627,79.5539359159382,23.6810489897488,3.59340964032698
29.75,0.165618407549578,0.0330777990270099,0.304080661785555,0.00686322325651576,0.00985576078683277,0.018097921900215,83.0846978482709,0.246875688470649,0.0776321796351451,-0.00177383573527588,-0.0432001045363851,0.710661380300812,0.0210759887251088,-10.4585977918725,-2.05850974727246e-14,-0.0429869122185295,1.24938539551573e-13,0,0,0,0,1,0.673086199299627,0.673086199299627,79.552240561169,23.6988018326353,3.58815132538231
29.76,0.165693353002625,0.0331452101516679,0.304275627738114,0.00683501324131858,0.00986831143930083,0.0181171466408277,83.0879017213735,0.246885106328559,0.0776319607815065,-0.00175199462637697,-0.0431350001417145,0.710611597818249,0.0209167646785521,-10.4594581072235,-2.05850974727246e-14,-0.0429869122185295,1.24938539551573e-13,0,0,0,0,1,0.673086199299627,0.673086199299627,79.550532124251,23.7165592748493,3.58288534168909
29.77,0.165768037620125,0.0332126985729101,0.304470808642713,0.00680700096192339,0.00988079161327014,0.0181361882558716,83.0910980814394,0.24689450200469,0.0776317550073608,-0.00173030720803887,-0.0430698125172285,0.710562094078986,0.020758439049389,-10.460317744169,-2.05850974727246e-14,-0.0429869122185295,1.24938539551573e-13,0,0,0,0,1,0.673086199299627,0.673086199299627,79.5488105990798,23.7343212926575,3.57761169329602
29.78,0.165842463346896,0.0332802639144171,0.304666202585771,0.00677918383689415,0.00989320123775445,0.0181550492865254,83.0942869221378,0.246903875480496,0.0776315617588897,-0.00170877168816333,-0.043004541714902,0.710512861455624,0.0206010019154004,-10.4611766413137,-2.05850974727246e-14,-0.0429869122185295,1.24938539551573e-13,0,0,0,0,1,0.673086199299627,0.673086199299627,79.5470759795795,23.7520878623089,3.57233038487926
29.79,0.165916632102567,0.0333479057954213,0.304861807678521,0.00675155932762659,0.00990554028391092,0.018173732243258,83.0974682371745,0.246913226737535,0.0776313804883746,-0.00168738630085429,-0.0429391877940879,0.710463892397615,0.0204444435760766,-10.4620347379948,-2.05850974727246e-14,-0.0429869122185295,1.24938539551573e-13,0,0,0,0,1,0.673086199299627,0.673086199299627,79.5453282597027,23.7698589600356,3.56704142173531
29.8,0.165990545782009,0.0334156238311599,0.305057622056774,0.00672412493794972,0.00991780876374797,0.018192239605728,83.1006420202914,0.246922555757476,0.0776312106545318,-0.00166614930607851,-0.0428737508214268,0.710415179436473,0.0202887545453799,-10.4628919743156,-2.05850974727246e-14,-0.0429869122185295,1.24938539551573e-13,0,0,0,0,1,0.673086199299627,0.673086199299627,79.5435674334313,23.7876345620544,3.56174480977355
29.81,0.166064206255745,0.0334834176333153,0.305253643880678,0.0066968782137056,0.00993000672883656,0.0182105738227122,83.1038082652677,0.246931862522094,0.0776310517228303,-0.00164505898932607,-0.0428082308707505,0.710366715190728,0.0201339255447578,-10.4637482911777,-2.05850974727246e-14,-0.0429869122185295,1.24938539551573e-13,0,0,0,0,1,0.673086199299627,0.673086199299627,79.5417934947769,23.8054146445672,3.55644055550845
29.82,0.16613761537037,0.0335512868104439,0.305449871334479,0.00666981674230899,0.00994213426902612,0.0182287373120645,83.1069669659193,0.246941147013278,0.077630903165793,-0.00162411366127096,-0.0427426280229836,0.710318492370636,0.0199799474963991,-10.4646036303113,-2.05850974727246e-14,-0.0429869122185295,1.24938539551573e-13,0,0,0,0,1,0.673086199299627,0.673086199299627,79.5400064377815,23.8231991837627,3.55112866605145
29.83,0.166210774948963,0.0336192309683908,0.305646302626273,0.00664293815228912,0.00995419151116609,0.0182467324607009,83.1101181160995,0.246950409213024,0.0776307644632811,-0.00160331165743213,-0.0426769423660404,0.710270503782648,0.019826811516725,-10.4654579343033,-2.05850974727246e-14,-0.0429869122185295,1.24938539551573e-13,0,0,0,0,1,0.673086199299627,0.673086199299627,79.5382062565176,23.8409881558172,3.54580914910255
29.84,0.166283686791485,0.033687249710694,0.305842935987763,0.006616240112815,0.00996617861783412,0.0182645616246108,83.113261709699,0.24695964910344,0.0776306351027623,-0.00158265133783516,-0.0426111739947194,0.710222742333637,0.0196745089101081,-10.4663111466244,-2.05850974727246e-14,-0.0429869122185295,1.24938539551573e-13,0,0,0,0,1,0.673086199299627,0.673086199299627,79.5363929450891,23.8587815368962,3.54048201294165
29.85,0.166356352675185,0.0337553426389744,0.306039769674009,0.00658972033320609,0.00997809578607179,0.0182822271288919,83.1163977406461,0.246968866666747,0.0776305145795629,-0.00156213108667486,-0.0425453230105938,0.710175201034884,0.0195230311628133,-10.4671632116539,-2.05850974727246e-14,-0.0429869122185295,1.24938539551573e-13,0,0,0,0,1,0.673086199299627,0.673086199299627,79.5345664976314,23.8765793031549,3.53514726641957
29.86,0.166428774354997,0.0338235093533148,0.306236801963182,0.00656337656242989,0.00998994324612885,0.0182997312678088,83.1195262029067,0.246978061885276,0.0776304023971042,-0.001541749311979,-0.0424793895219,0.710127873005845,0.019372369937149,-10.4680140747033,-2.05850974727246e-14,-0.0429869122185295,1.24938539551573e-13,0,0,0,0,1,0.673086199299627,0.673086199299627,79.5327269083122,23.8943814307401,3.52980491894887
29.87,0.166500953563925,0.0338917494526254,0.306434031156308,0.0065372065885879,0.0100017212602169,0.0183170763048726,83.1226470904848,0.24698723474147,0.077630298067124,-0.00152150444527332,-0.0424133736434225,0.710080751477681,0.0192225170658281,-10.4688636820377,-2.05850974727246e-14,-0.0429869122185295,1.24938539551573e-13,0,0,0,0,1,0.673086199299627,0.673086199299627,79.5308741713314,23.9121878957908,3.52445498049447
29.88,0.16657289201343,0.0339600625349984,0.306631455577021,0.0065112082383913,0.0100134301212733,0.0183342644729411,83.1257603974223,0.246996385217886,0.0776302011098819,-0.00150139494124822,-0.0423472754963771,0.710033829796563,0.0190734645465274,-10.4697119808962,-2.05850974727246e-14,-0.0429869122185295,1.24938539551573e-13,0,0,0,0,1,0.673086199299627,0.673086199299627,79.5290082809221,23.92999867444,3.51909746156397
29.89,0.166644591393814,0.0340284481980488,0.30682907357131,0.0064853793766278,0.010025070151736,0.0183512979743377,83.1288661177992,0.247005513297194,0.0776301110543505,-0.00148141927742699,-0.0422810952082917,0.709987101426763,0.0189252045366409,-10.4705589195102,-2.05850974727246e-14,-0.0429869122185295,1.24938539551573e-13,0,0,0,0,1,0.673086199299627,0.673086199299627,79.5271292313505,23.9478137428158,3.51373237319785
29.9,0.166716053374588,0.0340969060392445,0.307026883507263,0.00645971790562081,0.0100366417023303,0.0183681789809884,83.1319642457337,0.247014618962176,0.0776300274383924,-0.0014615759538361,-0.0422148329128841,0.709940559953525,0.0187777293482195,-10.4714044471207,-2.05850974727246e-14,-0.0429869122185295,1.24938539551573e-13,0,0,0,0,1,0.673086199299627,0.673086199299627,79.5252370169166,23.9656330770426,3.50835972695948
29.91,0.166787279604847,0.0341654356562235,0.307224883774817,0.00643422176468208,0.0100481451508682,0.0183849096345759,83.1350547753824,0.247023702195727,0.0776299498089221,-0.0014418634926775,-0.042148488749939,0.709894199085732,0.0186310314430928,-10.4722485139935,-2.05850974727246e-14,-0.0429869122185295,1.24938539551573e-13,0,0,0,0,1,0.673086199299627,0.673086199299627,79.5233316319544,23.9834566532421,3.50297953492494
29.92,0.166858271713627,0.0342340366470994,0.307423072785504,0.00640888892955899,0.010059580901061,0.0184014920467089,83.1381377009401,0.247032762980858,0.0776298777220545,-0.00142228043800309,-0.0420820628651828,0.709848012658358,0.0184851034281641,-10.4730910714336,-2.05850974727246e-14,-0.0429869122185295,1.24938539551573e-13,0,0,0,0,1,0.673086199299627,0.673086199299627,79.521413070832,24.0012844475353,3.49759180967271
29.93,0.16692903131027,0.0343027086107554,0.307621448972195,0.00638371741187754,0.0100709493813456,0.0184179282991062,83.1412130166402,0.247041801300692,0.07762981074324,-0.00140282535539162,-0.0420155554101567,0.70980199463472,0.018339938050877,-10.4739320717974,-2.05850974727246e-14,-0.0429869122185295,1.24938539551573e-13,0,0,0,0,1,0.673086199299627,0.673086199299627,79.5194813279526,24.0191164360434,3.49219656427321
29.94,0.166999559984772,0.0343714511471262,0.307820010788848,0.00635870525858187,0.0100822510437256,0.0184342204437948,83.1442807167542,0.247050817138465,0.0776297484473859,-0.00138349683162806,-0.0419489665420885,0.709756139108538,0.0181955281948411,-10.4747714685043,-2.05850974727246e-14,-0.0429869122185295,1.24938539551573e-13,0,0,0,0,1,0.673086199299627,0.673086199299627,79.517536397754,24.0369525948891,3.48679381227824
29.95,0.167069859308129,0.0344402638574681,0.308018756710252,0.00633385055137146,0.0100934863626279,0.0184503705033201,83.1473407955923,0.247059810477529,0.0776296904189652,-0.00136429347438556,-0.0418822964237634,0.709710440305794,0.0180518668756205,-10.4756092160462,-2.05850974727246e-14,-0.0429869122185295,1.24938539551573e-13,0,0,0,0,1,0.673086199299627,0.673086199299627,79.5155782747094,24.0547929001979,3.48138356771034
29.96,0.167139930832681,0.0345091463446187,0.308217685231779,0.00630915140613658,0.0101046558337741,0.0184663804709688,83.1503932475032,0.247068781301347,0.0776296362521126,-0.00134521391191012,-0.0418155452233931,0.709664892586405,0.0179089472366713,-10.4764452699962,-2.05850974727246e-14,-0.0429869122185295,1.24938539551573e-13,0,0,0,0,1,0.673086199299627,0.673086199299627,79.5136069533274,24.0726373280998,3.47596584505193
29.97,0.167209776092447,0.0345780982132439,0.308416794869126,0.00628460597239313,0.010115759973069,0.0184822523110017,83.1534380668739,0.2470777295935,0.0776295855507081,-0.00132625679270818,-0.041748713114485,0.709619490445717,0.0177667625454271,-10.4772795870161,-2.05850974727246e-14,-0.0429869122185295,1.24938539551573e-13,0,0,0,0,1,0.673086199299627,0.673086199299627,79.5116224281524,24.0904858547303,3.47054065923458
29.98,0.167279396603452,0.0346471190700748,0.308616084158065,0.00626021243271729,0.0101267993155055,0.0184979879588979,83.15647524813,0.247086655337679,0.0776295379284493,-0.001307420785237,-0.0416818002757095,0.709574228515811,0.0176253061895268,-10.4781121248616,-2.05850974727246e-14,-0.0429869122185295,1.24938539551573e-13,0,0,0,0,1,0.673086199299627,0.673086199299627,79.5096246937649,24.108338456232,3.46510802562799
29.99,0.167348793864056,0.034716208524133,0.308815551654193,0.00623596900218093,0.0101377744140869,0.0185135893216072,83.1595047857355,0.24709555851769,0.0776294930089108,-0.00128870457759816,-0.0416148068907675,0.709529101566634,0.017484571673181,-10.4789428423879,-2.05850974727246e-14,-0.0429869122185295,1.24938539551573e-13,0,0,0,0,1,0.673086199299627,0.673086199299627,79.5076137447814,24.1261951087558,3.45966796002909
30,0.167417969355265,0.0347853661869455,0.309015195932677,0.0062118739277883,0.0101486858387669,0.0185290582778118,83.1625266741926,0.247104439117453,0.0776294504255936,-0.00127010687723408,-0.0415477331482572,0.709484104506975,0.0173445526136667,-10.4797716995527,-2.05850974727246e-14,-0.0429869122185295,1.24938539551573e-13,0,0,0,0,1,0.673086199299627,0.673086199299627,79.5055895758549,24.1440557884622,3.45422047865101
30.01,0.167486924541053,0.0348545916727481,0.309215015588012,0.00618792548791468,0.0101595341754072,0.0185443966781956,83.1655409080422,0.247113297121001,0.0776294098219624,-0.00125162641062773,-0.0414805792415406,0.709439232385251,0.0172052427379556,-10.4805986574189,-2.05850974727246e-14,-0.0429869122185295,1.24938539551573e-13,0,0,0,0,1,0.673086199299627,0.673086199299627,79.503552181675,24.161920471523,3.44876559811202
30.02,0.167555660868662,0.0349238845986796,0.309415009233764,0.00616412199174749,0.0101703200247547,0.0185596063457209,83.1685474818631,0.24712213251248,0.0776293708514732,-0.00123326192300558,-0.0414133453686096,0.709394480390156,0.0170666358794604,-10.4814236781555,-2.05850974727246e-14,-0.0429869122185295,1.24938539551573e-13,0,0,0,0,1,0.673086199299627,0.673086199299627,79.5015015569677,24.1797891341224,3.44330333542451
30.03,0.167624179768908,0.0349932445849638,0.309615175502329,0.00614046177873044,0.0101810440014358,0.0185746890759114,83.1715463902725,0.24713094527615,0.0776293331775898,-0.0012150121780438,-0.0413460317319521,0.709349843851127,0.0169287259749039,-10.4822467250385,-2.05850974727246e-14,-0.0429869122185295,1.24938539551573e-13,0,0,0,0,1,0.673086199299627,0.673086199299627,79.4994376964964,24.1976617524583,3.43783370798387
30.04,0.167692482656475,0.0350626712550834,0.309815513044683,0.00611694321801122,0.010191706732972,0.0185896466371412,83.1745376279258,0.247139735396382,0.0776292964737905,-0.00119687595757779,-0.041278638538419,0.709305318238693,0.0167915070612989,-10.4830677624492,-2.05850974727246e-14,-0.0429869122185295,1.24938539551573e-13,0,0,0,0,1,0.673086199299627,0.673086199299627,79.4973605950612,24.2155383027441,3.43235673355748
30.05,0.167760570930206,0.0351321642359421,0.310016020530139,0.00609356470789311,0.0102023088588128,0.0186044807709295,83.1775211895163,0.247148502857662,0.0776292604235652,-0.00117885206131517,-0.0412111659990898,0.709260899164639,0.0166549732730435,-10.4838867558731,-2.05850974727246e-14,-0.0429869122185295,1.24938539551573e-13,0,0,0,0,1,0.673086199299627,0.673086199299627,79.4952702474992,24.2334187612094,3.42687243027362
30.06,0.16782844597339,0.0352017231580177,0.310216696646104,0.00607032467529099,0.0102128510293899,0.0186191931922391,83.1804970697754,0.247157247644585,0.0776292247204029,-0.00116093930655209,-0.0411436143291401,0.709216582382055,0.0165191188391193,-10.4847036718967,-2.05850974727246e-14,-0.0429869122185295,1.24938539551573e-13,0,0,0,0,1,0.673086199299627,0.673086199299627,79.493166648685,24.251303104102,3.42138081661044
30.07,0.16789610915404,0.0352713476555059,0.310417540097834,0.00604722157519208,0.0102233339051906,0.0186337855897804,83.1834652634721,0.247165969741862,0.0776291890677706,-0.00114313652789307,-0.0410759837477083,0.709172363785238,0.0163839380803927,-10.4855184782034,-2.05850974727246e-14,-0.0429869122185295,1.24938539551573e-13,0,0,0,0,1,0.673086199299627,0.673086199299627,79.4910497935304,24.2691913076889,3.415881911385
30.08,0.167963561825168,0.0353410373664536,0.310618549608198,0.00602425389012181,0.0102337581558515,0.0186482596263182,83.1864257654133,0.247174669134311,0.0776291531790825,-0.00112544257697428,-0.041008274477764,0.709128239409453,0.0162494254070178,-10.4863311435697,-2.05850974727246e-14,-0.0429869122185295,1.24938539551573e-13,0,0,0,0,1,0.673086199299627,0.673086199299627,79.4889196769845,24.2870833482577,3.41037573374228
30.09,0.168030805325055,0.0354107919328841,0.310819723917436,0.00600142012961515,0.0102441244592723,0.0186626169389821,83.1893785704434,0.247183345806865,0.0776291167776618,-0.00110785632219039,-0.040940486745976,0.70908420543058,0.0161155753159313,-10.4871416378589,-2.05850974727246e-14,-0.0429869122185295,1.24938539551573e-13,0,0,0,0,1,0.673086199299627,0.673086199299627,79.4867762940339,24.304979202118,3.40486230314429
30.1,0.168097840977513,0.0354806110009123,0.31102106178292,0.00597871882969357,0.0102544335007511,0.0186768591395793,83.1923236734444,0.247191999744564,0.0776290795966937,-0.0010903766484249,-0.0408726207825816,0.70904025816462,0.0159823823884417,-10.4879499320147,-2.05850974727246e-14,-0.0429869122185295,1.24938539551573e-13,0,0,0,0,1,0.673086199299627,0.673086199299627,79.4846196397026,24.3228788456027,3.39934163935921
30.11,0.168164670092145,0.0355504942208518,0.311222561978926,0.00595614855234803,0.0102646859721391,0.0186909878149103,83.1952610693356,0.247200630932562,0.0776290413791708,-0.00107300245678403,-0.0408046768212566,0.7089963940671,0.0158498412879075,-10.4887559980546,-2.05850974727246e-14,-0.0429869122185295,1.24938539551573e-13,0,0,0,0,1,0.673086199299627,0.673086199299627,79.4824497090522,24.3407822550691,3.39381376245065
30.12,0.168231293964602,0.0356204412473124,0.31142422329639,0.00593370788502826,0.0102748825710167,0.0187050045270864,83.1981907530732,0.247209239356121,0.0776290018778311,-0.0010557326643342,-0.0407366550989867,0.708952609732342,0.015717946757497,-10.4895598090611,-2.05850974727246e-14,-0.0429869122185295,1.24938539551573e-13,0,0,0,0,1,0.673086199299627,0.673086199299627,79.4802664971818,24.3586894069008,3.38827869276691
30.13,0.168297713876826,0.0356904517392904,0.311626044542684,0.00591139544013834,0.0102850239998905,0.0187189108138481,83.2011127196508,0.247217825000612,0.0776289608550882,-0.00103856620384307,-0.0406685558559391,0.70890890189264,0.0155866936180344,-10.4903613391738,-2.05850974727246e-14,-0.0429869122185295,1.24938539551573e-13,0,0,0,0,1,0.673086199299627,0.673086199299627,79.4780699992278,24.3766002775084,3.38273645093039
30.14,0.168363931097295,0.0357605253602494,0.311828024541383,0.00588920985453899,0.0102951109654114,0.0187327081888855,83.2040269640986,0.247226387851514,0.0776289180829555,-0.00102150202352411,-0.0406003793353357,0.708865267417315,0.0154560767659237,-10.4911605635791,-2.05850974727246e-14,-0.0429869122185295,1.24938539551573e-13,0,0,0,0,1,0.673086199299627,0.673086199299627,79.4758602103644,24.3945148433311,3.37718705782704
30.15,0.168429946881266,0.0358306617781939,0.312030162132036,0.00586714978905668,0.010305144177613,0.0187463981421588,83.2069334814836,0.247234927894419,0.0776288733429629,-0.00100453908678481,-0.0405321257833279,0.708821703311679,0.015326091171147,-10.4919574585007,-2.05850974727246e-14,-0.0429869122185295,1.24938539551573e-13,0,0,0,0,1,0.673086199299627,0.673086199299627,79.4736371258032,24.4124330808376,3.37163053459595
30.16,0.168495762471003,0.0359008606657345,0.312232456169943,0.00584521392799961,0.0103151243491719,0.0187599821402202,83.2098322669092,0.247243445115021,0.0776288264260678,-0.000987676371978409,-0.0404637954488717,0.708778206715894,0.0151967318753374,-10.4927520011887,-2.05850974727246e-14,-0.0429869122185295,1.24938539551573e-13,0,0,0,0,1,0.673086199299627,0.673086199299627,79.4714007407929,24.430354966528,3.36606690261902
30.17,0.16856137909601,0.0359711217001459,0.312434905525924,0.00582340097868083,0.0103250521946884,0.0187734616265346,83.2127233155154,0.247251939499124,0.0776287771325598,-0.000970912872159235,-0.0403953885836053,0.708734774903743,0.0150679939899226,-10.4935441699081,-2.05850974727246e-14,-0.0429869122185295,1.24938539551573e-13,0,0,0,0,1,0.673086199299627,0.673086199299627,79.4691510506201,24.4482804769345,3.36049618351074
30.18,0.168626797973254,0.0360414445634172,0.312637509086105,0.00580170967094855,0.0103349284299885,0.0187868380218018,83.2156066224781,0.24726041103264,0.0776287252719593,-0.00095424759484157,-0.0403269054417272,0.708691405281301,0.014939872694336,-10.4943339439266,-2.05850974727246e-14,-0.0429869122185295,1.24938539551573e-13,0,0,0,0,1,0.673086199299627,0.673086199299627,79.4668880506084,24.4662095886229,3.35491839910809
30.19,0.168692020307386,0.0361118289422946,0.312840265751692,0.00578013875672366,0.0103447537714469,0.0188001127242767,83.2184821830092,0.247268859701586,0.0776286706629116,-0.000937679561762082,-0.0402583462798761,0.708648095385537,0.0148123632342929,-10.4951213035027,-2.05850974727246e-14,-0.0429869122185295,1.24938539551573e-13,0,0,0,0,1,0.673086199299627,0.673086199299627,79.4646117361187,24.4841422781934,3.34933357146059
30.2,0.168757047290954,0.0361822745283182,0.313043174438754,0.00575868700954472,0.0103545289353309,0.0188132871100902,83.2213499923565,0.247277285492084,0.0776286131330744,-0.00092120780864578,-0.0401897113570128,0.708604842882816,0.014685460920128,-10.4959062298721,-2.05850974727246e-14,-0.0429869122185295,1.24938539551573e-13,0,0,0,0,1,0.673086199299627,0.673086199299627,79.4623221025491,24.5020785222824,3.3437417228204
30.21,0.168821880104613,0.0362527810178507,0.313246234078009,0.00573735322412034,0.0103642546371652,0.018826362533568,83.2242100458031,0.24728568839036,0.077628552519002,-0.000904831384975493,-0.0401210009343033,0.708561645567344,0.0145591611251963,-10.4966887052342,-2.05850974727246e-14,-0.0429869122185295,1.24938539551573e-13,0,0,0,0,1,0.673086199299627,0.673086199299627,79.4600191453349,24.5200182975633,3.33814287563267
30.22,0.168886519917337,0.0363233481121003,0.313449443614606,0.00571613621588896,0.0103739315911174,0.0188393403275495,83.2270623386678,0.247294068382749,0.0776284886660232,-0.000888549353764849,-0.0400522152750033,0.708518501359522,0.014433459284329,-10.4974687127382,-2.05850974727246e-14,-0.0429869122185295,1.24938539551573e-13,0,0,0,0,1,0.673086199299627,0.673086199299627,79.4577028599481,24.5379615807476,3.33253705252589
30.23,0.168950967886614,0.0363939755171367,0.313652802007918,0.00569503482058631,0.0103835605094044,0.018852221803704,83.2299068663044,0.247302425455684,0.0776284214281162,-0.000872360791334733,-0.0399833546443453,0.708475408304236,0.0143083508923472,-10.4982462364687,-2.05850974727246e-14,-0.0429869122185295,1.24938539551573e-13,0,0,0,0,1,0.673086199299627,0.673086199299627,79.4553732418978,24.5559083485862,3.32692427630252
30.24,0.169015225158648,0.0364646629439015,0.313856308231326,0.00567404789382025,0.0103931421017193,0.0188650082528466,83.2327436241016,0.247310759595705,0.0776283506677785,-0.000856264787093199,-0.0399144193094265,0.708432364569091,0.0141838315026271,-10.4990212614307,-2.05850974727246e-14,-0.0429869122185295,1.24938539551573e-13,0,0,0,0,1,0.673086199299627,0.673086199299627,79.4530302867299,24.5738585778706,3.32130456992967
30.25,0.169079292868549,0.0365354101082118,0.314059961272018,0.00565317431065325,0.0104026770746788,0.0188777009452513,83.2355726074829,0.247319070789453,0.0776282762558931,-0.000840260443318823,-0.0398454095390995,0.708389368442564,0.0140598967257189,-10.4997937735343,-2.05850974727246e-14,-0.0429869122185295,1.24938539551573e-13,0,0,0,0,1,0.673086199299627,0.673086199299627,79.4506739900266,24.5918122454336,3.31567795652995
30.26,0.169143172140527,0.0366062167307587,0.31426376013078,0.00563241296519241,0.0104121661312905,0.0188903011309632,83.2383938119063,0.247327359023672,0.0776281980715914,-0.000824346874947455,-0.039776325603864,0.708346418332127,0.0139365422280141,-10.5005637595791,-2.05850974727246e-14,-0.0429869122185295,1.24938539551573e-13,0,0,0,0,1,0.673086199299627,0.673086199299627,79.4483043474068,24.6097693281508,3.3100444593725
30.27,0.169206864088074,0.0366770825370997,0.314467703821791,0.00561176277018704,0.0104216099704413,0.0189028100401074,83.241207232864,0.247335624285205,0.0776281160021125,-0.000808523209362358,-0.039707167775761,0.708303512762281,0.0138137637304586,-10.5013312072382,-2.05850974727246e-14,-0.0429869122185295,1.24938539551573e-13,0,0,0,0,1,0.673086199299627,0.673086199299627,79.4459213545259,24.6277298029413,3.30440410186419
30.28,0.169270369814144,0.0367480072576462,0.314671791372425,0.00559122265663373,0.0104310092864049,0.018915228883197,83.2440128658825,0.247343866560998,0.0776280299426592,-0.000792788586187701,-0.039637936328269,0.708260650372568,0.0136915570073157,-10.5020961050421,-2.05850974727246e-14,-0.0429869122185295,1.24938539551573e-13,0,0,0,0,1,0.673086199299627,0.673086199299627,79.4435250070751,24.6456936467689,3.29875690754089
30.29,0.169333690411335,0.0368189906276455,0.314876021823052,0.00557079157338895,0.0104403647683694,0.0189275588514377,83.2468107065218,0.247352085838095,0.0776279397962511,-0.00077714215708536,-0.0395686315362016,0.708217829915528,0.0135699178849682,-10.502858442362,-2.05850974727246e-14,-0.0429869122185295,1.24938539551573e-13,0,0,0,0,1,0.673086199299627,0.673086199299627,79.4411153007819,24.6636608366433,3.29310290005902
30.3,0.169396826962058,0.0368900323871573,0.31508039422684,0.0055504684867891,0.0104496770999847,0.0189398011170303,83.2496007503759,0.247360282103641,0.0776278454735756,-0.000761583085555032,-0.0394992536756077,0.7081750502546,0.013448842240766,-10.503618209393,-2.05850974727246e-14,-0.0429869122185295,1.24938539551573e-13,0,0,0,0,1,0.673086199299627,0.673086199299627,79.4386922314095,24.6816313496206,3.28744210318719
30.31,0.169459780538712,0.0369611322810268,0.31528490764956,0.00553025238027806,0.0104589469589289,0.0189519568334704,83.2523829930719,0.247368455344877,0.0776277468928356,-0.000746110546737583,-0.0394298030236734,0.708132310361999,0.0133283260019121,-10.504375397137,-2.05850974727246e-14,-0.0429869122185295,1.24938539551573e-13,0,0,0,0,1,0.673086199299627,0.673086199299627,79.4362557947569,24.6996051628047,3.28177454079805
30.32,0.169522552203843,0.0370322900588515,0.315489561169396,0.00551014225404198,0.0104681750164942,0.0189640271358459,83.2551574302702,0.247376605549144,0.077627643979596,-0.000730723727221645,-0.0393602798586266,0.708089609316549,0.0132083651443896,-10.5051299973858,-2.05850974727246e-14,-0.0429869122185295,1.24938539551573e-13,0,0,0,0,1,0.673086199299627,0.673086199299627,79.4338059866585,24.7175822533478,3.27610023686027
30.33,0.169585143010315,0.0371035054749449,0.315694353876751,0.00549013712465153,0.0104773619371919,0.0189760131411309,83.2579240576641,0.247384732703879,0.0776275366666266,-0.000715421824853383,-0.0392906844596427,0.708046946301478,0.0130889556919221,-10.505882002703,-2.05850974727246e-14,-0.0429869122185295,1.24938539551573e-13,0,0,0,0,1,0.673086199299627,0.673086199299627,79.4313428029841,24.7355625984518,3.27041921543073
30.34,0.169647554001461,0.0371747782882951,0.315899284874064,0.00547023602471129,0.0104865083783753,0.0189879159484768,83.2606828709796,0.247392836796616,0.0776274248937454,-0.000700204048549432,-0.0392210171067532,0.708004320602195,0.0129700937149752,-10.506631406407,-2.05850974727246e-14,-0.0429869122185295,1.24938539551573e-13,0,0,0,0,1,0.673086199299627,0.673086199299627,79.4288662396386,24.7535461753688,3.26473150064688
30.35,0.169709786211245,0.0372461082625201,0.316104353275622,0.00545043800251647,0.0104956149898821,0.0189997366395014,83.263433865975,0.247400917814984,0.0776273086076581,-0.000685069618112949,-0.0391512780807563,0.707961731604022,0.012851775329787,-10.507378202553,-2.05850974727246e-14,-0.0429869122185295,1.24938539551573e-13,0,0,0,0,1,0.673086199299627,0.673086199299627,79.4263762925617,24.7715329614021,3.25903711671925
30.36,0.169771840664412,0.0373174951658185,0.316309558207376,0.00543074212171658,0.0105046824136944,0.0190114762785731,83.2661770384412,0.247408975746708,0.0776271877617977,-0.000670017764052746,-0.0390814676631293,0.707919178789916,0.0127339966974363,-10.5081223859151,-2.05850974727246e-14,-0.0429869122185295,1.24938539551573e-13,0,0,0,0,1,0.673086199299627,0.673086199299627,79.4238729577282,24.7895229339069,3.25333608792416
30.37,0.169833718376634,0.037388938770917,0.31651489880676,0.00541114746098632,0.0105137112836166,0.0190231359130939,83.2689123842006,0.247417010579606,0.0776270623161626,-0.000655047727405478,-0.0390115861359437,0.707876661738168,0.0126167540229377,-10.5088639519685,-2.05850974727246e-14,-0.0429869122185295,1.24938539551573e-13,0,0,0,0,1,0.673086199299627,0.673086199299627,79.4213562311469,24.8075160702914,3.24762843859662
30.38,0.169895420354663,0.0374604388550142,0.316720374222514,0.00539165311370327,0.0105227022249711,0.0190347165737773,83.2716398991078,0.24742502230159,0.0776269322371529,-0.000640158759560825,-0.038941633781782,0.70783418012007,0.0125000435543712,-10.509602896871,-2.05850974727246e-14,-0.0429869122185295,1.24938539551573e-13,0,0,0,0,1,0.673086199299627,0.673086199299627,79.4188261088613,24.8255123480174,3.24191419312336
30.39,0.169956947596464,0.0375319951997214,0.316925983614504,0.0053722581876326,0.0105316558543115,0.0190462192749246,83.2743595790486,0.247433010900667,0.0776267974974071,-0.000625350122089666,-0.0388716108836573,0.707791733697584,0.012383861582039,-10.5103392174456,-2.05850974727246e-14,-0.0429869122185295,1.24938539551573e-13,0,0,0,0,1,0.673086199299627,0.673086199299627,79.4162825869489,24.8435117446007,3.23619337593613
30.4,0.170018301091363,0.0376036075909997,0.31713172615355,0.00535296180461849,0.0105405727791527,0.0190576450146965,83.2770714199403,0.247440976364932,0.0776266580756371,-0.000610621086575161,-0.0388015177249338,0.707749322320986,0.0122682044376495,-10.5110729111617,-2.05850974727246e-14,-0.0429869122185295,1.24938539551573e-13,0,0,0,0,1,0.673086199299627,0.673086199299627,79.4137256615211,24.8615142376126,3.23046601150506
30.41,0.17007948182018,0.0376752758190945,0.317337601021255,0.00533376310028224,0.0105494535977178,0.0190689947753826,83.279775417731,0.247448918682576,0.0776265139564636,-0.00059597093444675,-0.0387313545892516,0.707706945926506,0.0121530684935296,-10.511803976117,-2.05850974727246e-14,-0.0429869122185295,1.24938539551573e-13,0,0,0,0,1,0.673086199299627,0.673086199299627,79.411155328723,24.8795198046798,3.22473212433232
30.42,0.170140490755359,0.0377469996784671,0.317543607409828,0.00531466122372706,0.0105582988987015,0.0190802695236662,83.2824715683999,0.247456837841877,0.0776263651302503,-0.000581398956816989,-0.0386611217604513,0.707664604533953,0.0120384501618617,-10.5125324110198,-2.05850974727246e-14,-0.0429869122185295,1.24938539551573e-13,0,0,0,0,1,0.673086199299627,0.673086199299627,79.408571584733,24.8975284234858,3.21899173894586
30.43,0.170201328861105,0.037818778967724,0.317749744521926,0.00529565533724927,0.0105671092610498,0.0190914702108864,83.2851598679566,0.247464733831206,0.0776262115929389,-0.00056690445432121,-0.0385908195225029,0.707622298244346,0.0119243458939469,-10.5132582151703,-2.05850974727246e-14,-0.0429869122185295,1.24938539551573e-13,0,0,0,0,1,0.673086199299627,0.673086199299627,79.4059744257628,24.915540071771,3.21324487989342
30.44,0.170261997093508,0.037890613489543,0.317956011570479,0.00527674461605602,0.0105758852537553,0.0191025977732971,83.287840312441,0.247472606639022,0.0776260533458835,-0.000552486736959955,-0.0385204481594354,0.707580027237523,0.0118107521794886,-10.5139813884425,-2.05850974727246e-14,-0.0429869122185295,1.24938539551573e-13,0,0,0,0,1,0.673086199299627,0.673086199299627,79.4033638480574,24.9335547273334,3.20749157173668
30.45,0.170322496400668,0.0379625030505973,0.318162407778533,0.00525792824798924,0.0105846274356684,0.0191136531323214,83.2905128979233,0.247480456253873,0.0776258903956852,-0.000538145123944148,-0.0384500079552693,0.707537791769774,0.0116976655459024,-10.5147019312662,-2.05850974727246e-14,-0.0429869122185295,1.24938539551573e-13,0,0,0,0,1,0.673086199299627,0.673086199299627,79.4007398478941,24.9515723680295,3.20173183904555
30.46,0.170382827722818,0.0380344474614781,0.318368932379086,0.00523920543325583,0.0105933363553232,0.0191246371948035,83.2931776205034,0.247488282664394,0.0776257227540274,-0.000523878943542958,-0.0383794991939512,0.707495592171455,0.011585082557645,-10.5154198446092,-2.05850974727246e-14,-0.0429869122185295,1.24938539551573e-13,0,0,0,0,1,0.673086199299627,0.673086199299627,79.398102421583,24.9695929717746,3.19596570639272
30.47,0.170442991992443,0.038106446536614,0.318575584614926,0.00522057538416398,0.0106020125507792,0.0191355508532567,83.2958344763109,0.247496085859309,0.0776255504375113,-0.000509687532934329,-0.0383089221592905,0.707453428844617,0.0114729998155661,-10.5161351299586,-2.05850974727246e-14,-0.0429869122185295,1.24938539551573e-13,0,0,0,0,1,0.673086199299627,0.673086199299627,79.3954515654666,24.9876165165435,3.19019319834834
30.48,0.170502990134398,0.0381785000941894,0.318782363738479,0.00520203732486545,0.0106106565494763,0.0191463949861078,83.2984834615048,0.247503865827429,0.0776253734674919,-0.000495570238058117,-0.038238277134898,0.707411302260636,0.0113614139562782,-10.5168477893037,-2.05850974727246e-14,-0.0429869122185295,1.24938539551573e-13,0,0,0,0,1,0.673086199299627,0.673086199299627,79.3927872759193,25.0056429803708,3.18441433947488
30.49,0.170562823066022,0.038250607956061,0.318989269011651,0.00518359049110379,0.0106192688681053,0.0191571704579381,83.3011245722735,0.247511622557648,0.0776251918699151,-0.000481526413471813,-0.0381675644041276,0.707369212957852,0.0112503216515477,-10.5175578251178,-2.05850974727246e-14,-0.0429869122185295,1.24938539551573e-13,0,0,0,0,1,0.673086199299627,0.673086199299627,79.3901095493475,25.0236723413517,3.17862915432222
30.5,0.170622491697247,0.0383227699476726,0.319196299705676,0.0051652341299683,0.0106278500124917,0.0191678781197206,83.3037578048341,0.247519356038949,0.0776250056751555,-0.000467555422208799,-0.0380967842500185,0.707327161539217,0.0111397196077021,-10.5182652403403,-2.05850974727246e-14,-0.0429869122185295,1.24938539551573e-13,0,0,0,0,1,0.673086199299627,0.673086199299627,79.3874183821891,25.0417045776423,3.1728376674228
30.51,0.170681996930715,0.0383949858979684,0.319403455100963,0.0051469674996538,0.0106364004774926,0.0191785188090545,83.3063831554326,0.247527066260397,0.0776248149178548,-0.000453656635639108,-0.0380259369552412,0.707285148669965,0.0110296045650568,-10.5189700383597,-2.05850974727246e-14,-0.0429869122185295,1.24938539551573e-13,0,0,0,0,1,0.673086199299627,0.673086199299627,79.3847137709136,25.0597396674598,3.1670399032871
30.52,0.170741339661877,0.0384672556393055,0.319610734486953,0.00512878986922581,0.0106449207469081,0.019189093350395,83.3090006203434,0.247534753211142,0.0776246196367623,-0.000439829433332636,-0.0379550228020445,0.707243175075275,0.0109199732973571,-10.5196722229957,-2.05850974727246e-14,-0.0429869122185295,1.24938539551573e-13,0,0,0,0,1,0.673086199299627,0.673086199299627,79.3819957120214,25.0777775890835,3.16123588639915
30.53,0.170800520779103,0.0385395790073644,0.319818137161965,0.00511070051839134,0.0106534112934043,0.0191996025552804,83.3116101958694,0.247542416880417,0.0776244198745754,-0.000426073202924789,-0.0378840420722054,0.707201241537968,0.0108108226112381,-10.5203717984824,-2.05850974727246e-14,-0.0429869122185295,1.24938539551573e-13,0,0,0,0,1,0.673086199299627,0.673086199299627,79.3792642020442,25.0958183208546,3.15542564121234
30.54,0.170859541163781,0.0386119558410594,0.320025662433056,0.00509269873727504,0.0106618725784496,0.0192100472225555,83.3142118783414,0.247550057257539,0.0776242156777823,-0.000412387339984494,-0.0378129950469798,0.707159348896214,0.0107021493456992,-10.5210687694505,-2.05850974727246e-14,-0.0429869122185295,1.24938539551573e-13,0,0,0,0,1,0.673086199299627,0.673086199299627,79.376519237544,25.113861841177,3.14960919214527
30.55,0.170918401690423,0.0386843859824474,0.320233309615879,0.00507478382620051,0.0106703050522632,0.0192204281385917,83.3168056641182,0.247557674331906,0.0776240070965059,-0.000398771247884568,-0.037741882007057,0.707117498041258,0.0105939503715927,-10.5217631409112,-2.05850974727246e-14,-0.0429869122185295,1.24938539551573e-13,0,0,0,0,1,0.673086199299627,0.673086199299627,79.3737608151136,25.1319081285173,3.14378656357791
30.56,0.170977103226757,0.0387568692766366,0.320441078034539,0.0050569550954769,0.0106787091537749,0.0192307460775029,83.3193915495862,0.247565268092997,0.0776237941843494,-0.000385224337674384,-0.0376707032325147,0.707075689915166,0.0104862225911282,-10.5224549182389,-2.05850974727246e-14,-0.0429869122185295,1.24938539551573e-13,0,0,0,0,1,0.673086199299627,0.673086199299627,79.370988931376,25.1499571614055,3.1379577798478
30.57,0.171035646633827,0.0388294055716933,0.320648967021459,0.00503921186519051,0.010687085310597,0.0192410018013591,83.3219695311592,0.247572838530372,0.0776235769982427,-0.00037174602795481,-0.0375994590027767,0.707033925508593,0.01037896293739,-10.5231441071548,-2.05850974727246e-14,-0.0429869122185295,1.24938539551573e-13,0,0,0,0,1,0.673086199299627,0.673086199299627,79.3682035829841,25.168008918435,3.1321228652465
30.58,0.171094032766086,0.0389019947185499,0.320856975917241,0.00502155346500128,0.0106954339390076,0.0192511960603953,83.3245396052785,0.247580385633673,0.0776233555982921,-0.00035833574475537,-0.0375281495965726,0.706992205858576,0.010272168373868,-10.5238307137106,-2.05850974727246e-14,-0.0429869122185295,1.24938539551573e-13,0,0,0,0,1,0.673086199299627,0.673086199299627,79.3654047666207,25.1860633782627,3.12628184401618
30.59,0.17115226247149,0.038974636570911,0.32106510407053,0.00500397923394427,0.0107037554439436,0.0192613295932185,83.3271017684121,0.247587909392619,0.07762313004763,-0.000344992921413602,-0.0374567752918992,0.706950532046348,0.0101658358939992,-10.5245147442722,-2.05850974727246e-14,-0.0429869122185295,1.24938539551573e-13,0,0,0,0,1,0.673086199299627,0.673086199299627,79.3625924789981,25.2041205196099,3.12043474034635
30.6,0.171210336591585,0.0390473309851602,0.321273350837885,0.00498648852023574,0.0107120502190055,0.0192714031270097,83.3296560170551,0.24759540979701,0.0776229004122679,-0.000331716998456571,-0.037385336365984,0.706908905195183,0.0100599625207255,-10.5251962055041,-2.05850974727246e-14,-0.0429869122185295,1.24938539551573e-13,0,0,0,0,1,0.673086199299627,0.673086199299627,79.3597667168582,25.2221803212618,3.11458157837078
30.61,0.171268255961597,0.0391200778202656,0.321481715583649,0.00496908068108392,0.010720318646472,0.0192814173777238,83.3322023477291,0.247602886836723,0.0776226667609508,-0.000318507423484498,-0.0373138330952505,0.706867326468258,0.00995454530605712,-10.5258751043535,-2.05850974727246e-14,-0.0429869122185295,1.24938539551573e-13,0,0,0,0,1,0.673086199299627,0.673086199299627,79.3569274769718,25.2402427620682,3.10872238216457
30.62,0.171326021410519,0.0391928769376866,0.321690197679816,0.00495175508250441,0.0107285610973237,0.0192913730502854,83.3347407569823,0.247610340501713,0.0776224291650134,-0.00030536365105647,-0.0372422657552854,0.706825797066562,0.00984958133065447,-10.5265514480347,-2.05850974727246e-14,-0.0429869122185295,1.24938539551573e-13,0,0,0,0,1,0.673086199299627,0.673086199299627,79.3540747561388,25.2583078209434,3.10285717574136
30.63,0.171383633761195,0.0392657282012792,0.321898796505908,0.00493451109913982,0.0107367779312773,0.019301270838782,83.3372712413889,0.247617770782014,0.0776221876982392,-0.000292285142578197,-0.0371706346208077,0.706784318226806,0.00974506770341322,-10.5272252440142,-2.05850974727246e-14,-0.0429869122185295,1.24938539551573e-13,0,0,0,0,1,0.673086199299627,0.673086199299627,79.3512085511877,25.2763754768666,3.09698598305071
30.64,0.171441093830405,0.0393386314772027,0.322107511448851,0.00491734811408399,0.0107449694968286,0.0193111114266534,83.3397937975495,0.247625177667735,0.0776219424367206,-0.000279271366191779,-0.0370989399656394,0.706742891219394,0.00964100156106506,-10.5278964999955,-2.05850974727246e-14,-0.0429869122185295,1.24938539551573e-13,0,0,0,0,1,0.673086199299627,0.673086199299627,79.3483288589754,25.2944457088817,3.09110882797562
30.65,0.171498402428941,0.0394115866338258,0.322316341902849,0.00490026551871024,0.0107531361313038,0.0193208954868778,83.3423084220903,0.247632561149061,0.0776216934587223,-0.000266321796667446,-0.0370271820626783,0.706701517346406,0.00953738006778549,-10.5285652239047,-2.05850974727246e-14,-0.0429869122185295,1.24938539551573e-13,0,0,0,0,1,0.673086199299627,0.673086199299627,79.3454356763876,25.3125184960977,3.08522573433021
30.66,0.171555560361691,0.0394845935416331,0.322525287269266,0.00488326271250391,0.0107612781609206,0.0193306236821554,83.3448151116633,0.247639921216254,0.0776214408445468,-0.000253435915297242,-0.0369553611838723,0.706660197939612,0.00943420041481222,-10.5292314238756,-2.05850974727246e-14,-0.0429869122185295,1.24938539551573e-13,0,0,0,0,1,0.673086199299627,0.673086199299627,79.3425290003375,25.3305938176887,3.07933672585753
30.67,0.171612568427718,0.0395576520731322,0.322734346956506,0.0048663391028989,0.0107693959008559,0.019340296665088,83.347313862946,0.24764725785965,0.0776211846764013,-0.00024061320979061,-0.0368834776001956,0.70661893435853,0.0093314598200719,-10.5298951082358,-2.05850974727246e-14,-0.0429869122185295,1.24938539551573e-13,0,0,0,0,1,0.673086199299627,0.673086199299627,79.3396088277665,25.348671652894,3.07344182622753
30.68,0.17166942742033,0.039630762102761,0.322943520379897,0.00484949410511814,0.0107774896553225,0.0193499150783563,83.3498046726414,0.24765457106966,0.0776209250382685,-0.000227853174171849,-0.0368115315816261,0.706577727988517,0.00922915552781705,-10.5305562854927,-2.05850974727246e-14,-0.0429869122185295,1.24938539551573e-13,0,0,0,0,1,0.673086199299627,0.673086199299627,79.3366751556437,25.366751981018,3.06754105903514
30.69,0.171726138127163,0.0397039235067956,0.323152806961572,0.00483272714201795,0.010785559717653,0.0193594795548932,83.3522875374774,0.247661860836768,0.0776206620157785,-0.000215155308679414,-0.0367395233971255,0.706536580238879,0.00912728480826772,-10.5312149643201,-2.05850974727246e-14,-0.0429869122185295,1.24938539551573e-13,0,0,0,0,1,0.673086199299627,0.673086199299627,79.3337279809656,25.3848347814304,3.06163444779854
30.7,0.171782701330245,0.0397771361632589,0.323362206130362,0.00481603764393623,0.010793606370391,0.019368990718055,83.3547624542071,0.247669127151534,0.0776203956960841,-0.000202519119667015,-0.0366674533146195,0.706495492541031,0.00902584495726623,-10.5318711535444,-2.05850974727246e-14,-0.0429869122185295,1.24938539551573e-13,0,0,0,0,1,0.673086199299627,0.673086199299627,79.3307673007562,25.4029200335661,3.05572201595749
30.71,0.171839117806077,0.0398503999518298,0.323571717321678,0.00479942504854417,0.0108016298853886,0.0193784491817887,83.3572294196083,0.247676370004589,0.0776201261677379,-0.000189944119506488,-0.0365953216009811,0.706454466346701,0.0089248332959356,-10.5325248621318,-2.05850974727246e-14,-0.0429869122185295,1.24938539551573e-13,0,0,0,0,1,0.673086199299627,0.673086199299627,79.3277931120664,25.4210077169255,3.04980378687187
30.72,0.171895388325697,0.0399237147537531,0.323781339977404,0.00478288880070178,0.0108096305239116,0.0193878555507974,83.3596884304836,0.247683589386636,0.0776198535205724,-0.000177429826492418,-0.0365231285220146,0.706413503126136,0.00882424717034701,-10.5331760991755,-2.05850974727246e-14,-0.0429869122185295,1.24938539551573e-13,0,0,0,0,1,0.673086199299627,0.673086199299627,79.3248054119742,25.439097811074,3.04387978382029
30.73,0.17195151365475,0.0399970804517503,0.323991073545792,0.00476642835231672,0.0108176085367502,0.0193972104207015,83.36213948366,0.247690785288452,0.0776195778455827,-0.000164975764748451,-0.036450874342441,0.706372604366385,0.00872408395119419,-10.5338248738832,-2.05850974727246e-14,-0.0429869122185295,1.24938539551573e-13,0,0,0,0,1,0.673086199299627,0.673086199299627,79.3218041975842,25.457190295642,3.03795002999888
30.74,0.172007494553558,0.0400704969299311,0.324200917481348,0.00475004316220667,0.0108255641643358,0.0194065143781979,83.3645825759889,0.247697957700885,0.0776192992348114,-0.0001525814641353,-0.0363785593258857,0.706331771569593,0.00862434103347477,-10.5344711955647,-2.05850974727246e-14,-0.0429869122185295,1.24938539551573e-13,0,0,0,0,1,0.673086199299627,0.673086199299627,79.3187894660278,25.4752851503255,3.03201454852012
30.75,0.172063331777182,0.0401439640737063,0.324410871244734,0.00473373269596498,0.0108334976368638,0.0194157680012164,83.3670177043459,0.247705106614854,0.0776190177812368,-0.00014024646016039,-0.0363061837348663,0.706291006251344,0.00852501583617777,-10.53511507362,-2.05850974727246e-14,-0.0429869122185295,1.24938539551573e-13,0,0,0,0,1,0.673086199299627,0.673086199299627,79.3157612144627,25.4933823548851,3.0260733624119
30.76,0.172119026075491,0.0402174817697012,0.324620934302664,0.00471749642582967,0.0108414091744212,0.0194249718590724,83.3694448656307,0.247712232021348,0.0776187335786626,-0.000127970293889116,-0.0362337478307835,0.706250309939035,0.00842610580197761,-10.5357565175281,-2.05850974727246e-14,-0.0429869122185295,1.24938539551573e-13,0,0,0,0,1,0.673086199299627,0.673086199299627,79.3127194400727,25.5114818891466,3.0201264946166
30.77,0.172174578193222,0.0402910499056701,0.3248311061278,0.00470133383055545,0.0108492989871202,0.0194341265126179,83.3718640567667,0.247719333911428,0.0776184467216118,-0.000115752511857699,-0.036161251873912,0.706209684170299,0.00832760839693583,-10.536395536835,-2.05850974727246e-14,-0.0429869122185295,1.24938539551573e-13,0,0,0,0,1,0.673086199299627,0.673086199299627,79.3096641400681,25.5295837330004,3.01417396799033
30.78,0.172229988870047,0.0403646683704122,0.325041386198655,0.00468524439528895,0.010857167275236,0.0194432325143892,83.3742752747014,0.247726412276223,0.077618157305222,-0.000103592665987581,-0.0360886961233933,0.706169130491451,0.00822952111020422,-10.5370321411432,-2.05850974727246e-14,-0.0429869122185295,1.24938539551573e-13,0,0,0,0,1,0.673086199299627,0.673086199299627,79.3065953116847,25.5476878664019,3.0082158053023
30.79,0.172285258840627,0.0404383370536887,0.325251773999496,0.00466922761144698,0.010865014229349,0.0194522904087519,83.3766785164057,0.247733467106934,0.0776178654251439,-9.14903135013667e-05,-0.0360160808372296,0.706128650455992,0.00813184145373925,-10.5376663401005,-2.05850974727246e-14,-0.0429869122185295,1.24938539551573e-13,0,0,0,0,1,0.673086199299627,0.673086199299627,79.3035129521841,25.5657942693707,3.00225202923425
30.8,0.17234038883468,0.0405120558461406,0.325462269020242,0.00465328297659763,0.0108728400304919,0.0194613007320434,83.379073778874,0.247740498394828,0.0776175711774426,-7.94450168402487e-05,-0.0359434062722794,0.706088245623134,0.00803456696201829,-10.53829814339,-2.05850974727246e-14,-0.0429869122185295,1.24938539551573e-13,0,0,0,0,1,0.673086199299627,0.673086199299627,79.3004170588539,25.5839029219911,2.99628266238002
30.81,0.172395379577032,0.0405858246392083,0.325672870756379,0.00463740999434429,0.0108806448503003,0.0194702640127126,83.3814610591241,0.247747506131242,0.0776172746585013,-6.74563435829139e-05,-0.0358706726842539,0.706047917556375,0.00793769519176167,-10.5389275607198,-2.05850974727246e-14,-0.0429869122185295,1.24938539551573e-13,0,0,0,0,1,0.673086199299627,0.673086199299627,79.2973076290067,25.6020138044114,2.99030772724521
30.82,0.17245023178768,0.0406596433250522,0.325883578708858,0.00462160817421254,0.0108884288511674,0.0194791807714577,83.383840354197,0.247754490307583,0.0776169759649281,-5.55238663658885e-05,-0.0357978803277143,0.706007667822112,0.0078412237216613,-10.5395546018127,-2.05850974727246e-14,-0.0429869122185295,1.24938539551573e-13,0,0,0,0,1,0.673086199299627,0.673086199299627,79.2941846599808,25.6201268968442,2.98432724624694
30.83,0.172504946181848,0.0407335117964746,0.326094392384009,0.0046058770315396,0.0108961921864016,0.0194880515213603,83.3862116611569,0.247761450915323,0.077616675193465,-4.36471628053017e-05,-0.0357250294560715,0.705967497988288,0.00774515015211182,-10.5401792763976,-2.05850974727246e-14,-0.0429869122185295,1.24938539551573e-13,0,0,0,0,1,0.673086199299627,0.673086199299627,79.2910481491393,25.6382421795655,2.97834124171372
30.84,0.172559523470038,0.0408074299468432,0.326305311293448,0.00459021608736657,0.0109039350003882,0.0194968767680182,83.388574977091,0.247768387946005,0.0776163724409,-3.18258154200386e-05,-0.0356521203215853,0.705927409623083,0.00764947210494793,-10.5408015941992,-2.05850974727246e-14,-0.0429869122185295,1.24938539551573e-13,0,0,0,0,1,0.673086199299627,0.673086199299627,79.2878980938707,25.6563596329153,2.97234973588538
30.85,0.172613964358092,0.0408813976700159,0.326516334953992,0.00457462486833318,0.010911657428753,0.0195056570096748,83.3909302991092,0.247775301391235,0.0776160678039819,-2.00594115562566e-05,-0.035579153175366,0.705887404293648,0.00755418722318755,-10.5414215649298,-2.05850974727246e-14,-0.0429869122185295,1.24938539551573e-13,0,0,0,0,1,0.673086199299627,0.673086199299627,79.2847344915883,25.6744792372968,2.96635275091316
30.86,0.172668269547237,0.040955414860267,0.326727462887569,0.0045591029065751,0.0109193595985299,0.019514392737347,83.3932776243442,0.24778219124269,0.0776157613793375,-8.34754331323924e-06,-0.0355061282673761,0.705847483564867,0.00745929317077644,-10.5420391982802,-2.05850974727246e-14,-0.0429869122185295,1.24938539551573e-13,0,0,0,0,1,0.673086199299627,0.673086199299627,79.2815573397301,25.6926009731764,2.96035030885978
30.87,0.172722439734124,0.0410294814095888,0.326938694620678,0.00454364973966762,0.0109270396027126,0.0195230844349574,83.3956169499521,0.247789057492113,0.0776154532607975,3.31019252939954e-06,-0.0354330458465043,0.705807649106433,0.00736478763236591,-10.5426544994779,-2.05850974727246e-14,-0.0429869122185295,1.24938539551573e-13,0,0,0,0,1,0.673086199299627,0.673086199299627,79.2783666357597,25.7107248210825,2.95434243170559
30.88,0.172776475609599,0.0411035970294802,0.32715002965319,0.00452826491349077,0.0109346582143406,0.0195317325799707,83.3979482731566,0.247795900131448,0.0776151433636728,1.49141945788204e-05,-0.0353599061656778,0.705767902624762,0.00727066831499651,-10.5432673779106,-2.05850974727246e-14,-0.0429869122185295,1.24938539551573e-13,0,0,0,0,1,0.673086199299627,0.673086199299627,79.2751623772167,25.7288507615437,2.94832914177619
30.89,0.172830377857682,0.0411777611057359,0.327361467432881,0.0045129479843451,0.0109422027374706,0.0195403376439121,83.400271591296,0.247802719152979,0.0776148312849292,2.64648568761847e-05,-0.0352867094893453,0.70572823913209,0.00717693295008867,-10.5438777628858,-2.05850974727246e-14,-0.0429869122185295,1.24938539551573e-13,0,0,0,0,1,0.673086199299627,0.673086199299627,79.2719445617744,25.7469787749928,2.94231046236783
30.9,0.17288414715781,0.0412519730068098,0.32757300740918,0.00449769851353935,0.0109496746385674,0.0195489000915731,83.4025869017581,0.247809514549137,0.0776145166105156,3.79625689545935e-05,-0.0352134560878817,0.705688652444439,0.00708357929043559,-10.5444856115562,-2.05850974727246e-14,-0.0429869122185295,1.24938539551573e-13,0,0,0,0,1,0.673086199299627,0.673086199299627,79.2687131871694,25.7651088418289,2.93628641727874
30.91,0.172937784185105,0.0413262321147849,0.327784649038509,0.00448251606680182,0.0109570753821424,0.0195574203810314,83.4048942019727,0.247816286312475,0.077614198945828,4.94077159084911e-05,-0.0351401462366379,0.70564913666631,0.00699060510949748,-10.5450908831806,-2.05850974727246e-14,-0.0429869122185295,1.24938539551573e-13,0,0,0,0,1,0.673086199299627,0.673086199299627,79.2654682511922,25.7832409424292,2.93025703072979
30.92,0.172991289610417,0.0414005378253578,0.327996391784215,0.00446740021421947,0.0109644064294803,0.0195658989637602,83.4071934894113,0.247823034435671,0.0776138779154325,6.08006784622523e-05,-0.0350667802156915,0.705609686186731,0.00689800820101154,-10.5456935390914,-2.05850974727246e-14,-0.0429869122185295,1.24938539551573e-13,0,0,0,0,1,0.673086199299627,0.673086199299627,79.2622097516876,25.8013750571522,2.92422232734365
30.93,0.173044664100372,0.0414748895478106,0.328208235116501,0.00445235053017762,0.0109716692374091,0.0195743362847363,83.4094847615865,0.247829758911524,0.0776135531627795,7.21418330376088e-05,-0.034993358309601,0.705570295675184,0.00680578637861763,-10.546293542662,-2.05850974727246e-14,-0.0429869122185295,1.24938539551573e-13,0,0,0,0,1,0.673086199299627,0.673086199299627,79.2589376865538,25.8195111663409,2.91818233212439
30.94,0.173097908317414,0.0415492867049711,0.328420178512363,0.00443736659330034,0.0109788652571141,0.0195827327825472,83.4117680160522,0.247836459732954,0.0776132243499102,8.34315518199292e-05,-0.0349198808071647,0.705530960077381,0.0067139374755021,-10.5468908592729,-2.05850974727246e-14,-0.0429869122185295,1.24938539551573e-13,0,0,0,0,1,0.673086199299627,0.673086199299627,79.2556520537419,25.8376492503265,2.91213707043732
30.95,0.173151022919848,0.0416237287331615,0.328632221455514,0.00442244798639154,0.010985995932995,0.0195910888894968,83.4140432504026,0.247843136893,0.0776128911571552,9.4670202823367e-05,-0.0348463480011828,0.705491674610952,0.00662245934405582,-10.5474854562774,-2.05850974727246e-14,-0.0429869122185295,1.24938539551573e-13,0,0,0,0,1,0.673086199299627,0.673086199299627,79.2523528512556,25.8557892894313,2.90608656798921
30.96,0.173204008561888,0.041698215082135,0.328844363436314,0.00440759429637689,0.0109930627015652,0.0195994050317098,83.4163104622723,0.247849790384823,0.0776125532828263,0.00010585814995489,-0.034772760188225,0.705452434761,0.00653134985555007,-10.5480773029665,-2.05850974727246e-14,-0.0429869122185295,1.24938539551573e-13,0,0,0,0,1,0.673086199299627,0.673086199299627,79.2490400771505,25.8739312639719,2.90003085080886
30.97,0.173256865893693,0.0417727452150029,0.329056603951702,0.00439280511424646,0.0110000669903945,0.0196076816292346,83.4185696493359,0.247856420201697,0.0776122104429019,0.000116995753077207,-0.0346991176684007,0.705413236275564,0.0064406068998207,-10.548666370533,-2.05850974727246e-14,-0.0429869122185295,1.24938539551573e-13,0,0,0,0,1,0.673086199299627,0.673086199299627,79.2457137295339,25.8920751542624,2.893969945228
30.98,0.173309595561414,0.0418473186081502,0.329268942505122,0.00437808003499821,0.0110070102170932,0.0196159190961458,83.4208208093073,0.247863026337017,0.0776118623707063,0.000128083368070603,-0.034625420745135,0.705374075160987,0.00635022838497098,-10.549252632035,-2.05850974727246e-14,-0.0429869122185295,1.24938539551573e-13,0,0,0,0,1,0.673086199299627,0.673086199299627,79.2423738065636,25.9102209406175,2.88790387786257
30.99,0.173362198207231,0.0419219347511419,0.329481378606446,0.00436341865758229,0.0110138937883384,0.019624117840644,83.4230639399397,0.24786960878429,0.0776115088165834,0.000139121346893708,-0.0345516697249484,0.705334947677189,0.00626021223708158,-10.5498360623596,-2.05850974727246e-14,-0.0429869122185295,1.24938539551573e-13,0,0,0,0,1,0.673086199299627,0.673086199299627,79.239020306448,25.9283686033552,2.88183267559435
31,0.173414674469398,0.0419965931466196,0.329693911771905,0.00434882058484622,0.0110207190989407,0.0196322782651549,83.425299039025,0.247876167537141,0.0776111495475656,0.000150110037643199,-0.0344778649172409,0.70529585033287,0.00617055639993487,-10.5504166381846,-2.05850974727246e-14,-0.0429869122185295,1.24938539551573e-13,0,0,0,0,1,0.673086199299627,0.673086199299627,79.2356532274451,25.9465181228,2.87575636555296
31.01,0.173467024982276,0.0420712933101888,0.329906541524013,0.0043342854234809,0.0110274875309527,0.0196404007664271,83.4275261043934,0.247882702589303,0.0776107843470381,0.000161049784612468,-0.0344040066340811,0.705256779880631,0.00608125883474822,-10.5509943379418,-2.05850974727246e-14,-0.0429869122185295,1.24938539551573e-13,0,0,0,0,1,0.673086199299627,0.673086199299627,79.2322725678622,25.9646694792854,2.86967497509825
31.02,0.173519250376381,0.042146034770298,0.330119267391489,0.00431981278396752,0.0110342004528168,0.0196484857356282,83.4297451339132,0.247889213934627,0.0776104130143988,0.000171940928349257,-0.0343300951899993,0.70521773331203,0.0059923175199172,-10.5515691417779,-2.05850974727246e-14,-0.0429869122185295,1.24938539551573e-13,0,0,0,0,1,0.673086199299627,0.673086199299627,79.228878326055,25.9828226531571,2.863588531803
31.03,0.173571351278417,0.0422208170681085,0.330332088909186,0.00430540228052528,0.0110408592185539,0.0196565335584397,83.4319561254902,0.247895701567069,0.0776100353647149,0.000182783805712288,-0.0342561309017859,0.705178707852578,0.00590373045077031,-10.5521410315164,-2.05850974727246e-14,-0.0429869122185295,1.24938539551573e-13,0,0,0,0,1,0.673086199299627,0.673086199299627,79.2254705004275,26.0009776247754,2.85749706343613
31.04,0.173623328311315,0.0422956397573574,0.33054500561801,0.0042910535310601,0.0110474651669898,0.0196645446151497,83.4341590770674,0.247902165480699,0.0776096512283758,0.000193578749926895,-0.0341821140882934,0.705139700956682,0.00581549563932785,-10.5527099906189,-2.05850974727246e-14,-0.0429869122185295,1.24938539551573e-13,0,0,0,0,1,0.673086199299627,0.673086199299627,79.2220490894308,26.0191343745181,2.85140059794616
31.05,0.173675182094271,0.0423705024042121,0.330758017064846,0.00427676615711408,0.011054019621022,0.0196725192807454,83.4363539866243,0.247908605669692,0.077609260450744,0.000204326090639677,-0.0341080450702443,0.705100710302543,0.00572761111407271,-10.5532760041457,-2.05850974727246e-14,-0.0429869122185295,1.24938539551573e-13,0,0,0,0,1,0.673086199299627,0.673086199299627,79.2186140915629,26.0372928827826,2.84529916344513
31.06,0.173726913242783,0.0424454045871183,0.330971122802483,0.0042625397838159,0.0110605238869234,0.0196804579250033,83.438540852177,0.247915022128332,0.0776088628918025,0.000215026153972189,-0.0340339241700426,0.705061733786998,0.00564007491972916,-10.553839058717,-2.05850974727246e-14,-0.0429869122185295,1.24938539551573e-13,0,0,0,0,1,0.673086199299627,0.673086199299627,79.2151655053679,26.0554531299891,2.83919278819289
31.07,0.173778522368689,0.0425203458966408,0.331184322389531,0.00424837403983208,0.0110669792536839,0.0196883609125776,83.4407196717776,0.24792141485101,0.0776084584258011,0.000225679262573687,-0.033959751711591,0.705022769520353,0.00555288511704493,-10.5543991424731,-2.05850974727246e-14,-0.0429869122185295,1.24938539551573e-13,0,0,0,0,1,0.673086199299627,0.673086199299627,79.2117033294355,26.0736150965825,2.83308150058179
31.08,0.173830010080198,0.0425953259352977,0.331397615390346,0.00423426855731913,0.0110733869923893,0.0196962286030884,83.4428904435135,0.247927783832218,0.077608046940901,0.000236285735672939,-0.0338855280201118,0.704983815821163,0.00546603978258318,-10.5549562450349,-2.05850974727246e-14,-0.0429869122185295,1.24938539551573e-13,0,0,0,0,1,0.673086199299627,0.673086199299627,79.2082275624003,26.0917787630348,2.82696532912174
31.09,0.173881376981934,0.0426703443173896,0.331611001374955,0.00422022297187645,0.0110797483556361,0.0197040613512071,83.4450531655071,0.247934129066554,0.077607628338817,0.000246845889129127,-0.0338112534219738,0.704944871210998,0.00537953700852086,-10.5555103574647,-2.05850974727246e-14,-0.0429869122185295,1.24938539551573e-13,0,0,0,0,1,0.673086199299627,0.673086199299627,79.204738202941,26.1099441098477,2.82084430242569
31.1,0.17393262367496,0.0427454006688213,0.331824479918974,0.00420623692250023,0.0110860645769821,0.0197118595067414,83.4472078359159,0.247940450548718,0.0776072025344607,0.000257360035481837,-0.0337369282445222,0.704905934409186,0.00529337490245198,-10.5560614722262,-2.05850974727246e-14,-0.0429869122185295,1.24938539551573e-13,0,0,0,0,1,0.673086199299627,0.673086199299627,79.2012352497802,26.1281111175548,2.81471844919547
31.11,0.173983750756821,0.04282049462692,0.332038050603529,0.00419231005153804,0.0110923368704325,0.0197196234147178,83.4493544529313,0.24794674827351,0.0776067694555817,0.00026782848400018,-0.0336625528159154,0.704867004327554,0.00520755158719548,-10.5566095831448,-2.05850974727246e-14,-0.0429869122185295,1.24938539551573e-13,0,0,0,0,1,0.673086199299627,0.673086199299627,79.1977187016833,26.1462797667234,2.80858779820809
31.12,0.174034758821574,0.0428956258402471,0.332251713015182,0.00417844200464435,0.0110985664299597,0.019727353415464,83.4514930147787,0.247953022235831,0.0776063290424091,0.000278251540731032,-0.0335881274649645,0.704828080065149,0.0051220652006119,-10.5571546853682,-2.05850974727246e-14,-0.0429869122185295,1.24938539551573e-13,0,0,0,0,1,0.673086199299627,0.673086199299627,79.1941885574583,26.164450037957,2.80245237830232
31.13,0.174085648459821,0.0429707939684063,0.332465466745848,0.00416463243073679,0.0111047544290574,0.0197350498446886,83.4536235197168,0.247959272430679,0.0776058812472934,0.000288629508546429,-0.0335136525209792,0.704789160902964,0.00503691389542073,-10.557696775327,-2.05850974727246e-14,-0.0429869122185295,1.24938539551573e-13,0,0,0,0,1,0.673086199299627,0.673086199299627,79.1906448159547,26.1826219118971,2.79631221836579
31.14,0.174136420258744,0.0430459986818463,0.332679311392719,0.00415088098195325,0.0111109020203277,0.0197427130335602,83.4557459660375,0.247965498853149,0.0776054260343487,0.00029896268719012,-0.0334391283136172,0.704750246298659,0.00495209583902579,-10.5582358506947,-2.05850974727246e-14,-0.0429869122185295,1.24938539551573e-13,0,0,0,0,1,0.673086199299627,0.673086199299627,79.1870874760632,26.2007953692254,2.79016734732238
31.15,0.174187074802134,0.0431212396616608,0.332893246558186,0.00413718731360975,0.0111170103351005,0.0197503433087846,83.4578603520651,0.247971701498434,0.0776049633790951,0.000309251373323297,-0.0333645551727387,0.704711335881303,0.00486760921334317,-10.5587719103491,-2.05850974727246e-14,-0.0429869122185295,1.24938539551573e-13,0,0,0,0,1,0.673086199299627,0.673086199299627,79.183516536715,26.2189703906655,2.78401779412006
31.16,0.174237612670427,0.0431965165993838,0.333107271849756,0.00412355108415907,0.0111230804830847,0.0197579409926811,83.4599666761562,0.247977880361819,0.0776044932681036,0.00031949586056952,-0.0332899334282662,0.704672429446109,0.00478345221463423,-10.5593049543328,-2.05850974727246e-14,-0.0429869122185295,1.24938539551573e-13,0,0,0,0,1,0.673086199299627,0.673086199299627,79.1799319968812,26.2371469569846,2.77786358771912
31.17,0.174288034440732,0.0432718291967817,0.333321386879981,0.00410997195515015,0.0111291135520506,0.0197655064032573,83.4620649366992,0.247984035438685,0.0776040156986409,0.000329696439558846,-0.0332152634100482,0.704633526949199,0.00469962305334302,-10.559834983814,-2.05850974727246e-14,-0.0429869122185295,1.24938539551573e-13,0,0,0,0,1,0.673086199299627,0.673086199299627,79.1763338555718,26.2553250489956,2.77170475708073
31.18,0.174338340686861,0.0433471771656424,0.333535591266372,0.00409644959118823,0.0111351106075421,0.0197730398542819,83.4641551321139,0.247990166724504,0.0776035306783166,0.00033985339797118,-0.0331405454477275,0.70459462850239,0.00461611995393468,-10.5603620010485,-2.05850974727246e-14,-0.0429869122185295,1.24938539551573e-13,0,0,0,0,1,0.673086199299627,0.673086199299627,79.1727221118356,26.2735046475587,2.76554133115598
31.19,0.174388531979364,0.043422560227562,0.333749884631328,0.00408298365989573,0.0111410726926192,0.0197805416553573,83.4662372608507,0.247996274214839,0.0776030382247326,0.000349967020578864,-0.033065779870615,0.70455573436799,0.00453294115474237,-10.5608860093406,-2.05850974727246e-14,-0.0429869122185295,1.24938539551573e-13,0,0,0,0,1,0.673086199299627,0.673086199299627,79.1690967647595,26.2916857335829,2.75937333887517
31.2,0.174438608885556,0.0434979781137283,0.333964266602052,0.00406957383187376,0.0111470008276288,0.0197880121119899,83.4683113213911,0.248002357905342,0.0776025383651337,0.000360037589288511,-0.0329909670075667,0.704516844953643,0.00445008490781183,-10.5614070130054,-2.05850974727246e-14,-0.0429869122185295,1.24938539551573e-13,0,0,0,0,1,0.673086199299627,0.673086199299627,79.1654578134673,26.3098682880275,2.75320080913765
31.21,0.174488571969545,0.0435734305647025,0.334178736810479,0.00405621978066448,0.0111528960100044,0.0197954515256597,83.4703773122463,0.248008417791757,0.0776020311360619,0.000370065383182113,-0.032916107186867,0.704477960807188,0.00436754947875379,-10.5619250173306,-2.05850974727246e-14,-0.0429869122185295,1.24938539551573e-13,0,0,0,0,1,0.673086199299627,0.673086199299627,79.1618052571199,26.3280522919039,2.74702377080187
31.22,0.174538421792264,0.0436489173301991,0.334393294893193,0.00404292118271393,0.0111587592140922,0.0198028601938881,83.4724352319574,0.248014453869912,0.0776015165830123,0.000380050678557413,-0.0328412007361145,0.704439082611566,0.00428533314659653,-10.5624400285391,-2.05850974727246e-14,-0.0429869122185295,1.24938539551573e-13,0,0,0,0,1,0.673086199299627,0.673086199299627,79.1581390949141,26.346237726277,2.74084225267591
31.23,0.174588158911499,0.0437244381688635,0.334607940491355,0.00402967771733574,0.0111645913910056,0.019810238410305,83.4744850790949,0.248020466135722,0.0776009947600927,0.000389993748967579,-0.0327662479821141,0.704400211179762,0.00420343420364297,-10.562952053752,-2.05850974727246e-14,-0.0429869122185295,1.24938539551573e-13,0,0,0,0,1,0.673086199299627,0.673086199299627,79.1544593260822,26.3644245722661,2.73465628350839
31.24,0.174637783881916,0.043799992848049,0.334822673250624,0.00401648906667532,0.0111703934685035,0.0198175864647143,83.4765268522583,0.248026454585189,0.0776004657296856,0.000399894865260185,-0.0326912492507722,0.70436134744979,0.00412185095532877,-10.5634611009517,-2.05850974727246e-14,-0.0429869122185295,1.24938539551573e-13,0,0,0,0,1,0.673086199299627,0.673086199299627,79.1507659498914,26.3826128110469,2.72846589197961
31.25,0.17468729725509,0.0438755811435922,0.33503749282108,0.00400335491567476,0.0111761663508965,0.0198249046431581,83.4785605500755,0.248032419214396,0.0775999295621142,0.000409754295615497,-0.0326162048669969,0.704322492479724,0.00404058172008554,-10.5639671789452,-2.05850974727246e-14,-0.0429869122185295,1.24938539551573e-13,0,0,0,0,1,0.673086199299627,0.673086199299627,79.1470589656433,26.4008024238523,2.72227110669327
31.26,0.174736699579532,0.0439512028395874,0.335252398857152,0.00399027495203833,0.0111819109189751,0.0198321932279802,83.4805861712028,0.248038360019512,0.0775993863353118,0.000419572305584106,-0.0325411151546024,0.704283647442782,0.00395962482920368,-10.5644702973288,-2.05850974727246e-14,-0.0429869122185295,1.24938539551573e-13,0,0,0,0,1,0.673086199299627,0.673086199299627,79.1433383726728,26.4189933919736,2.71607195616832
31.27,0.174785991400716,0.0440268577281606,0.335467391017537,0.0039772488661986,0.011187628029964,0.0198394524978874,83.4826037143241,0.248044276996786,0.0775988361344944,0.000429349158123895,-0.0324659804362177,0.704244813622457,0.00387897862669888,-10.564970466452,-2.05850974727246e-14,-0.0429869122185295,1.24938539551573e-13,0,0,0,0,1,0.673086199299627,0.673086199299627,79.1396041703485,26.4371856967618,2.70986846883138
31.28,0.174835173261106,0.0441025456092428,0.335682468965129,0.00396427635128307,0.0111933185174981,0.0198466827280109,83.4846131781508,0.248050170142548,0.0775982790518377,0.000439085113636366,-0.0323908010331993,0.704205992407707,0.00379864146918189,-10.5654676973828,-2.05850974727246e-14,-0.0429869122185295,1.24938539551573e-13,0,0,0,0,1,0.673086199299627,0.673086199299627,79.135856358071,26.4553793196288,2.7036606730093
31.29,0.174884245700183,0.0441782662903437,0.335897632366944,0.0039513571030815,0.0111989831916213,0.0198538841899657,83.4866145614215,0.248056039453206,0.0775977151861585,0.000448780430002336,-0.0323155772655485,0.704167185288195,0.00371861172572899,-10.5659620018729,-2.05850974727246e-14,-0.0429869122185295,1.24938539551573e-13,0,0,0,0,1,0.673086199299627,0.673086199299627,79.1320949352733,26.4735742420478,2.69744859692226
31.3,0.174933209254469,0.0442540195863244,0.336112880894046,0.00393849082001367,0.0112046228388075,0.0198610571519088,83.4886078629014,0.248061884925249,0.0775971446425992,0.000458435362617018,-0.0322403094518318,0.704128393849607,0.00363888777775428,-10.5664533923237,-2.05850974727246e-14,-0.0429869122185295,1.24938539551573e-13,0,0,0,0,1,0.673086199299627,0.673086199299627,79.1283199014194,26.4917704455551,2.69123226867708
31.31,0.174982064457554,0.0443298053191713,0.336328214221472,0.00392567720309774,0.0112102382220016,0.019868201878597,83.4905930813821,0.248067706555243,0.0775965675323179,0.000468050164424488,-0.0321649979091069,0.704089619769012,0.00355946801888494,-10.5669418817527,-2.05850974727246e-14,-0.0429869122185295,1.24938539551573e-13,0,0,0,0,1,0.673086199299627,0.673086199299627,79.1245312560046,26.5099679117501,2.68501171626091
31.32,0.17503081184012,0.0444056233177699,0.336543632028162,0.00391291595591916,0.011215830080682,0.0198753186314429,83.4925702156811,0.248073504339829,0.0775959839721826,0.00047762508595156,-0.0320896429528512,0.704050864810296,0.00348035085483825,-10.5674274837605,-2.05850974727246e-14,-0.0429869122185295,1.24938539551573e-13,0,0,0,0,1,0.673086199299627,0.673086199299627,79.1207289985541,26.5281666222971,2.67878696753524
31.33,0.175079451929967,0.0444814734176794,0.336759133996885,0.00390020678460003,0.0112213991309416,0.01988240766857,83.4945392646416,0.248079278275723,0.0775953940844696,0.000487160375341087,-0.032014244896895,0.704012130819667,0.00340153470329933,-10.5679102124983,-2.05850974727246e-14,-0.0429869122185295,1.24938539551573e-13,0,0,0,0,1,0.673086199299627,0.673086199299627,79.1169131286233,26.5463665589251,2.67255805023029
31.34,0.175127985252038,0.0445573554609079,0.336974719814168,0.003887549397769,0.0112269460655884,0.0198894692448671,83.4965002271322,0.248085028359717,0.0775947979965672,0.000496656278384673,-0.0319388040533584,0.70397341972122,0.00332301799380184,-10.5683900826358,-2.05850974727246e-14,-0.0429869122185295,1.24938539551573e-13,0,0,0,0,1,0.673086199299627,0.673086199299627,79.1130836457964,26.5645677034292,2.66632499193963
31.35,0.175176412328441,0.044633269295689,0.337190389170226,0.00387494350653167,0.0112324715542637,0.0198965036120413,83.4984531020462,0.248090754588676,0.0775941958406847,0.000506113038554841,-0.0318633207325919,0.703934733512586,0.00324479916761084,-10.5688671093299,-2.05850974727246e-14,-0.0429869122185295,1.24938539551573e-13,0,0,0,0,1,0.673086199299627,0.673086199299627,79.1092405496866,26.5827700376712,2.66008782011517
31.36,0.175224733678475,0.0447092147762594,0.337406141758891,0.00386238882444142,0.0112379762435783,0.0199035110186699,83.5003978883019,0.248096456959537,0.0775935877535651,0.000515530897036636,-0.0317877952431203,0.703896074260631,0.0031668766776038,-10.5693413081937,-2.05850974727246e-14,-0.0429869122185295,1.24938539551573e-13,0,0,0,0,1,0.673086199299627,0.673086199299627,79.1053838399354,26.60097354358,2.65384656206245
31.37,0.175272949818653,0.0447851917626375,0.337621977277543,0.00384988506747074,0.0112434607572652,0.0199104917102518,83.5023345848416,0.248102135469307,0.0775929738762045,0.000524910092758707,-0.0317122278915914,0.703857444097259,0.00308924898815749,-10.5698126952667,-2.05850974727246e-14,-0.0429869122185295,1.24938539551573e-13,0,0,0,0,1,0.673086199299627,0.673086199299627,79.1015135162121,26.6191782031521,2.64760124493623
31.38,0.175321061262722,0.0448612001204042,0.33783789542704,0.00383743195398298,0.0112489256963485,0.0199174459292572,83.5042631906317,0.248107790115066,0.0775923543535756,0.000534250862423842,-0.0316366189827271,0.703818845215266,0.00301191457503482,-10.5702812869845,-2.05850974727246e-14,-0.0429869122185295,1.24938539551573e-13,0,0,0,0,1,0.673086199299627,0.673086199299627,79.0976295782128,26.6373839984525,2.6413518957364
31.39,0.175369068521693,0.0449372397204847,0.338053895911651,0.00382502920470457,0.0112543716393279,0.0199243739151771,83.5061837046624,0.248113420893962,0.077591729334357,0.000543553440538997,-0.0315609688192782,0.703780279864278,0.00293487192526991,-10.5707471001502,-2.05850974727246e-14,-0.0429869122185295,1.24938539551573e-13,0,0,0,0,1,0.673086199299627,0.673086199299627,79.093732025661,26.6555909116149,2.63509854130412
31.4,0.175416972103854,0.0450133104389325,0.338269978438989,0.00381267654269763,0.0112597991423775,0.0199312759045711,83.5080961259471,0.24811902780321,0.0775910989706674,0.000552818059444814,-0.0314852777019833,0.70374175034678,0.00285811953706107,-10.5712101519058,-2.05850974727246e-14,-0.0429869122185295,1.24938539551573e-13,0,0,0,0,1,0.673086199299627,0.673086199299627,79.0898208583061,26.6737989248422,2.62884120831835
31.41,0.175464772514802,0.0450894121567156,0.338486142719946,0.00380037369333299,0.0112652087395593,0.0199381521311151,83.5100004535224,0.248124610840097,0.0775904634178063,0.000562044949344639,-0.0314095459295304,0.703703259014203,0.00278165591965844,-10.5716704597045,-2.05850974727246e-14,-0.0429869122185295,1.24938539551573e-13,0,0,0,0,1,0.673086199299627,0.673086199299627,79.0858960759236,26.6920080204068,2.6225799232925
31.42,0.175512470257457,0.045165544759504,0.338702388468624,0.00378812038426367,0.0112706009430499,0.0199450028256474,83.5118966864476,0.248130170001974,0.077589822833999,0.000571234338333054,-0.0313337737985217,0.703664808263108,0.00270547959325704,-10.5721280412831,-2.05850974727246e-14,-0.0429869122185295,1.24938539551573e-13,0,0,0,0,1,0.673086199299627,0.673086199299627,79.0819576783143,26.7102181806511,2.61631471257155
31.43,0.175560065832088,0.0452417081374601,0.33891871540227,0.00377591634539869,0.0112759762433802,0.0199518282162139,83.5137848238045,0.248135705286256,0.0775891773801475,0.000580386452423932,-0.0312579616034422,0.703626400531446,0.00262958908889013,-10.5725829146358,-2.05850974727246e-14,-0.0429869122185295,1.24938539551573e-13,0,0,0,0,1,0.673086199299627,0.673086199299627,79.078005665304,26.7284293879875,2.61004560232926
31.44,0.175607559736335,0.0453179021850314,0.339135123241218,0.00376376130887731,0.0112813351096869,0.0199586285281133,83.5156648646973,0.248141216690429,0.077588527219588,0.000589501515578018,-0.0311821096366312,0.7035880382949,0.0025539829483223,-10.5730350979881,-2.05850974727246e-14,-0.0429869122185295,1.24938539551573e-13,0,0,0,0,1,0.673086199299627,0.673086199299627,79.0740400367431,26.7466416248991,2.60377261856578
31.45,0.175654952465225,0.0453941268007456,0.339351611708818,0.00375165500904356,0.0112866779899759,0.0199654039839404,83.5175368082518,0.248146704212037,0.0775878725178523,0.000598579749730053,-0.0311062181882562,0.703549724063309,0.00247865972394684,-10.5734846097713,-2.05850974727246e-14,-0.0429869122185295,1.24938539551573e-13,0,0,0,0,1,0.673086199299627,0.673086199299627,79.0700607925062,26.7648548739394,2.5974957871054
31.46,0.175702244511199,0.045470381887008,0.339568180531378,0.00373959718242127,0.0112920053113969,0.0199721548036291,83.5194006536159,0.248152167848692,0.0775872134424366,0.000607621374815447,-0.0310302875462907,0.703511460377177,0.00240361797868027,-10.5739314685982,-2.05850974727246e-14,-0.0429869122185295,1.24938539551573e-13,0,0,0,0,1,0.673086199299627,0.673086199299627,79.0660679324918,26.7830691177327,2.59121513359461
31.47,0.175749436364128,0.0455466673499018,0.339784829438102,0.0037275875676893,0.011297317480528,0.0199788812044943,83.5212563999586,0.248157607598067,0.0775865501625749,0.00061662660879651,-0.0309543179964944,0.703473249804271,0.00232885628586118,-10.5743756932385,-2.05850974727246e-14,-0.0429869122185295,1.24938539551573e-13,0,0,0,0,1,0.673086199299627,0.673086199299627,79.0620614566215,26.8012843389741,2.58493068350043
31.48,0.175796528511336,0.0456229830989917,0.340001558161028,0.00371562590565725,0.01130261488367,0.0199855834012737,83.5231040464703,0.248163023457898,0.0775858828490188,0.000625595667688248,-0.0308783098223964,0.70343509493629,0.00225437322914986,-10.5748173025958,-2.05850974727246e-14,-0.0429869122185295,1.24938539551573e-13,0,0,0,0,1,0.673086199299627,0.673086199299627,79.0580413648401,26.8195005204301,2.57864246210889
31.49,0.175843521437617,0.0456993290471294,0.34021836643497,0.00370371193924139,0.0113078978871501,0.0199922616061676,83.524943592362,0.248168415425982,0.0775852116738225,0.000634528765583733,-0.0308022633052808,0.70339699838564,0.00218016740242565,-10.5752563156847,-2.05850974727246e-14,-0.0429869122185295,1.24938539551573e-13,0,0,0,0,1,0.673086199299627,0.673086199299627,79.0540076571149,26.8377176449376,2.57235049452383
31.5,0.175890415625259,0.0457757051102628,0.340435253997458,0.00369184541344101,0.0113131668376345,0.019998916028879,83.5267750368657,0.248173783500175,0.077584536810134,0.000643426114679063,-0.0307261787241755,0.703358962782268,0.00210623740969095,-10.5756927516088,-2.05850974727246e-14,-0.0429869122185295,1.24938539551573e-13,0,0,0,0,1,0.673086199299627,0.673086199299627,79.0499603334358,26.8559356954049,2.56605480566584
31.51,0.175937211554059,0.045852111207248,0.340652220588679,0.00368002607531501,0.0113184220624481,0.0200055468766527,83.5285983792339,0.248179127678395,0.0775838584319923,0.000652287925297901,-0.0306500563558433,0.703320990770606,0.00203258186497114,-10.5761266295386,-2.05850974727246e-14,-0.0429869122185295,1.24938539551573e-13,0,0,0,0,1,0.673086199299627,0.673086199299627,79.0458993938144,26.8741546548113,2.55975542027148
31.52,0.175983909701346,0.0459285472596649,0.340869265951423,0.00366825367395891,0.011323663869903,0.020012154354313,83.5304136187389,0.24818444795862,0.0775831767141294,0.000661114405915628,-0.0305738964747755,0.703283085006588,0.00195919939221712,-10.5765579686914,-2.05850974727246e-14,-0.0429869122185295,1.24938539551573e-13,0,0,0,0,1,0.673086199299627,0.673086199299627,79.0418248382839,26.8923745062068,2.5534523628927
31.53,0.176030510541996,0.0460050131916349,0.341086389831024,0.003656527960482,0.0113288925496327,0.0200187386643018,83.5322207546735,0.248189744338884,0.0775824918317793,0.00066990576318309,-0.0304976993531877,0.703245248154748,0.00188608862521105,-10.5769867883109,-2.05850974727246e-14,-0.0429869122185295,1.24938539551573e-13,0,0,0,0,1,0.673086199299627,0.673086199299627,79.0377366668991,26.9105952327124,2.54714565789642
31.54,0.176077014548454,0.0460815089296429,0.341303591975304,0.00364484868798496,0.0113341083729338,0.0200253000067148,83.53401978635,0.248195016817281,0.0775818039604919,0.000678662201949966,-0.0304214652610185,0.703207482885421,0.00181324820747031,-10.5774131076471,-2.05850974727246e-14,-0.0429869122185295,1.24938539551573e-13,0,0,0,0,1,0.673086199299627,0.673086199299627,79.0336348797354,26.9288168175196,2.54083532946436
31.55,0.176123422190753,0.0461580344023627,0.341520872134522,0.00363321561153766,0.0113393115931126,0.020031838579338,83.5358107131004,0.248200265391962,0.0775811132759532,0.00068738392528776,-0.0303451944659305,0.703169791872008,0.00174067679215223,-10.5778369459379,-2.05850974727246e-14,-0.0429869122185295,1.24938539551573e-13,0,0,0,0,1,0.673086199299627,0.673086199299627,79.0295194768894,26.9470392438905,2.53452140159305
31.56,0.176169733936528,0.0462345895404849,0.341738230061319,0.0036216284881573,0.0113445024458379,0.020038354577683,83.5375935342761,0.248205490061135,0.0775804199538106,0.000696071134512418,-0.0302688872333125,0.703132177788341,0.0016683730419627,-10.5782583223907,-2.05850974727246e-14,-0.0429869122185295,1.24938539551573e-13,0,0,0,0,1,0.673086199299627,0.673086199299627,79.0253904584776,26.9652624951575,2.52820389809398
31.57,0.176215950251038,0.0463111742765487,0.341955665510663,0.00361008707678673,0.0113496811494985,0.0200448481950217,83.5393682492477,0.248210690823063,0.0775797241695047,0.000704724029206584,-0.0301925438262852,0.703094643306128,0.00159633562906238,-10.5786772561644,-2.05850974727246e-14,-0.0429869122185295,1.24938539551573e-13,0,0,0,0,1,0.673086199299627,0.673086199299627,79.0212478246371,26.9834865547232,2.521882842594
31.58,0.176262071597183,0.0463877885447779,0.342173178239802,0.00359859113827323,0.0113548479055647,0.0200513196224202,83.5411348574047,0.248215867676067,0.0775790260981061,0.000713342807241498,-0.0301161645057078,0.703057191092479,0.00152456323497536,-10.5790937663528,-2.05850974727246e-14,-0.0429869122185295,1.24938539551573e-13,0,0,0,0,1,0.673086199299627,0.673086199299627,79.0170915755247,27.0017114060597,2.51555825853583
31.59,0.17630809843552,0.0464644322809192,0.342390768008209,0.00358714043534734,0.0113600028989541,0.0200577690487728,83.5428933581557,0.248221020618521,0.0775783259141584,0.000721927664798545,-0.0300397495301878,0.703019823807522,0.00145305455049929,-10.5795078719676,-2.05850974727246e-14,-0.0429869122185295,1.24938539551573e-13,0,0,0,0,1,0.673086199299627,0.673086199299627,79.0129217113169,27.019937032709,2.5092301691788
31.6,0.17635403122428,0.0465411054220846,0.342608434577535,0.00357573473260208,0.011365146298401,0.0200641966608343,83.5446437509277,0.248226149648855,0.0775776237915263,0.000730478796390464,-0.0299632991560912,0.702982544102099,0.00138180827561518,-10.5799195919231,-2.05850974727246e-14,-0.0429869122185295,1.24938539551573e-13,0,0,0,0,1,0.673086199299627,0.673086199299627,79.0087382322097,27.0381634182822,2.50289859759968
31.61,0.176399870419391,0.0466178079065982,0.342826177711559,0.00356437379647242,0.0113702782568286,0.0200706026432522,83.5463860351664,0.248231254765554,0.0775769199032493,0.000738996394882217,-0.0298868136375559,0.702945354615544,0.00131082311939754,-10.5803289450205,-2.05850974727246e-14,-0.0429869122185295,1.24938539551573e-13,0,0,0,0,1,0.673086199299627,0.673086199299627,79.004541138418,27.0563905464593,2.4965635666937
31.62,0.176445616474485,0.0466945396738449,0.34304399717614,0.00355305739521493,0.0113753989117235,0.0200769871785989,83.5481202103358,0.248236335967154,0.0775762144214019,0.000747480651511529,-0.0298102932265061,0.702908257973547,0.00124009779992884,-10.5807359499338,-2.05850974727246e-14,-0.0429869122185295,1.24938539551573e-13,0,0,0,0,1,0.673086199299627,0.673086199299627,79.000330430176,27.0746184009887,2.49022509917573
31.63,0.176491269840925,0.0467713006641247,0.343261892739171,0.00354178529888774,0.0113805083855132,0.0200833504474022,83.5498462759179,0.248241393252247,0.0775755075169575,0.000755931755909104,-0.0297337381726688,0.702871256786094,0.00116963104420865,-10.5811406251952,-2.05850974727246e-14,-0.0429869122185295,1.24938539551573e-13,0,0,0,0,1,0.673086199299627,0.673086199299627,78.9961061077366,27.0928469656873,2.48388321758158
31.64,0.176536830967813,0.0468480908185089,0.343479864170534,0.0035305572793307,0.0113856067859444,0.0200896926281758,83.5515642314131,0.248246426619477,0.0775747993596596,0.000764349896118529,-0.0296571487235916,0.702834353645495,0.00109942158807135,-10.5815429891822,-2.05850974727246e-14,-0.0429869122185295,1.24938539551573e-13,0,0,0,0,1,0.673086199299627,0.673086199299627,78.9918681713712,27.1110762244395,2.47753794426947
31.65,0.176582300302011,0.0469249100787015,0.34369791124205,0.00351937311014582,0.0113906942064632,0.0200960138974494,83.5532740763394,0.24825143606754,0.0775740901178969,0.000772735258615855,-0.029580525124662,0.702797551124482,0.00102946817609663,-10.5819430601043,-2.05850974727246e-14,-0.0429869122185295,1.24938539551573e-13,0,0,0,0,1,0.673086199299627,0.673086199299627,78.9876166213696,27.1293061611972,2.47118930142156
31.66,0.176627678288158,0.0470017583869032,0.343916033727442,0.00350823256667787,0.0113957707265962,0.0201023144297981,83.5549758102328,0.248256421595185,0.0775733799585845,0.000781088028328884,-0.0295038676191288,0.7027608517744,0.000959769561527719,-10.582340855991,-2.05850974727246e-14,-0.0429869122185295,1.24938539551573e-13,0,0,0,0,1,0.673086199299627,0.673086199299627,78.9833514580399,27.147536759979,2.46483731104567
31.67,0.176672965368681,0.0470786356856798,0.344134231402283,0.00349713542599527,0.0114008364123319,0.0201085943978709,83.5566694326467,0.248261383201212,0.0775726690470501,0.00078940838865615,-0.0294271764481241,0.702724258123464,0.000890324506185789,-10.5827363946802,-2.05850974727246e-14,-0.0429869122185295,1.24938539551573e-13,0,0,0,0,1,0.673086199299627,0.673086199299627,78.9790726817082,27.1657680048701,2.45848199497712
31.68,0.176718161983815,0.0471555419178338,0.344352504043965,0.00348608146687117,0.0114058913165024,0.0201148539724193,83.5583549431524,0.248266320884472,0.0775719575469256,0.000797696521485609,-0.0293504518506875,0.702687772675094,0.000821131780387077,-10.5831296938066,-2.05850974727246e-14,-0.0429869122185295,1.24938539551573e-13,0,0,0,0,1,0.673086199299627,0.673086199299627,78.9747802927186,27.1839998800216,2.45212337488064
31.69,0.176763268571619,0.0472324770262803,0.344570851431646,0.00347507046976477,0.0114109354791652,0.020121093322325,83.5600323413381,0.248271234643868,0.0775712456200434,0.000805952607213035,-0.0292736940637905,0.702651397906343,0.000752190162861007,-10.5835207707917,-2.05850974727246e-14,-0.0429869122185295,1.24938539551573e-13,0,0,0,0,1,0.673086199299627,0.673086199299627,78.970474291433,27.2022323696502,2.4457614722524
31.7,0.176808285567986,0.047309440953926,0.344789273346216,0.00346410221680283,0.0114159689279842,0.0201273126146271,83.5617016268098,0.248276124478354,0.077570533426338,0.000814176824760141,-0.0291969033223634,0.702615136266375,0.000683498440667608,-10.5839096428334,-2.05850974727246e-14,-0.0429869122185295,1.24938539551573e-13,0,0,0,0,1,0.673086199299627,0.673086199299627,78.9661546782306,27.2204654580373,2.4393963084222
31.71,0.176853213406666,0.0473864336435524,0.345007769570259,0.00345317649176141,0.0114209916786096,0.020133512014549,83.5633627991904,0.248280990386932,0.0775698211237527,0.000822369351592413,-0.029120079859322,0.702578990175038,0.000615055409117849,-10.5842963268964,-2.05850974727246e-14,-0.0429869122185295,1.24938539551573e-13,0,0,0,0,1,0.673086199299627,0.673086199299627,78.9618214535087,27.2386991295289,2.43302790455563
31.72,0.176898052519273,0.0474634550377024,0.345226339888008,0.00344229308004782,0.0114260037350576,0.0201396916855245,83.5650158581201,0.248285832368657,0.077569108868151,0.000830530363736679,-0.0290432239055969,0.702542962021501,0.000546859871692868,-10.5846808397039,-2.05850974727246e-14,-0.0429869122185295,1.24938539551573e-13,0,0,0,0,1,0.673086199299627,0.673086199299627,78.9574746176814,27.2569333685348,2.42665628165649
31.73,0.176942803335305,0.0475405050785707,0.345444984085313,0.00343145176868275,0.0114310050900874,0.020145851789224,83.5666608032558,0.248290650422633,0.0775683968132325,0.000838660035798403,-0.0289663356901622,0.702507054162964,0.000478910639963578,-10.5850631977282,-2.05850974727246e-14,-0.0429869122185295,1.24938539551573e-13,0,0,0,0,1,0.673086199299627,0.673086199299627,78.9531141711807,27.2751681595282,2.42028146056916
31.74,0.176987466282159,0.0476175837078978,0.3456637019496,0.00342065234628263,0.0114359957255773,0.0201519924855795,83.5682976342716,0.248295444548012,0.0775676851104547,0.000846758540978723,-0.0288894154400665,0.70247126892344,0.000411206533514996,-10.5854434171835,-2.05850974727246e-14,-0.0429869122185295,1.24938539551573e-13,0,0,0,0,1,0.673086199299627,0.673086199299627,78.9487401144553,27.2934034870449,2.41390346198108
31.75,0.17703204178514,0.047694690866868,0.345882493269839,0.00340989460304217,0.0114409756128982,0.0201581139328098,83.5699263508584,0.248300214743997,0.0775669739089577,0.000854826051091227,-0.0288124633804641,0.702435608592611,0.000343746379865479,-10.5858215140182,-2.05850974727246e-14,-0.0429869122185295,1.24938539551573e-13,0,0,0,0,1,0.673086199299627,0.673086199299627,78.9443524479715,27.311639335683,2.40752230642537
31.76,0.177076530267483,0.0477718264960104,0.346101357836506,0.00339917833071714,0.0114459447132853,0.0201642162874448,83.5715469527238,0.24830496100984,0.0775662633554954,0.000862862736578472,-0.0287354797346472,0.702400075424742,0.000276529014391417,-10.5861975039079,-2.05850974727246e-14,-0.0429869122185295,1.24938539551573e-13,0,0,0,0,1,0.673086199299627,0.673086199299627,78.9399511722121,27.3298756901023,2.40113801428345
31.77,0.177120932150361,0.0478489905351039,0.346320295441548,0.00338850332260725,0.0114509029782067,0.0201702997043497,83.573159439592,0.248309683344841,0.0775655535943694,0.000870868766528265,-0.028658464724079,0.70236467163768,0.000209553280249384,-10.5865714022494,-2.05850974727246e-14,-0.0429869122185295,1.24938539551573e-13,0,0,0,0,1,0.673086199299627,0.673086199299627,78.9355362876775,27.3481125350232,2.39475060578778
31.78,0.177165247852901,0.0479261829230861,0.346539305878354,0.00337786937353934,0.0114558503497292,0.0201763643367487,83.5747638112041,0.24831438174835,0.0775648447673688,0.000878844308689688,-0.0285814185684272,0.702329399411896,0.000142818028303009,-10.5869432241538,-2.05850974727246e-14,-0.0429869122185295,1.24938539551573e-13,0,0,0,0,1,0.673086199299627,0.673086199299627,78.9311077948846,27.3663498552269,2.38836010102458
31.79,0.1772094777922,0.0480034035979647,0.346758388941716,0.00336727627985067,0.0114607867608811,0.0201824103362477,83.5763600673174,0.248319056219764,0.0775641370137131,0.00088678952948889,-0.0285043414855987,0.702294260889615,7.63221170451288e-05,-10.587312984442,-2.05850974727246e-14,-0.0429869122185295,1.24938539551573e-13,0,0,0,0,1,0.673086199299627,0.673086199299627,78.9266656943675,27.384587635554,2.38196651993672
31.8,0.177253622383333,0.0480806524967339,0.346977544427803,0.0033567238393724,0.0114657121360119,0.0201884378528579,83.5779482077061,0.24832370675853,0.0775634304700006,0.000894704594044642,-0.0284272336917747,0.702259258173992,1.00644125261169e-05,-10.5876806976392,-2.05850974727246e-14,-0.0429869122185295,1.24938539551573e-13,0,0,0,0,1,0.673086199299627,0.673086199299627,78.9222099866769,27.4028258609045,2.37556988232658
31.81,0.177297682039373,0.0481579295552929,0.34719677213413,0.00334621185141336,0.0114706263911479,0.0201944470350178,83.5795282321605,0.248328333364141,0.0775627252701595,0.00090258966618366,-0.0283500954014458,0.702224393328367,-5.59562117206951e-05,-10.5880463779699,-2.05850974727246e-14,-0.0429869122185295,1.24938539551573e-13,0,0,0,0,1,0.673086199299627,0.673086199299627,78.9177406723804,27.4210645162368,2.36917020785899
31.82,0.177341657171403,0.0482352347083688,0.347416071859521,0.00333574011674382,0.0114755294343444,0.020200438029615,83.5811001404876,0.248332936036142,0.0775620215454045,0.000910444908455701,-0.0282729268274485,0.70218966837556,-0.000121740874751413,-10.5884100393547,-2.05850974727246e-14,-0.0429869122185295,1.24938539551573e-13,0,0,0,0,1,0.673086199299627,0.673086199299627,78.9132577520625,27.4393035865672,2.36276751606418
31.83,0.177385548188523,0.0483125678894423,0.347635443404089,0.00332530843757962,0.0114804211660338,0.0202064109820084,83.5826639325105,0.248337514774122,0.0775613194241962,0.000918270482148437,-0.0281957281810019,0.702155085297252,-0.000187290688284338,-10.5887716954054,-2.05850974727246e-14,-0.0429869122185295,1.24938539551573e-13,0,0,0,0,1,0.673086199299627,0.673086199299627,78.9087612263243,27.457543056969,2.35636182634083
31.84,0.177429355497871,0.0483899290306771,0.347854886569202,0.0033149166175664,0.0114853014793694,0.0202123660360492,83.5842196080689,0.248342069577719,0.0775606190322051,0.000926066547302109,-0.0281184996717442,0.702120646033395,-0.000252606756769455,-10.5891313594226,-2.05850974727246e-14,-0.0429869122185295,1.24938539551573e-13,0,0,0,0,1,0.673086199299627,0.673086199299627,78.9042510957837,27.4757829125724,2.34995315795911
31.85,0.177473079504634,0.0484673180628529,0.348074401157456,0.00330456446176394,0.011490170260565,0.0202183033341016,83.5857671670187,0.24834660044662,0.077559920492279,0.000933833262723963,-0.0280412415077705,0.702086352481709,-0.000317690177460827,-10.5894890443924,-2.05850974727246e-14,-0.0429869122185295,1.24938539551573e-13,0,0,0,0,1,0.673086199299627,0.673086199299627,78.8997273610756,27.4940231385633,2.34354153006374
31.86,0.177516720612055,0.0485447349153009,0.34829398697265,0.0032942517766308,0.0114950273892303,0.0202242230170639,83.5873066092318,0.248351107380559,0.0775592239244144,0.000941570786002481,-0.0279639538956703,0.702052206497208,-0.000382542040484986,-10.5898447629836,-2.05850974727246e-14,-0.0429869122185295,1.24938539551573e-13,0,0,0,0,1,0.673086199299627,0.673086199299627,78.8951900228515,27.5122637201829,2.33712696167714
31.87,0.177560279221455,0.048622179515843,0.348513643819758,0.00328397837000909,0.0114998727387005,0.0202301252243884,83.5888379345969,0.248355590379317,0.0775585294457312,0.000949279273521395,-0.0278866370405654,0.702018209891804,-0.000447163428911153,-10.5901985275461,-2.05850974727246e-14,-0.0429869122185295,1.24938539551573e-13,0,0,0,0,1,0.673086199299627,0.673086199299627,78.8906390817795,27.5305046427271,2.33070947170253
31.88,0.177603755732238,0.0486996517907349,0.348733371504905,0.00327374405110934,0.0115047061763624,0.0202360100941011,83.5903611430183,0.248360049442723,0.0775578371704511,0.00095695888047351,-0.0278092911461481,0.70198436443394,-0.000511555418819262,-10.5905503501087,-2.05850974727246e-14,-0.0429869122185295,1.24938539551573e-13,0,0,0,0,1,0.673086199299627,0.673086199299627,78.8860745385448,27.5487458915456,2.3242890789271
31.89,0.177647150541907,0.0487771516646105,0.348953169835342,0.00326354863049562,0.0115095275639745,0.0202418777628218,83.591876234417,0.248364484570654,0.0775571472098794,0.000964609760874309,-0.0277319164147196,0.701950671848297,-0.000575719079366536,-10.5909002423777,-2.05850974727246e-14,-0.0429869122185295,1.24938539551573e-13,0,0,0,0,1,0.673086199299627,0.673086199299627,78.8814963938494,27.5669874520415,2.31786580202515
31.9,0.177690464046074,0.0488546790604317,0.349173038619423,0.00325339192007084,0.0115143367579827,0.0202477283657827,83.5933832087299,0.248368895763033,0.0775564596723899,0.000972232067575376,-0.0276545130472284,0.701917133815536,-0.000639655472857339,-10.5912482157361,-2.05850974727246e-14,-0.0429869122185295,1.24938539551573e-13,0,0,0,0,1,0.673086199299627,0.673086199299627,78.8769046484119,27.5852293096705,2.31143965956131
31.91,0.177733696638474,0.0489322338994393,0.34939297766658,0.00324327373306211,0.01151913360983,0.0202535620368479,83.5948820659103,0.248373283019833,0.0775557746634133,0.000979825952277618,-0.0275770812433089,0.701883751972096,-0.000703365654806112,-10.5915942812427,-2.05850974727246e-14,-0.0429869122185295,1.24938539551573e-13,0,0,0,0,1,0.673086199299627,0.673086199299627,78.8722993029682,27.6034714499402,2.30501066999371
31.92,0.177776848710977,0.0490098161011081,0.349612986787302,0.00323319388400641,0.0115239179662616,0.0202593789085314,83.5963728059274,0.248377646341072,0.0775550922854288,0.000987391565544299,-0.0274996212013202,0.701850527910041,-0.000766850674005764,-10.5919384496317,-2.05850974727246e-14,-0.0429869122185295,1.24938539551573e-13,0,0,0,0,1,0.673086199299627,0.673086199299627,78.8676803582707,27.6217138584097,2.29857885167717
31.93,0.177819920653599,0.0490874255831043,0.349833065793113,0.00322315218873631,0.0115286896696239,0.0202651791120159,83.5978554287668,0.248381985726816,0.0775544126379583,0.000994929056813882,-0.0274221331183845,0.701817463176941,-0.00083011157259134,-10.5922807313126,-2.05850974727246e-14,-0.0429869122185295,1.24938539551573e-13,0,0,0,0,1,0.673086199299627,0.673086199299627,78.8630478150891,27.6399565206885,2.29214422286641
31.94,0.177862912854513,0.0491650622612462,0.350053214496554,0.00321314846436588,0.0115334485581582,0.0202709627771706,83.5993299344303,0.24838630117718,0.0775537358175636,0.00100243857441269,-0.0273446171904262,0.701784559275813,-0.000893149386104414,-10.5926211363706,-2.05850974727246e-14,-0.0429869122185295,1.24938539551573e-13,0,0,0,0,1,0.673086199299627,0.673086199299627,78.8584016742101,27.6581994224361,2.28570680171923
31.95,0.177905825700063,0.0492427260494675,0.350273432711155,0.00320318252927682,0.0115381944662889,0.0202767300325687,83.6007963229357,0.248390592692324,0.0775530619178475,0.0010099202655674,-0.0272670736122097,0.701751817665097,-0.00095596514355675,-10.5929596745669,-2.05850974727246e-14,-0.0429869122185295,1.24938539551573e-13,0,0,0,0,1,0.673086199299627,0.673086199299627,78.8537419364374,27.6764425493616,2.27926660629972
31.96,0.177948659574773,0.0493204168597834,0.350493720251426,0.00319325420310465,0.0115429272249053,0.0202824810055051,83.602254594317,0.248394860272457,0.0775523910294558,0.00101737427641732,-0.0271895025773788,0.701719239758675,-0.00101855986749324,-10.5932963553398,-2.05850974727246e-14,-0.0429869122185295,1.24938539551573e-13,0,0,0,0,1,0.673086199299627,0.673086199299627,78.8490686025919,27.6946858872226,2.27282365458144
31.97,0.177991414861359,0.0493981346022596,0.350714076932828,0.00318336330672518,0.0115476466616387,0.0202882158220134,83.6037047486246,0.248399103917836,0.0775517232400838,0.00102480075202654,-0.0271119042784947,0.701686826925931,-0.00108093457405485,-10.5936311878055,-2.05850974727246e-14,-0.0429869122185295,1.24938539551573e-13,0,0,0,0,1,0.673086199299627,0.673086199299627,78.8443816735119,27.7129294218246,2.26637796445059
31.98,0.178034091940741,0.0494758791849837,0.350934502571761,0.00317350966224098,0.0115523526011322,0.0202939346068828,83.6051467859249,0.248403323628763,0.0775510586344839,0.00103219983639588,-0.0270342789070741,0.701654580491849,-0.00114309027303934,-10.5939641807598,-2.05850974727246e-14,-0.0429869122185295,1.24938539551573e-13,0,0,0,0,1,0.673086199299627,0.673086199299627,78.8396811500527,27.7311731390207,2.25992955370918
31.99,0.178076691192055,0.0495536505140393,0.351154996985545,0.00316369309296819,0.0115570448653059,0.0202996374836747,83.6065807063006,0.248407519405592,0.0775503972944768,0.00103957167247467,-0.0269566266536273,0.701622501737155,-0.00120502796796209,-10.5942953426797,-2.05850974727246e-14,-0.0429869122185295,1.24938539551573e-13,0,0,0,0,1,0.673086199299627,0.673086199299627,78.8349670330873,27.7494170247107,2.2534784400782
32,0.17811921299266,0.0496314484934829,0.351375559992403,0.00315391342342333,0.0115617232736149,0.0203053245747387,83.6080065098507,0.24841169124872,0.0775497392989647,0.00104691640217238,-0.0268789477076964,0.701590591898482,-0.00126674865611749,-10.5946246817248,-2.05850974727246e-14,-0.0429869122185295,1.24938539551573e-13,0,0,0,0,1,0.673086199299627,0.673086199299627,78.8302393235059,27.7676610648403,2.2470246412007
32.01,0.178161657718154,0.0497092730253228,0.351596191411442,0.00314417047931033,0.0115663876433021,0.0203109960012293,83.6094241966903,0.248415839158594,0.0775490847239463,0.00105423416637008,-0.0268012422578924,0.701558852168586,-0.00132825332863758,-10.5949522057402,-2.05850974727246e-14,-0.0429869122185295,1.24938539551573e-13,0,0,0,0,1,0.673086199299627,0.673086199299627,78.8254980222165,27.785905245401,2.24056817464496
32.02,0.178204025742381,0.049787124009501,0.351816891062642,0.00313446408750775,0.0115710377896449,0.020316651883121,83.610833766951,0.248419963135709,0.0775484336425346,0.00106152510493171,-0.0267235104919329,0.701527283696584,-0.00138954297055061,-10.5952779222582,-2.05850974727246e-14,-0.0429869122185295,1.24938539551573e-13,0,0,0,0,1,0.673086199299627,0.673086199299627,78.8207431301447,27.8041495524289,2.23410905790754
32.03,0.178246317437445,0.0498650013438768,0.352037658766835,0.00312479407605608,0.0115756735261949,0.0203222923392244,83.6122352207805,0.248424063180607,0.0775477861249771,0.00106878935671524,-0.0266457525966788,0.70149588758823,-0.00145061856084176,-10.5956018385015,-2.05850974727246e-14,-0.0429869122185295,1.24938539551573e-13,0,0,0,0,1,0.673086199299627,0.673086199299627,78.8159746482337,27.8223939720043,2.22764730841636
32.04,0.178288533173716,0.0499429049242135,0.352258494345697,0.0031151602741452,0.0115802946650124,0.0203279174872012,83.6136285583432,0.248428139293878,0.077547142238677,0.00107602705958366,-0.0265679687581712,0.701464664906225,-0.00151148107250701,-10.5959239613854,-2.05850974727246e-14,-0.0429869122185295,1.24938539551573e-13,0,0,0,0,1,0.673086199299627,0.673086199299627,78.8111925774447,27.8406384902513,2.22118294353375
32.05,0.178330673319845,0.0500208346441667,0.352479397621727,0.00310556251210206,0.0115849010168944,0.0203335274435795,83.6150137798193,0.248432191476162,0.0775465020482175,0.00108323835041578,-0.0264901591616676,0.701433616670543,-0.00157213147261391,-10.596244297521,-2.05850974727246e-14,-0.0429869122185295,1.24938539551573e-13,0,0,0,0,1,0.673086199299627,0.673086199299627,78.8063969187567,27.8588830933367,2.21471598055942
32.06,0.178372738242772,0.0500987903952749,0.352700368418239,0.00309600062137843,0.0115894923915964,0.0203391223237683,83.6163908854059,0.248436219728144,0.0775458656153871,0.00109042336511694,-0.0264123239916783,0.701402743858807,-0.00163257072235574,-10.5965628532187,-2.05850974727246e-14,-0.0429869122185295,1.24938539551573e-13,0,0,0,0,1,0.673086199299627,0.673086199299627,78.8015876731668,27.8771277674701,2.20824643673351
32.07,0.178414728307737,0.0501767720669528,0.352921406559347,0.00308647443453883,0.0115940685980479,0.0203447022420725,83.6177598753164,0.248440224050559,0.0775452329992072,0.00109758223862951,-0.0263344634320013,0.701372047406671,-0.00169279977710794,-10.5968796344912,-2.05850974727246e-14,-0.0429869122185295,1.24938539551573e-13,0,0,0,0,1,0.673086199299627,0.673086199299627,78.7967648416904,27.8953724989024,2.20177432923945
32.08,0.17845664387829,0.0502547795464857,0.353142511869949,0.00307698378524861,0.0115986294445621,0.0203502673117071,83.6191207497806,0.24844420444419,0.0775446042559611,0.00110471510494329,-0.0262565776657578,0.701341528208245,-0.00175281958648302,-10.5971946470572,-2.05850974727246e-14,-0.0429869122185295,1.24938539551573e-13,0,0,0,0,1,0.673086199299627,0.673086199299627,78.791928425361,27.9136172739261,2.19529967520696
32.09,0.178498485316299,0.0503328127190267,0.353363684175723,0.00306752850826216,0.0116031747390387,0.0203558176448113,83.6204735090448,0.24844816090987,0.077543979439225,0.00111182209710574,-0.0261786668754273,0.701311187116537,-0.00181263109438514,-10.597507896345,-2.05850974727246e-14,-0.0429869122185295,1.24938539551573e-13,0,0,0,0,1,0.673086199299627,0.673086199299627,78.7870784252303,27.931862078874,2.18882249171484
32.1,0.178540252981966,0.0504108714675957,0.353584923303107,0.00305810843941131,0.0116077042891618,0.0203613533524624,83.6218181533721,0.248452093448477,0.0775433585999,0.00111890334723208,-0.0261007312428812,0.701281024943912,-0.00187223523906432,-10.5978193874965,-2.05850974727246e-14,-0.0429869122185295,1.24938539551573e-13,0,0,0,0,1,0.673086199299627,0.673086199299627,78.782214842369,27.9501069001192,2.18234279579388
32.11,0.17858194723383,0.0504889556730798,0.353806229079293,0.00304872341559377,0.01161221790259,0.0203668745446899,83.6231546830418,0.248456002060942,0.0775427417862458,0.00112595898651528,-0.026022770949417,0.701251042462591,-0.0019316329531699,-10.5981291253713,-2.05850974727246e-14,-0.0429869122185295,1.24938539551573e-13,0,0,0,0,1,0.673086199299627,0.673086199299627,78.7773376778658,27.9683517240741,2.17586060442963
32.12,0.178623568428779,0.0505670652142363,0.354027601332215,0.00303937327476184,0.0116167153871419,0.0203723813304887,83.6244830983501,0.248459886748242,0.0775421290439164,0.00113298914523584,-0.0259447861757915,0.701221240405156,-0.00199082516380149,-10.5984371145506,-2.05850974727246e-14,-0.0429869122185295,1.24938539551573e-13,0,0,0,0,1,0.673086199299627,0.673086199299627,78.7724469328287,27.9865965371901,2.16937593456516
32.13,0.178665116922062,0.0506451999676966,0.35424903989054,0.00303005785591118,0.0116211965509746,0.0203778738178323,83.6258033996099,0.248463747511403,0.0775415204159957,0.00113999395277147,-0.0258667771022537,0.701191619465078,-0.00204981279256317,-10.5987433593417,-2.05850974727246e-14,-0.0429869122185295,1.24938539551573e-13,0,0,0,0,1,0.673086199299627,0.673086199299627,78.7675426083839,28.0048413259569,2.16288880310378
32.14,0.178706593067297,0.0507233598079727,0.354470544583656,0.00302077699906976,0.0116256612027564,0.0203833521136864,83.6271155871506,0.248467584351501,0.0775409159430357,0.00114697353760672,-0.0257887439085769,0.701162180297274,-0.00210859675561405,-10.5990478637823,-2.05850974727246e-14,-0.0429869122185295,1.24938539551573e-13,0,0,0,0,1,0.673086199299627,0.673086199299627,78.7626247056773,28.0230860769021,2.15639922691171
32.15,0.17874799721648,0.0508015446074647,0.354692115241665,0.00301153054528688,0.0116301091518333,0.0203888163240213,83.6284196613187,0.248471397269662,0.0775403156630952,0.0011539280273423,-0.0257106867740907,0.701132923518664,-0.00216717796371813,-10.5993506316451,-2.05850974727246e-14,-0.0429869122185295,1.24938539551573e-13,0,0,0,0,1,0.673086199299627,0.673086199299627,78.7576932258732,28.0413307765905,2.14990722282072
32.16,0.178789329719993,0.05087975423647,0.354913751695373,0.00300231833662246,0.0116345402083899,0.020394266553825,83.6297156224774,0.24847518626706,0.0775397196117796,0.00116085754870447,-0.0256326058777121,0.701103849708764,-0.00222555732229666,-10.5996516664425,-2.05850974727246e-14,-0.0429869122185295,1.24938539551573e-13,0,0,0,0,1,0.673086199299627,0.673086199299627,78.7527481701554,28.0595754116237,2.14341280763072
32.17,0.178830590926617,0.0509579885631946,0.355135453776284,0.00299314021613632,0.011638954183604,0.0203997029071156,83.6310034710065,0.24847895134492,0.0775391278222818,0.00116776222755416,-0.025554501397976,0.701074959410283,-0.00228373573147583,-10.5999509714311,-2.05850974727246e-14,-0.0429869122185295,1.24938539551573e-13,0,0,0,0,1,0.673086199299627,0.673086199299627,78.7477895397273,28.0778199686396,2.13691599811226
32.18,0.17887178118354,0.0510362474537646,0.355357221316586,0.00298399602787769,0.0116433508897955,0.0204051254869535,83.6322832073031,0.248482692504514,0.077538540325424,0.001174642188896,-0.0254763735130654,0.70104625312973,-0.00234171408613656,-10.6002485496168,-2.05850974727246e-14,-0.0429869122185295,1.24938539551573e-13,0,0,0,0,1,0.673086199299627,0.673086199299627,78.7428173358112,28.0960644343117,2.13041681100907
32.19,0.178912900836364,0.0511145307722407,0.355579054149151,0.00297488561687484,0.0116477301405694,0.0204105343954541,83.633554831781,0.248486409747166,0.0775379571497007,0.00118149755688729,-0.025398222400841,0.701017731338053,-0.0023994932759626,-10.6005444037594,-2.05850974727246e-14,-0.0429869122185295,1.24938539551573e-13,0,0,0,0,1,0.673086199299627,0.673086199299627,78.7378315596494,28.1143087953489,2.12391526304049
32.2,0.178953950229115,0.0511928383806328,0.355800952107523,0.00296580882912483,0.0116520917509527,0.0204159297337989,83.6348183448713,0.248490103074251,0.0775373783213215,0.00118832845484677,-0.02532004823887,0.700989394471271,-0.00245707418548991,-10.6008385363781,-2.05850974727246e-14,-0.0429869122185295,1.24938539551573e-13,0,0,0,0,1,0.673086199299627,0.673086199299627,78.7328322125038,28.1325530384947,2.11741137090382
32.21,0.178994929704256,0.0512711701389167,0.356022915025912,0.00295676551158338,0.0116564355375262,0.0204213116022483,83.6360737470219,0.248493772487191,0.0775368038642561,0.00119513500526331,-0.0252418512044543,0.700961242931132,-0.00251445769415113,-10.6011309497559,-2.05850974727246e-14,-0.0429869122185295,1.24938539551573e-13,0,0,0,0,1,0.673086199299627,0.673086199299627,78.7278192956561,28.1507971505271,2.11090515127675
32.22,0.179035839602688,0.0513495259050514,0.356244942739189,0.00294775551215491,0.0116607613185503,0.0204266801001525,83.637321038698,0.248497417987461,0.0775362338002786,0.00120191732980446,-0.0251636314746583,0.700933277085769,-0.00257164467632574,-10.6014216459452,-2.05850974727246e-14,-0.0429869122185295,1.24938539551573e-13,0,0,0,0,1,0.673086199299627,0.673086199299627,78.7227928104081,28.1690411182576,2.10439662081956
32.23,0.179076680263766,0.0514279055349982,0.356467035082876,0.00293877867968269,0.0116650689140848,0.0204320353259633,83.6385602203819,0.248501039576585,0.0775356681490133,0.00120867554932494,-0.0250853892263362,0.700905497270374,-0.00262863600138335,-10.601710626773,-2.05850974727246e-14,-0.0429869122185295,1.24938539551573e-13,0,0,0,0,1,0.673086199299627,0.673086199299627,78.7177527580814,28.1872849285313,2.09788579617741
32.24,0.179117452025304,0.0515063088827404,0.356689191893146,0.00292983486393913,0.0116693581461043,0.0204373773772456,83.6397912925731,0.248504637256139,0.0775351069279806,0.00121540978387492,-0.0250071246361579,0.700877903787885,-0.00268543253373064,-10.6019978938457,-2.05850974727246e-14,-0.0429869122185295,1.24938539551573e-13,0,0,0,0,1,0.673086199299627,0.673086199299627,78.7126991400183,28.2055285682261,2.09137269398256
32.25,0.179158155223586,0.0515847358003046,0.356911413006813,0.00292092391561615,0.0116736288386067,0.0204427063506878,83.6410142557886,0.248508211027748,0.0775345501526436,0.00122212015270828,-0.0249288378806355,0.700850496909663,-0.00274203513285611,-10.6022834485547,-2.05850974727246e-14,-0.0429869122185295,1.24938539551573e-13,0,0,0,0,1,0.673086199299627,0.673086199299627,78.7076319575811,28.2237720242524,2.08485733085643
32.26,0.179198790193372,0.0516631861377825,0.357133698261326,0.00291204568631577,0.0116778808177175,0.0204480223421137,83.6422291105625,0.248511760893089,0.0775339978364551,0.00122880677429073,-0.0248505291361481,0.700823276876198,-0.00279844465337483,-10.6025672920817,-2.05850974727246e-14,-0.0429869122185295,1.24938539551573e-13,0,0,0,0,1,0.673086199299627,0.673086199299627,78.7025512121525,28.2420152835526,2.07833972341177
32.27,0.179239357267908,0.0517416597433542,0.357356047494769,0.00290320002854077,0.011682113911788,0.0204533254464927,83.6434358574464,0.24851528685389,0.0775334499909045,0.00123546976630778,-0.0247721985789666,0.700796243897805,-0.00285466194507208,-10.6028494254041,-2.05850974727246e-14,-0.0429869122185295,1.24938539551573e-13,0,0,0,0,1,0.673086199299627,0.673086199299627,78.6974569051363,28.2602583331008,2.07181988825463
32.28,0.179279856778934,0.0518201564633118,0.357578460545852,0.00289438679568543,0.0116863279514891,0.0204586157579507,83.6446344970093,0.248518788911931,0.0775329066255662,0.00124210924567267,-0.0246938463852772,0.70076939815533,-0.00291068785294738,-10.6031298493,-2.05850974727246e-14,-0.0429869122185295,1.24938539551573e-13,0,0,0,0,1,0.673086199299627,0.673086199299627,78.6923490379566,28.2785011599021,2.06529784198638
32.29,0.179320289056692,0.0518986761420847,0.357800937253908,0.00288560584202653,0.0116905227698989,0.0204638933697805,83.645825029838,0.248522267069041,0.0775323677481465,0.00124872532853416,-0.0246154727312054,0.700742739800862,-0.00296652321725596,-10.6034085643539,-2.05850974727246e-14,-0.0429869122185295,1.24938539551573e-13,0,0,0,0,1,0.673086199299627,0.673086199299627,78.6872276120585,28.2967437509926,2.0587736012056
32.3,0.179360654429938,0.051977218622265,0.358023477458889,0.00287685702271433,0.0116946982025865,0.0204691583744524,83.6470074565364,0.248525721327105,0.0775318333645325,0.00125531813028417,-0.0245370777928382,0.700716268958447,-0.0030221688735528,-10.6036855709622,-2.05850974727246e-14,-0.0429869122185295,1.24938539551573e-13,0,0,0,0,1,0.673086199299627,0.673086199299627,78.6820926289082,28.3149860934389,2.05224718251002
32.31,0.179400953225944,0.0520557837446337,0.358246081001362,0.00286814019376374,0.0116988540876895,0.020474410863624,83.6481817777263,0.248529151688055,0.0775313034788399,0.00126188776556545,-0.024458661746246,0.700689985724809,-0.00307762565273333,-10.6039608693381,-2.05850974727246e-14,-0.0429869122185295,1.24938539551573e-13,0,0,0,0,1,0.673086199299627,0.673086199299627,78.6769440899929,28.3332281743373,2.04571860249825
32.32,0.179441185770509,0.0521343713481886,0.358468747722506,0.00285945521204565,0.0117029902659876,0.0204796509281506,83.6493479940472,0.248532558153878,0.0775307780934613,0.00126843434827899,-0.0243802247675045,0.700663890170063,-0.00313289438107495,-10.6042344595178,-2.05850974727246e-14,-0.0429869122185295,1.24938539551573e-13,0,0,0,0,1,0.673086199299627,0.673086199299627,78.6717819968212,28.351469980814,2.03918787777162
32.33,0.179481352387969,0.0522129812701713,0.358691477464107,0.00285080193527829,0.0117071065809713,0.0204848786580951,83.6505061061563,0.248535940726611,0.0775302572091149,0.00127495799159145,-0.024301767032715,0.700637982338437,-0.00318797588027846,-10.6045063413649,-2.05850974727246e-14,-0.0429869122185295,1.24938539551573e-13,0,0,0,0,1,0.673086199299627,0.673086199299627,78.6666063509229,28.3697115000246,2.03265502493587
32.34,0.179521453401203,0.0522916133460962,0.358914270068556,0.00284218022201877,0.0117112028789053,0.0204900941427375,83.6516561147284,0.248539299408346,0.0775297408248926,0.00128145880794241,-0.0242232887180246,0.700612262248997,-0.00324287096750668,-10.6047765145767,-2.05850974727246e-14,-0.0429869122185295,1.24938539551573e-13,0,0,0,0,1,0.673086199299627,0.673086199299627,78.6614171538494,28.3879527191534,2.02612006060281
32.35,0.179561489131641,0.0523702674097795,0.359137125378845,0.00283358993165474,0.0117152790088878,0.0204952974705851,83.6527980204565,0.248542634201226,0.0775292289383084,0.00128793690905161,-0.0241447899996456,0.700586729896364,-0.00329758045542585,-10.6050449786891,-2.05850974727246e-14,-0.0429869122185295,1.24938539551573e-13,0,0,0,0,1,0.673086199299627,0.673086199299627,78.6562144071739,28.4061936254135,2.01958300139189
32.36,0.179601459899272,0.0524489432933685,0.359360043238568,0.00282503092439613,0.0117193348229052,0.0205004887293812,83.6539318240513,0.248545945107445,0.0775287215453469,0.001294392405926,-0.0240662710538747,0.700561385251434,-0.00335210515224462,-10.605311733082,-2.05850974727246e-14,-0.0429869122185295,1.24938539551573e-13,0,0,0,0,1,0.673086199299627,0.673086199299627,78.6509981124909,28.4244342060464,2.01304386393184
32.37,0.179641366022651,0.0525276408273722,0.359583023491912,0.00281650306126703,0.0117233701758826,0.0205056680061154,83.6550575262413,0.248549232129252,0.0775282186405111,0.00130082540886677,-0.0239877320571105,0.700536228262099,-0.00340644586175258,-10.605576776985,-2.05850974727246e-14,-0.0429869122185295,1.24938539551573e-13,0,0,0,0,1,0.673086199299627,0.673086199299627,78.6457682714173,28.4426744483212,2.00650266486208
32.38,0.17968120781891,0.0526063598406915,0.359806065983661,0.0028080062040977,0.0117273849257293,0.0205108353870319,83.6561751277734,0.248552495268949,0.0775277202168704,0.00130723602747626,-0.0239091731858718,0.700511258853963,-0.00346060338335701,-10.6058401094821,-2.05850974727246e-14,-0.0429869122185295,1.24938539551573e-13,0,0,0,0,1,0.673086199299627,0.673086199299627,78.6405248855916,28.460914339535,1.99995942083421
32.39,0.179720985603761,0.0526851001606503,0.360029170559188,0.00279954021551666,0.0117313789333808,0.0205159909576395,83.6572846294122,0.248555734528889,0.077527226266109,0.00131362437066476,-0.0238305946168138,0.700486476931054,-0.00351457851212363,-10.6061017295176,-2.05850974727246e-14,-0.0429869122185295,1.24938539551573e-13,0,0,0,0,1,0.673086199299627,0.673086199299627,78.6352679566747,28.4791538670122,1.99341414851342
32.4,0.179760699691507,0.052763861613027,0.360252337064458,0.00279110495894292,0.0117353520628364,0.0205211348027199,83.6583860319405,0.24855894991148,0.0775267367785724,0.00131999054665725,-0.023751996526745,0.700461882376535,-0.00356837203881187,-10.6063616359009,-2.05850974727246e-14,-0.0429869122185295,1.24938539551573e-13,0,0,0,0,1,0.673086199299627,0.673086199299627,78.6299974863495,28.4973930181042,1.98686686457978
32.41,0.17980035039505,0.0528426440220857,0.360475565346023,0.00278270029857828,0.0117393041811924,0.0205262670063369,83.6594793361595,0.248562141419183,0.0775262517433156,0.00132633466300003,-0.0236733790926425,0.700437475053415,-0.00362198474991164,-10.6066198273122,-2.05850974727246e-14,-0.0429869122185295,1.24938539551573e-13,0,0,0,0,1,0.673086199299627,0.673086199299627,78.6247134763213,28.5156317801891,1.98031758572958
32.42,0.179839938025893,0.0529214472106089,0.360698855251022,0.00277432609939982,0.0117432351586722,0.020531387651845,83.6605645428884,0.248565309054513,0.0775257711481496,0.00133265682656732,-0.0235947424916672,0.700413254805247,-0.0036754174276808,-10.606876302307,-2.05850974727246e-14,-0.0429869122185295,1.24938539551573e-13,0,0,0,0,1,0.673086199299627,0.673086199299627,78.619415928318,28.5338701406719,1.97376632867656
32.43,0.179879462894155,0.0530002709999291,0.360922206627179,0.00276598222715242,0.011747144868652,0.020536496821898,83.6616416529647,0.248568452820037,0.0775252949796878,0.00133895714356766,-0.023516086901178,0.700389221456826,-0.00372867085018042,-10.6071310593219,-2.05850974727246e-14,-0.0429869122185295,1.24938539551573e-13,0,0,0,0,1,0.673086199299627,0.673086199299627,78.6141048440898,28.5521080869833,1.96721311015307
32.44,0.179918925308574,0.0530791152099617,0.361145619322799,0.00275766854834138,0.0117510331876826,0.0205415945984579,83.6627106672444,0.248571572718379,0.0775248232233928,0.00134523571955032,-0.0234374124987462,0.700365374814887,-0.003781745791309,-10.6073840966795,-2.05850974727246e-14,-0.0429869122185295,1.24938539551573e-13,0,0,0,0,1,0.673086199299627,0.673086199299627,78.60878022541,28.5703456065805,1.96065794691123
32.45,0.179958325576515,0.0531579796592373,0.361369093186771,0.00274938493022526,0.0117548999955082,0.0205466810628025,83.6637715866015,0.248574668752213,0.0775243558636218,0.00135149265941165,-0.0233587194621682,0.700341714668785,-0.00383464302084067,-10.607635412593,-2.05850974727246e-14,-0.0429869122185295,1.24938539551573e-13,0,0,0,0,1,0.673086199299627,0.673086199299627,78.6034420740742,28.5885826869462,1.95410085572403
32.46,0.179997664003976,0.0532368641649348,0.361592628068564,0.0027411312408087,0.0117587451750809,0.0205517562955342,83.6648244119289,0.248577740924271,0.0775238928836719,0.00135772806740119,-0.0232800079694781,0.700318240791178,-0.00388736330445608,-10.6078850051719,-2.05850974727246e-14,-0.0429869122185295,1.24938539551573e-13,0,0,0,0,1,0.673086199299627,0.673086199299627,78.5980903919012,28.6068193155887,1.94754185338633
32.47,0.180036940895598,0.0533157685429142,0.361816223818226,0.00273290734883539,0.0117625686125727,0.0205568203765882,83.6658691441377,0.248580789237337,0.0775234342658252,0.00136394204712793,-0.0232012781989605,0.700294952938701,-0.00393990740377849,-10.6081328724262,-2.05850974727246e-14,-0.0429869122185295,1.24938539551573e-13,0,0,0,0,1,0.673086199299627,0.673086199299627,78.5927251807327,28.6250554800417,1.94098095671589
32.48,0.18007615655467,0.0533946926077494,0.362039880286385,0.00272471312378115,0.0117663701973832,0.0205618733852401,83.6669057841576,0.248583813694249,0.0775229799913935,0.00137013470156626,-0.023122530329161,0.700271850852634,-0.00399227607640751,-10.608379012272,-2.05850974727246e-14,-0.0429869122185295,1.24938539551573e-13,0,0,0,0,1,0.673086199299627,0.673086199299627,78.5873464424336,28.6432911678637,1.93441818255425
32.49,0.180115311283137,0.0534736361727615,0.362263597324246,0.00271654843584714,0.0117701498221449,0.0205669154001142,83.6679343329368,0.248586814297903,0.0775225300407614,0.00137630613306202,-0.0230437645388976,0.700248934259561,-0.00404447007595118,-10.6086234225357,-2.05850974727246e-14,-0.0429869122185295,1.24938539551573e-13,0,0,0,0,1,0.673086199299627,0.673086199299627,78.581954178892,28.6615263666384,1.92785354776771
32.5,0.180154405381608,0.0535525990500519,0.362487374783589,0.00270841315595308,0.0117739073827247,0.0205719464991911,83.6689547914423,0.248589791051245,0.0775220843934303,0.00138245644333836,-0.0229649810072713,0.700226202872015,-0.00409649015205905,-10.6088661009588,-2.05850974727246e-14,-0.0429869122185295,1.24938539551573e-13,0,0,0,0,1,0.673086199299627,0.673086199299627,78.5765483920191,28.679761063974,1.92128706924809
32.51,0.180193439149359,0.0536315810505349,0.362711212516774,0.00270030715573067,0.0117776427782229,0.0205769667598156,83.6699671606596,0.24859274395728,0.0775216430280612,0.00138858573350158,-0.0228861799136753,0.700203656389132,-0.00414833705045639,-10.6091070452031,-2.05850974727246e-14,-0.0429869122185295,1.24938539551573e-13,0,0,0,0,1,0.673086199299627,0.673086199299627,78.5711290837497,28.6979952475032,1.91471876391358
32.52,0.180232412884345,0.0537105819839713,0.362935110376732,0.00269223030751705,0.011781355910969,0.020581976258704,83.6709714415931,0.248595673019066,0.0775212059225164,0.00139469410404687,-0.0228073614378045,0.700181294497279,-0.00420001151297256,-10.6093462528547,-2.05850974727246e-14,-0.0429869122185295,1.24938539551573e-13,0,0,0,0,1,0.673086199299627,0.673086199299627,78.5656962560421,28.7162289048831,1.90814864870947
32.53,0.180271326883203,0.0537896016590009,0.363159068216973,0.00268418248434837,0.0117850466865146,0.0205869750719517,83.6719676352657,0.248598578239717,0.0775207730539014,0.00140078165486401,-0.0227285257596645,0.70015911687068,-0.00425151427757592,-10.6095837214288,-2.05850974727246e-14,-0.0429869122185295,1.24938539551573e-13,0,0,0,0,1,0.673086199299627,0.673086199299627,78.5602499108781,28.7344620237948,1.90157674060886
32.54,0.180310181441262,0.0538686398831756,0.36338308589158,0.00267616355995344,0.0117887150136239,0.0205919632750409,83.6729557427194,0.248601459622401,0.0775203443986061,0.00140684848524291,-0.022649673059579,0.700137123172036,-0.00430284607840294,-10.609819448374,-2.05850974727246e-14,-0.0429869122185295,1.24938539551573e-13,0,0,0,0,1,0.673086199299627,0.673086199299627,78.5547900502632,28.7526945919434,1.89500305661333
32.55,0.180348976852545,0.053947696462992,0.363607163255208,0.00266817340874754,0.011792360804261,0.0205969409428473,83.6739357650149,0.248604317170342,0.0775199199323446,0.00141289469387922,-0.0225708035181984,0.700115313053127,-0.00435400764579026,-10.610053431077,-2.05850974727246e-14,-0.0429869122185295,1.24938539551573e-13,0,0,0,0,1,0.673086199299627,0.673086199299627,78.5493166762267,28.7709265970579,1.88842761375356
32.56,0.180387713409783,0.0540267712039239,0.363831300163089,0.00266021190582621,0.0117959839735755,0.0206019081496477,83.6749077032318,0.24860715088682,0.0775194996301952,0.00141892037887972,-0.022491917316506,0.700093686155414,-0.00440499970630299,-10.6102856668666,-2.05850974727246e-14,-0.0429869122185295,1.24938539551573e-13,0,0,0,0,1,0.673086199299627,0.673086199299627,78.5438297908218,28.789158026891,1.88185042908989
32.57,0.180426391404413,0.054105863910455,0.364055496471026,0.00265227892695924,0.0117995844398848,0.020606864969127,83.6758715584686,0.248609960775172,0.0775190834666394,0.00142492563776771,-0.0224130146358254,0.700072242110627,-0.00445582298276677,-10.6105161530179,-2.05850974727246e-14,-0.0429869122185295,1.24938539551573e-13,0,0,0,0,1,0.673086199299627,0.673086199299627,78.5383293961255,28.8073888692185,1.87527151971285
32.58,0.180465011126592,0.0541849743861108,0.364279752035396,0.0026443743485847,0.0118031621246545,0.0206118114743852,83.676827331843,0.248612746838787,0.0775186714156,0.0014309105674884,-0.0223340956578259,0.700050980541341,-0.00450647819429723,-10.6107448867569,-2.05850974727246e-14,-0.0429869122185295,1.24938539551573e-13,0,0,0,0,1,0.673086199299627,0.673086199299627,78.532815494239,28.8256191118401,1.8686909027437
32.59,0.1805035728652,0.0542641024334905,0.364504066713147,0.00263649804780302,0.0118067169524766,0.0206167477379441,83.6777750244915,0.248615509081114,0.0775182634504788,0.00143687526441405,-0.0222551605645287,0.70002990106154,-0.00455696605632656,-10.6109718652638,-2.05850974727246e-14,-0.0429869122185295,1.24938539551573e-13,0,0,0,0,1,0.673086199299627,0.673086199299627,78.5272880872875,28.8438487425785,1.86210859533481
32.6,0.180542076907847,0.0543432478542994,0.364728440361802,0.00262864990237129,0.0118102488510451,0.0206216738317543,83.6787146375697,0.248618247505655,0.0775178595441935,0.00144281982434925,-0.022176209538312,0.700009003277181,-0.00460728728063623,-10.6111970856779,-2.05850974727246e-14,-0.0429869122185295,1.24938539551573e-13,0,0,0,0,1,0.673086199299627,0.673086199299627,78.5217471774203,28.8620777492795,1.85552461467012
32.61,0.180580523540877,0.0544224104493794,0.364952872839454,0.00262082979069747,0.0118137577511303,0.0206265898272018,83.6796461722523,0.24862096211597,0.0775174596692136,0.00144874434253597,-0.0220972427619152,0.699988286786734,-0.00465744257538135,-10.6114205451005,-2.05850974727246e-14,-0.0429869122185295,1.24938539551573e-13,0,0,0,0,1,0.673086199299627,0.673086199299627,78.5161927668111,28.880306119812,1.84893897796551
32.62,0.180618913049382,0.0545015900187412,0.36517736400477,0.00261303759183482,0.0118172435865502,0.0206314957951147,83.6805696297332,0.248623652915674,0.0775170637975963,0.00145464891365863,-0.0220182604184439,0.699967751181721,-0.00470743264512166,-10.6116422405996,-2.05850974727246e-14,-0.0429869122185295,1.24938539551573e-13,0,0,0,0,1,0.673086199299627,0.673086199299627,78.5106248576579,28.8985338420678,1.84235170246911
32.63,0.180657245717198,0.0545807863615946,0.365401913716987,0.00260527318547639,0.0118207062941409,0.0206363918057695,83.6814850112254,0.248626319908439,0.0775166719010206,0.00146053363184911,-0.021939262691373,0.699947396047236,-0.00475725819084873,-10.6118621692133,-2.05850974727246e-14,-0.0429869122185295,1.24938539551573e-13,0,0,0,0,1,0.673086199299627,0.673086199299627,78.505043452183,28.9167609039614,1.83576280546162
32.64,0.180695521826919,0.0546599992763791,0.365626521835916,0.0025975364519495,0.0118241458137244,0.0206412779288979,83.6823923179611,0.248628963097995,0.0775162839508216,0.00146639859069163,-0.0218602497645504,0.69992722096246,-0.00480691991001186,-10.6120803279531,-2.05850974727246e-14,-0.0429869122185295,1.24938539551573e-13,0,0,0,0,1,0.673086199299627,0.673086199299627,78.4994485526334,28.9349872934301,1.82917230425655
32.65,0.180733741659903,0.0547392285607947,0.365851188221937,0.00258982727221045,0.0118275620880752,0.0206461542336926,83.6832915511919,0.248631582488125,0.0775158999180236,0.00147224388322762,-0.0217812218222001,0.699907225501163,-0.00485641849654639,-10.612296713808,-2.05850974727246e-14,-0.0429869122185295,1.24938539551573e-13,0,0,0,0,1,0.673086199299627,0.673086199299627,78.4938401612804,28.9532129984338,1.82258021620045
32.66,0.180771905496271,0.054818474011831,0.366075912736005,0.00258214552783921,0.0118309550628854,0.0206510207888142,83.6841827121885,0.248634178082671,0.0775155197733721,0.00147806960196056,-0.021702179048924,0.699887409232197,-0.00490575464090034,-10.6125113237477,-2.05850974727246e-14,-0.0429869122185295,1.24938539551573e-13,0,0,0,0,1,0.673086199299627,0.673086199299627,78.4882182804198,28.971438006955,1.81598655867312
32.67,0.180810013614922,0.0548977354257975,0.366300695239642,0.00257449110103418,0.0118343246867277,0.0206558776623967,83.6850658022409,0.248636749885533,0.077515143487366,0.00148387583886064,-0.0216231216297051,0.699867771719967,-0.00495492903005943,-10.612724154726,-2.05850974727246e-14,-0.0429869122185295,1.24938539551573e-13,0,0,0,0,1,0.673086199299627,0.673086199299627,78.4825829123725,28.9896623069987,1.80939134908774
32.68,0.180848066293534,0.0549770125983524,0.366525535594946,0.0025668638746071,0.0118376709110171,0.0206607249220542,83.6859408226586,0.248639297900664,0.0775147710302879,0.00148966268536952,-0.0215440497499082,0.699848312524906,-0.00500394234757514,-10.6129352036842,-2.05850974727246e-14,-0.0429869122185295,1.24938539551573e-13,0,0,0,0,1,0.673086199299627,0.673086199299627,78.4769340594837,29.007885886592,1.80279460489101
32.69,0.180886063808572,0.0550563053245313,0.366750433664582,0.00255926373197801,0.0118409936899721,0.0206655626348863,83.6868077747703,0.248641822132078,0.0775144023722344,0.00149543023240486,-0.0214649635952818,0.699829031203929,-0.00505279527358798,-10.6131444675542,-2.05850974727246e-14,-0.0429869122185295,1.24938539551573e-13,0,0,0,0,1,0.673086199299627,0.673086199299627,78.4712717241236,29.0261087337848,1.79619634356323
32.7,0.180924006435292,0.0551356133987758,0.366975389311788,0.00255169055717022,0.0118442929805729,0.0206703908674844,83.6876666599242,0.248644322583843,0.0775140374831454,0.00150117857036496,-0.021385863351959,0.699809927310872,-0.00510148848485442,-10.6133519432615,-2.05850974727246e-14,-0.0429869122185295,1.24938539551573e-13,0,0,0,0,1,0.673086199299627,0.673086199299627,78.465595908687,29.0443308366488,1.78959658261834
32.71,0.180961894447751,0.0552149366149615,0.367200402400373,0.00254414423480547,0.0118475687425203,0.0206752096859376,83.6885174794878,0.248646799260085,0.0775136763328323,0.0015069077891332,-0.0213067492064577,0.69979100039693,-0.00515002265477233,-10.6135576277287,-2.05850974727246e-14,-0.0429869122185295,1.24938539551573e-13,0,0,0,0,1,0.673086199299627,0.673086199299627,78.4599066155939,29.0625521832784,1.78299533960401
32.72,0.180999728118808,0.0552942747664251,0.367425472794716,0.00253662465009906,0.0118508209381919,0.020680019155838,83.6893602348483,0.248649252164989,0.0775133188910061,0.00151261797808253,-0.0212276213456816,0.699772250011077,-0.00519839845340357,-10.6137615178779,-2.05850974727246e-14,-0.0429869122185295,1.24938539551573e-13,0,0,0,0,1,0.673086199299627,0.673086199299627,78.454203847289,29.0807727617897,1.77639263210157
32.73,0.181037507720133,0.0553736276459919,0.367650600359768,0.0025291316888551,0.0118540495325982,0.0206848193422869,83.6901949274122,0.248651681302796,0.077512965127304,0.00151830922607982,-0.0211484799569192,0.699753675700472,-0.00524661654750016,-10.6139636106339,-2.05850974727246e-14,-0.0429869122185295,1.24938539551573e-13,0,0,0,0,1,0.673086199299627,0.673086199299627,78.4484876062421,29.0989925603214,1.76978847772601
32.74,0.181075233522212,0.0554529950460024,0.367875784961047,0.00252166523746187,0.0118572544933373,0.0206896103098999,83.6910215586054,0.248654086677802,0.0775126150113154,0.00152398162149021,-0.021069325227844,0.699735277010859,-0.00529467760052721,-10.6141639029268,-2.05850974727246e-14,-0.0429869122185295,1.24938539551573e-13,0,0,0,0,1,0.673086199299627,0.673086199299627,78.4427578949479,29.1172115670339,1.76318289412594
32.75,0.181112905794354,0.0555323767583382,0.368101026464645,0.00251422518288713,0.0118604357905489,0.0206943921228128,83.6918401298736,0.248656468294364,0.0775122685126077,0.00152963525218139,-0.0209901573465136,0.699717053486949,-0.00534258227268801,-10.6143623916948,-2.05850974727246e-14,-0.0429869122185295,1.24938539551573e-13,0,0,0,0,1,0.673086199299627,0.673086199299627,78.4370147159262,29.1354297701099,1.75657589898346
32.76,0.181150524804694,0.055611772574448,0.368326324737222,0.00250681141267363,0.0118635933968671,0.0206991648446869,83.6926506426818,0.248658826156894,0.0775119256007503,0.00153527020552783,-0.0209109765013687,0.6996990046728,-0.00539033122094588,-10.6145590738867,-2.05850974727246e-14,-0.0429869122185295,1.24938539551573e-13,0,0,0,0,1,0.673086199299627,0.673086199299627,78.431258071722,29.1536471577541,1.7499675100141
32.77,0.181188090820202,0.0556911822853725,0.368551679646006,0.00249942381493463,0.011866727287373,0.0207039285387142,83.6934530985149,0.248661160269864,0.0775115862453388,0.00154088656841494,-0.0208317828812312,0.699681130112174,-0.00543792509904924,-10.6147539464645,-2.05850974727246e-14,-0.0429869122185295,1.24938539551573e-13,0,0,0,0,1,0.673086199299627,0.673086199299627,78.4254879649055,29.1718637181932,1.74335774496665
32.78,0.181225604106687,0.0557706056817696,0.368777091058797,0.00249206227834943,0.0118698374395464,0.0207086832676231,83.694247498877,0.248663470637801,0.0775112504160178,0.00154648442724319,-0.0207525766753035,0.699663429348886,-0.00548536455755202,-10.6149470064057,-2.05850974727246e-14,-0.0429869122185295,1.24938539551573e-13,0,0,0,0,1,0.673086199299627,0.673086199299627,78.4197043980718,29.1900794396758,1.736746621623
32.79,0.181263064928802,0.0558500425539382,0.369002558843963,0.00248472669215911,0.0118729238332162,0.0207134290936831,83.695033845292,0.248665757265291,0.077510918082503,0.0015520638679322,-0.0206733580731656,0.699645901927148,-0.00553265024383836,-10.6151382507059,-2.05850974727246e-14,-0.0429869122185295,1.24938539551573e-13,0,0,0,0,1,0.673086199299627,0.673086199299627,78.4139073738416,29.2082943104727,1.73013415779798
32.8,0.181300473550051,0.0559294926918423,0.36922808287044,0.00247741694616216,0.0118759864505114,0.0207181660787103,83.6958121393036,0.248668020156978,0.0775105892146027,0.00155762497592472,-0.0205941272647736,0.699628547391896,-0.00557978280214484,-10.6153276763805,-2.05850974727246e-14,-0.0429869122185295,1.24938539551573e-13,0,0,0,0,1,0.673086199299627,0.673086199299627,78.4080968948605,29.2265083188764,1.72352037133914
32.81,0.181337830232794,0.056008955885134,0.369453663007732,0.00247013293071032,0.0118790252758107,0.0207228942840724,83.696582382475,0.248670259317562,0.0775102637822388,0.00156316783619064,-0.0205148844404567,0.6996113652891,-0.00562676287358081,-10.6155152804677,-2.05850974727246e-14,-0.0429869122185295,1.24938539551573e-13,0,0,0,0,1,0.673086199299627,0.673086199299627,78.4022729637996,29.2447214532017,1.71690528012648
32.82,0.181375135238252,0.0560884319231766,0.369679299125912,0.0024628745367044,0.0118820402956921,0.0207276137706936,83.6973445763889,0.248672474751804,0.0775099417554662,0.00156869253323089,-0.0204356297909149,0.699594355166078,-0.00567359109615208,-10.6157010600296,-2.05850974727246e-14,-0.0429869122185295,1.24938539551573e-13,0,0,0,0,1,0.673086199299627,0.673086199299627,78.3964355833552,29.262933701785,1.7102889020723
32.83,0.181412388826515,0.0561679205950665,0.369904991095619,0.00245564165559016,0.0118850314988821,0.0207323245990597,83.698098722648,0.24867466646452,0.0775096231044923,0.00157419915108129,-0.020356363507216,0.69957751657178,-0.00572026810478055,-10.6158850121552,-2.05850974727246e-14,-0.0429869122185295,1.24938539551573e-13,0,0,0,0,1,0.673086199299627,0.673086199299627,78.390584756249,29.2811450529848,1.70367125512082
32.84,0.181449591256543,0.0562474216896551,0.370130738788059,0.00244843417935431,0.011887998876204,0.0207370268292226,83.6988448228745,0.248676834460585,0.0775093077996953,0.00157968777331641,-0.020277085780792,0.699560849057074,-0.0057667945313282,-10.6160671339614,-2.05850974727246e-14,-0.0429869122185295,1.24938539551573e-13,0,0,0,0,1,0.673086199299627,0.673086199299627,78.3847204852281,29.2993554951818,1.69705235724798
32.85,0.181486742786176,0.0563269349955699,0.370356542075005,0.0024412520005205,0.0118909424205271,0.0207417205208057,83.6995828787104,0.248678978744932,0.0775089958116418,0.00158515848305332,-0.0201977968034362,0.699544352175021,-0.00581317100461492,-10.6162474225956,-2.05850974727246e-14,-0.0429869122185295,1.24938539551573e-13,0,0,0,0,1,0.673086199299627,0.673086199299627,78.3788427730649,29.3175650167784,1.69043222646105
32.86,0.181523843672136,0.0564064603012355,0.370582400828793,0.00243409501214541,0.0118938621267146,0.020746405733008,83.7003128918175,0.248681099322552,0.0775086871111041,0.00159061136295534,-0.0201184967672991,0.699528025481129,-0.00585939815044112,-10.6164258752369,-2.05850974727246e-14,-0.0429869122185295,1.24938539551573e-13,0,0,0,0,1,0.673086199299627,0.673086199299627,78.3729516225572,29.3357736061989,1.68381088079838
32.87,0.181560894170035,0.0564859973948935,0.370808314922328,0.00242696310781486,0.011896757991572,0.0207510825246094,83.7010348638772,0.248683196198494,0.0775083816690758,0.0015960464952357,-0.0200391858648851,0.699511868533604,-0.00590547659160875,-10.6166024890981,-2.05850974727246e-14,-0.0429869122185295,1.24938539551573e-13,0,0,0,0,1,0.673086199299627,0.673086199299627,78.3670470365284,29.35398125189,1.67718833832902
32.88,0.181597894534378,0.0565655460646223,0.371034284229076,0.00241985618164004,0.011899630013795,0.0207557509539745,83.7017487965908,0.248685269377864,0.0775080794567879,0.00160146396166119,-0.0199598642890482,0.699495880893592,-0.00595140694793954,-10.6167772614271,-2.05850974727246e-14,-0.0429869122185295,1.24938539551573e-13,0,0,0,0,1,0.673086199299627,0.673086199299627,78.361129017827,29.37218794232,1.67056461715235
32.89,0.18163484501857,0.0566451060983563,0.371260308623067,0.0024127741282537,0.0119024781939175,0.0207604110790579,83.7024546916792,0.248687318865829,0.0775077804457233,0.00160686384355576,-0.0198805322329875,0.699480062125398,-0.00599718983629682,-10.6169501895087,-2.05850974727246e-14,-0.0429869122185295,1.24938539551573e-13,0,0,0,0,1,0.673086199299627,0.673086199299627,78.3551975693273,29.3903936659795,1.66393973539774
32.9,0.18167174587492,0.0567246772839045,0.371486387978895,0.0024057168428065,0.01190530253426,0.0207650629574082,83.7031525508832,0.24868934466761,0.0775074846076309,0.00161224622180405,-0.0198011898902434,0.699464411796717,-0.00604282587060406,-10.6171212706656,-2.05850974727246e-14,-0.0429869122185295,1.24938539551573e-13,0,0,0,0,1,0.673086199299627,0.673086199299627,78.3492526939289,29.408598411381,1.65731371122412
32.91,0.181708597354647,0.0568042594089683,0.371712522171714,0.00239868422096329,0.0119081030388774,0.0207697066461727,83.7038423759634,0.24869134678849,0.077507191914539,0.00161761117685492,-0.0197218374546929,0.699448929478825,-0.00608831566186563,-10.6172905022602,-2.05850974727246e-14,-0.0429869122185295,1.24938539551573e-13,0,0,0,0,1,0.673086199299627,0.673086199299627,78.3432943945569,29.4268021670592,1.65068656281961
32.92,0.181745399707886,0.0568838522611598,0.371938711077242,0.00239167615889957,0.0119108797135074,0.0207743422021015,83.7045241687001,0.248693325233808,0.0775069023387683,0.0016229587887249,-0.0196424751205446,0.699433614746789,-0.0061336598181846,-10.6174578816957,-2.05850974727246e-14,-0.0429869122185295,1.24938539551573e-13,0,0,0,0,1,0.673086199299627,0.673086199299627,78.3373226741619,29.4450049215707,1.64405830840112
32.93,0.181782153183691,0.0569634556280182,0.372164954571752,0.00238469255329791,0.0119136325655184,0.0207789696815519,83.7051979308936,0.248695280008962,0.0775066158529433,0.00162828913700162,-0.019563103082334,0.699418467179647,-0.0061788589447835,-10.6176234064173,-2.05850974727246e-14,-0.0429869122185295,1.24938539551573e-13,0,0,0,0,1,0.673086199299627,0.673086199299627,78.3313375357199,29.4632066634946,1.63742896621385
32.94,0.18181885803004,0.0570430692970267,0.372391252532082,0.00237773330134444,0.0119163616038589,0.0207835891404925,83.7058636643637,0.248697211119409,0.0775063324300046,0.00163360230084718,-0.0194837215349188,0.699403486360587,-0.0062239136440221,-10.6177870739133,-2.05850974727246e-14,-0.0429869122185295,1.24938539551573e-13,0,0,0,0,1,0.673086199299627,0.673086199299627,78.3253389822326,29.4814073814318,1.63079855453092
32.95,0.181855514493844,0.0571226930556285,0.372617604835625,0.00237079830072542,0.0119190668390054,0.0207882006345079,83.7065213709503,0.248699118570661,0.0775060520432189,0.00163889835900149,-0.0194043306734736,0.699388671877111,-0.00626882451541569,-10.6179488817165,-2.05850974727246e-14,-0.0429869122185295,1.24938539551573e-13,0,0,0,0,1,0.673086199299627,0.673086199299627,78.319327016727,29.4996070640056,1.62416709165289
32.96,0.181892122820948,0.0572023266912422,0.372844011360329,0.00236388744962378,0.0119217482829119,0.0207928042188019,83.707171052513,0.248701002368292,0.0775057746661895,0.0016441773897856,-0.0193249306934843,0.699374023321196,-0.00631359215565535,-10.6181088274047,-2.05850974727246e-14,-0.0429869122185295,1.24938539551573e-13,0,0,0,0,1,0.673086199299627,0.673086199299627,78.3133016422558,29.5178056998614,1.61753459590732
32.97,0.181928683256138,0.0572819699912773,0.373070471984703,0.00235700064671582,0.0119244059489592,0.0207973999482024,83.7078127109312,0.248702862517932,0.0775055002728656,0.0016494394711049,-0.0192455217907435,0.699359540289439,-0.00635821715862403,-10.6182669086022,-2.05850974727246e-14,-0.0429869122185295,1.24938539551573e-13,0,0,0,0,1,0.673086199299627,0.673086199299627,78.307262861897,29.536003277667,1.61090108564824
32.98,0.181965196043144,0.0573616227431481,0.373296986587807,0.00235013779116786,0.0119270398519046,0.0208019878771649,83.7084463481041,0.248704699025272,0.0775052288375512,0.0016546846804524,-0.0191661041613444,0.699345222383199,-0.00640270011541543,-10.6184231229801,-2.05850974727246e-14,-0.0429869122185295,1.24938539551573e-13,0,0,0,0,1,0.673086199299627,0.673086199299627,78.3012106787543,29.5541997861124,1.60426657925576
32.99,0.182001661424647,0.0574412847342881,0.373523555049255,0.00234329878263298,0.011929650007832,0.0208065680597765,83.709071965951,0.248706511896057,0.0775049603349136,0.0016599130949119,-0.0190866780016755,0.699331069208721,-0.00644704161435293,-10.6185774682575,-2.05850974727246e-14,-0.0429869122185295,1.24938539551573e-13,0,0,0,0,1,0.673086199299627,0.673086199299627,78.2951450959568,29.5723952139101,1.59763109513549
33,0.182038079642283,0.0575209557521636,0.373750177249214,0.00233648352124778,0.0119322364341022,0.02081114054976,83.7096895664107,0.248708301136093,0.0775046947399908,0.00166512479116108,-0.019007243508415,0.699317080377267,-0.0064912422410056,-10.6187299422024,-2.05850974727246e-14,-0.0429869122185295,1.24938539551573e-13,0,0,0,0,1,0.673086199299627,0.673086199299627,78.2890661166591,29.5905895497948,1.59099465171813
33.01,0.182074450936649,0.0576006355842864,0.373976853068402,0.00232969190762917,0.011934799149304,0.0208157054004777,83.7102991514419,0.248710066751245,0.0775044320281986,0.00167031984547469,-0.018927800878525,0.699303255505213,-0.0065353025782053,-10.6188805426318,-2.05850974727246e-14,-0.0429869122185295,1.24938539551573e-13,0,0,0,0,1,0.673086199299627,0.673086199299627,78.2829737440414,29.6087827825236,1.58435726745888
33.02,0.182110775547306,0.0576803240182267,0.374203582388087,0.00232292384287129,0.0119373381732058,0.0208202626649348,83.7109007230233,0.248711808747435,0.0775041721753374,0.00167549833372758,-0.0188483503092457,0.699289594214166,-0.00657922320606631,-10.6190292674128,-2.05850974727246e-14,-0.0429869122185295,1.24938539551573e-13,0,0,0,0,1,0.673086199299627,0.673086199299627,78.2768679813093,29.6269749008764,1.57771896083701
33.03,0.182147053712784,0.0577600208416252,0.374430365090083,0.00231617922854234,0.0119398535267074,0.0208248123957836,83.7114942831533,0.248713527130643,0.0775039151575979,0.0016806603313977,-0.0187688919980895,0.699276096131051,-0.00662300470200025,-10.6191761144629,-2.05850974727246e-14,-0.0429869122185295,1.24938539551573e-13,0,0,0,0,1,0.673086199299627,0.673086199299627,78.2707488316938,29.6451658936552,1.5710797503553
33.04,0.182183285670589,0.0578397258422043,0.374657201056753,0.00230945796668156,0.0119423452317921,0.020829354645327,83.7120798338502,0.248715221906907,0.0775036609515665,0.00168580591356917,-0.0186894261428351,0.699262760888199,-0.00666664764073357,-10.6193210817508,-2.05850974727246e-14,-0.0429869122185295,1.24938539551573e-13,0,0,0,0,1,0.673086199299627,0.673086199299627,78.2646162984516,29.6633557496848,1.56443965453951
33.05,0.182219471657206,0.0579194388077795,0.374884090171004,0.00230275995979618,0.0119448133114805,0.0208338894655218,83.7126573771521,0.248716893082326,0.0775034095342307,0.00169093515493518,-0.0186099529415217,0.699249588123429,-0.00671015259432388,-10.6194641672966,-2.05850974727246e-14,-0.0429869122185295,1.24938539551573e-13,0,0,0,0,1,0.673086199299627,0.673086199299627,78.2584703848648,29.6815444578126,1.5577986919379
33.06,0.182255611908103,0.0579991595262702,0.375111032316288,0.00229608511085843,0.0119472577897835,0.020838416907983,83.7132269151169,0.248718540663054,0.0775031608829827,0.00169604812980095,-0.0185304725924426,0.699236577480112,-0.00675352013217744,-10.6196053691722,-2.05850974727246e-14,-0.0429869122185295,1.24938539551573e-13,0,0,0,0,1,0.673086199299627,0.673086199299627,78.2523110942407,29.6997320069085,1.55115688112067
33.07,0.182291706657737,0.0580788877857097,0.375338027376597,0.0022894333233026,0.0119496786916568,0.0208429370239865,83.7137884498224,0.248720164655305,0.077502914975624,0.00170114491208664,-0.0184509852941393,0.699223728607245,-0.00679675082106405,-10.6197446855016,-2.05850974727246e-14,-0.0429869122185295,1.24938539551573e-13,0,0,0,0,1,0.673086199299627,0.673086199299627,78.2461384299123,29.7179183858653,1.54451424067941
33.08,0.18232775613956,0.0581586233742548,0.375565075236465,0.00228280450102214,0.0119520760429557,0.0208474498644731,83.7143419833661,0.24872176506535,0.0775026717903683,0.00170622557533014,-0.0183714912453954,0.699211041159495,-0.00683984522513492,-10.6198821144615,-2.05850974727246e-14,-0.0429869122185295,1.24938539551573e-13,0,0,0,0,1,0.673086199299627,0.673086199299627,78.239952395238,29.7361035835984,1.53787078922662
33.09,0.182363760586018,0.0582383660801957,0.375792175780965,0.00227619854836675,0.0119544498703906,0.0208519554800519,83.7148875178654,0.248723341899521,0.0775024313058447,0.00171129019268999,-0.0182919906452305,0.699198514797255,-0.00688280390593682,-10.6200176542812,-2.05850974727246e-14,-0.0429869122185295,1.24938539551573e-13,0,0,0,0,1,0.673086199299627,0.673086199299627,78.2337529936017,29.754287589046,1.5312265453951
33.1,0.182399720228564,0.058318115691964,0.376019328895705,0.00226961537013955,0.0119568002014836,0.0208564539210033,83.7154250554576,0.248724895164204,0.0775021935011,0.00171633883694809,-0.018212483692894,0.699186149186681,-0.00692562742242917,-10.6201513032428,-2.05850974727246e-14,-0.0429869122185295,1.24938539551573e-13,0,0,0,0,1,0.673086199299627,0.673086199299627,78.2275402284123,29.7724703911692,1.52458152783747
33.11,0.182435635297656,0.058397871998142,0.37624653446683,0.0022630548715943,0.0119591270645248,0.0208609452372827,83.7159545982996,0.248726424865847,0.0775019583556007,0.00172137158051253,-0.0181329705878588,0.69917394399973,-0.00696831633099937,-10.6202830596816,-2.05850974727246e-14,-0.0429869122185295,1.24938539551573e-13,0,0,0,0,1,0.673086199299627,0.673086199299627,78.2213141031045,29.790651978952,1.5179357552256
33.12,0.182471506022762,0.0584776347874699,0.376473792381018,0.00225651695843258,0.0119614304885303,0.0208654294785236,83.7164761485683,0.248727931010955,0.0775017258492346,0.00172638849542027,-0.0180534515298152,0.699161898914188,-0.0070108711854773,-10.620412921986,-2.05850974727246e-14,-0.0429869122185295,1.24938539551573e-13,0,0,0,0,1,0.673086199299627,0.673086199299627,78.2150746211381,29.8088323414013,1.51128924625008
33.13,0.18250733263237,0.0585574038488541,0.376701102525478,0.00225000153680108,0.0119637105032004,0.020869906694041,83.7169897084604,0.248729413606089,0.0775014959623118,0.00173138965333986,-0.0179739267186648,0.699150013613685,-0.00705329253715281,-10.6205408885973,-2.05850974727246e-14,-0.0429869122185295,1.24938539551573e-13,0,0,0,0,1,0.673086199299627,0.673086199299627,78.2088217859985,29.827011467547,1.50464201961965
33.14,0.182543115353986,0.0586371789713739,0.376928464787948,0.00224350851328885,0.011965967138879,0.0208743769328344,83.7174952801921,0.248730872657872,0.0775012686755656,0.0017363751255741,-0.0178943963545141,0.699138287787715,-0.00709558093478808,-10.6206669580103,-2.05850974727246e-14,-0.0429869122185295,1.24938539551573e-13,0,0,0,0,1,0.673086199299627,0.673086199299627,78.2025556011961,29.845189346442,1.49799409406068
33.15,0.182578854414142,0.0587169599442885,0.377155879056696,0.00223703779492469,0.0119682004265131,0.0208788402435909,83.7179928659998,0.248732308172982,0.0775010439701526,0.0017413449830627,-0.0178148606376683,0.699126721131648,-0.00713773692463583,-10.6207911287726,-2.05850974727246e-14,-0.0429869122185295,1.24938539551573e-13,0,0,0,0,1,0.673086199299627,0.673086199299627,78.1962760702669,29.8633659671623,1.49134548831663
33.16,0.182614550038398,0.0587967465570431,0.377383345220514,0.00223058928917442,0.0119704103976134,0.0208832966746887,83.7184824681393,0.248733720158156,0.0775008218276527,0.00174629929638484,-0.0177353197686254,0.699115313346726,-0.00717976105045054,-10.6209133994851,-2.05850974727246e-14,-0.0429869122185295,1.24938539551573e-13,0,0,0,0,1,0.673086199299627,0.673086199299627,78.1899831967719,29.8815413188071,1.48469622114749
33.17,0.182650202451351,0.0588765385992754,0.377610863168717,0.00222416290393833,0.011972597084216,0.0208877462741995,83.7189640888863,0.24873510862019,0.0775006022300686,0.0017512381357618,-0.0176557739480697,0.699104064140061,-0.00722165385350709,-10.6210337688014,-2.05850974727246e-14,-0.0429869122185295,1.24938539551573e-13,0,0,0,0,1,0.673086199299627,0.673086199299627,78.1836769842975,29.8997153904988,1.47804631132924
33.18,0.182685811876633,0.0589563358608207,0.377838432791143,0.00221775854754855,0.0119747605188447,0.0208921890898922,83.7194377305365,0.248736473565937,0.077500385159825,0.00175616157105948,-0.0175762233768657,0.699092973224632,-0.00726341587261122,-10.6211522354279,-2.05850974727246e-14,-0.0429869122185295,1.24938539551573e-13,0,0,0,0,1,0.673086199299627,0.673086199299627,78.1773574364554,29.9178881713828,1.47139577765332
33.19,0.182721378536922,0.0590361381317172,0.378066053978148,0.0022113761287665,0.0119769007344735,0.0208966251692355,83.7199033954049,0.248737815002309,0.0775001705997673,0.00176106967179089,-0.0174966682560521,0.699082040319266,-0.0073050476441178,-10.6212687981235,-2.05850974727246e-14,-0.0429869122185295,1.24938539551573e-13,0,0,0,0,1,0.673086199299627,0.673086199299627,78.1710245568823,29.9360596506281,1.4647446389261
33.2,0.18275690265394,0.0591159452022111,0.378293726620607,0.00220501555678037,0.0119790177644907,0.0209010545594007,83.7203610858265,0.248739132936274,0.0774999585331604,0.00176596250711873,-0.0174171087868356,0.699071265148617,-0.00734654970194206,-10.6213834556994,-2.05850974727246e-14,-0.0429869122185295,1.24938539551573e-13,0,0,0,0,1,0.673086199299627,0.673086199299627,78.1646783492402,29.9542298174269,1.45809291396831
33.21,0.182792384448461,0.0591957568627611,0.378521450609907,0.00219867674120259,0.0119811116426638,0.0209054773072649,83.720810804156,0.248740427374861,0.0774997489436863,0.00177084014585774,-0.0173375451705848,0.699060647443152,-0.00738792257757595,-10.6214962070187,-2.05850974727246e-14,-0.0429869122185295,1.24938539551573e-13,0,0,0,0,1,0.673086199299627,0.673086199299627,78.1583188172163,29.9723986609946,1.45144062161454
33.22,0.182827824140317,0.0592755729040422,0.378749225837953,0.00219235959206739,0.0119831824031044,0.0209098934594139,83.7212525527679,0.248741698325153,0.0774995418154423,0.00177570265647723,-0.0172579776088242,0.699050186939111,-0.00742916680010021,-10.6216070509966,-2.05850974727246e-14,-0.0429869122185295,1.24938539551573e-13,0,0,0,0,1,0.673086199299627,0.673086199299627,78.1519459645228,29.9905661705704,1.4447877807127
33.23,0.182863221948396,0.0593553931169498,0.378977052197155,0.00218606401982829,0.0119852300802352,0.0209143030621445,83.7216863340562,0.248742945794295,0.0774993371329387,0.00178055010710343,-0.0171784063032282,0.699039883378476,-0.0074702828962003,-10.6217159865991,-2.05850974727246e-14,-0.0429869122185295,1.24938539551573e-13,0,0,0,0,1,0.673086199299627,0.673086199299627,78.1455597948971,30.0087323354165,1.43813441012346
33.24,0.182898578090654,0.0594352172926033,0.379204929580436,0.00217978993535574,0.0119872547087563,0.0209187061614678,83.7221121504347,0.248744169789488,0.0774991348810954,0.00178538256552191,-0.017098831455615,0.699029736508939,-0.00751127139017772,-10.6218230128437,-2.05850974727246e-14,-0.0429869122185295,1.24938539551573e-13,0,0,0,0,1,0.673086199299627,0.673086199299627,78.1391603121016,30.0268971448191,1.43148052871979
33.25,0.182933892784111,0.0595150452223491,0.379432857881222,0.00217353724993466,0.011989256323614,0.0209231028031118,83.7225300043368,0.248745370317989,0.0774989350452396,0.00179020009917989,-0.017019253267941,0.699019746083855,-0.00755213280396638,-10.6219281287983,-2.05850974727246e-14,-0.0429869122185295,1.24938539551573e-13,0,0,0,0,1,0.673086199299627,0.673086199299627,78.1327475199237,30.0450605880876,1.42482615538639
33.26,0.182969166244862,0.0595948766977631,0.379660836993443,0.00216730587526212,0.0119912349599689,0.0209274930325238,83.7229398982158,0.248746547387116,0.0774987376111019,0.00179500277518864,-0.0169396719422945,0.699009911862192,-0.00759286765714351,-10.622031333581,-2.05850974727246e-14,-0.0429869122185295,1.24938539551573e-13,0,0,0,0,1,0.673086199299627,0.673086199299627,78.126321422176,30.0632226545552,1.41817130901919
33.27,0.183004398688078,0.0596747115106541,0.379888866811532,0.00216109572344492,0.0119931906531661,0.0209318768948735,83.7233418345443,0.248747701004242,0.0774985425648129,0.00179979066032569,-0.0168600876808903,0.69900023360849,-0.00763347646694456,-10.6221326263596,-2.05850974727246e-14,-0.0429869122185295,1.24938539551573e-13,0,0,0,0,1,0.673086199299627,0.673086199299627,78.1198820226959,30.0813833335786,1.41151600852483
33.28,0.183039590328011,0.0597545494530652,0.38011694723042,0.00215490670699733,0.0119951234387054,0.0209362544350554,83.7237358158148,0.2487488311768,0.0774983498928997,0.00180456382103719,-0.0167805006860637,0.698990711092797,-0.00767395974827596,-10.6222320063512,-2.05850974727246e-14,-0.0429869122185295,1.24938539551573e-13,0,0,0,0,1,0.673086199299627,0.673086199299627,78.1134293253458,30.0995426145384,1.40486027282017
33.29,0.183074741377997,0.0598343903172762,0.380345078145533,0.00214873873883872,0.0119970333522127,0.0209406256976911,83.7241218445394,0.24874993791228,0.0774981595822815,0.00180932232344013,-0.0167009111602649,0.698981344090619,-0.00771431801372782,-10.6223294728216,-2.05850974727246e-14,-0.0429869122185295,1.24938539551573e-13,0,0,0,0,1,0.673086199299627,0.673086199299627,78.106963334013,30.1177004868387,1.39820412083177
33.3,0.183109852050461,0.059914233895805,0.380573259452794,0.00214259173229134,0.0119989204294121,0.0209449907271324,83.7244999232498,0.248751021218228,0.0774979716202652,0.00181406623332457,-0.0166213193060531,0.698972132382856,-0.00775455177358854,-10.622425025085,-2.05850974727246e-14,-0.0429869122185295,1.24938539551573e-13,0,0,0,0,1,0.673086199299627,0.673086199299627,78.1004840526097,30.1358569399076,1.39154757149539
33.31,0.183144922556921,0.0599940799814094,0.380801491048616,0.002136465601078,0.0120007847060993,0.0209493495674635,83.7248700544971,0.248752081102249,0.0774977859945414,0.00181879561615584,-0.0165417253260914,0.698963075755735,-0.0077946615358549,-10.6225186625032,-2.05850974727246e-14,-0.0429869122185295,1.24938539551573e-13,0,0,0,0,1,0.673086199299627,0.673086199299627,78.0939914850729,30.1540119631968,1.38489064375554
33.32,0.183179953107991,0.0600739283670877,0.381029772829899,0.00213036025931985,0.0120026262181148,0.0209537022625036,83.7252322408523,0.248753117572006,0.0774976026931793,0.00182351053707675,-0.016462129423141,0.698954174000746,-0.00783464780624708,-10.622610384485,-2.05850974727246e-14,-0.0429869122185295,1.24938539551573e-13,0,0,0,0,1,0.673086199299627,0.673086199299627,78.0874856353647,30.172165546182,1.37823335656493
33.33,0.183214943913386,0.06015377884608,0.381258104694033,0.00212427562153418,0.0120044450013194,0.020958048855809,83.7255864849057,0.248754130635219,0.0774974217046222,0.00182821106090969,-0.0163825318000556,0.698945426914573,-0.00787451108822133,-10.622700190486,-2.05850974727246e-14,-0.0429869122185295,1.24938539551573e-13,0,0,0,0,1,0.673086199299627,0.673086199299627,78.0809665074715,30.1903176783628,1.37157572888405
33.34,0.183249895181928,0.0602336312118687,0.381486486538891,0.00211821160263218,0.0120062410915689,0.020962389390676,83.7259327892674,0.248755120299664,0.0774972430176821,0.00183289725215884,-0.0163029326597765,0.698936834299016,-0.0079142518829809,-10.6227880800074,-2.05850974727246e-14,-0.0429869122185295,1.24938539551573e-13,0,0,0,0,1,0.673086199299627,0.673086199299627,78.0744341054049,30.2084683492627,1.36491777968064
33.35,0.183284807121544,0.0603134852581787,0.381714918262825,0.00211216811791681,0.0120080145246912,0.0209667239101429,83.7262711565668,0.248756086573176,0.0774970666215346,0.00183756917501223,-0.0162233322053267,0.698928395960916,-0.00795387068948876,-10.6228740525961,-2.05850974727246e-14,-0.0429869122185295,1.24938539551573e-13,0,0,0,0,1,0.673086199299627,0.673086199299627,78.067888433201,30.2266175484292,1.35825952792925
33.36,0.183319679939277,0.0603933407789777,0.381943399764668,0.00210614508308058,0.012009765336463,0.0209710524569927,83.7266015894529,0.248757029463648,0.0774968925057136,0.00184222689334384,-0.0161437306398063,0.698920111712087,-0.00799336800448218,-10.6229581078435,-2.05850974727246e-14,-0.0429869122185295,1.24938539551573e-13,0,0,0,0,1,0.673086199299627,0.673086199299627,78.0613294949207,30.2447652654336,1.35160099261081
33.37,0.183354513841284,0.0604731975684763,0.38217193094373,0.00210014241420348,0.012011493562588,0.0209753750737549,83.7269240905944,0.248757948979029,0.0774967206601058,0.00184687047071567,-0.016064128166387,0.698911981369219,-0.00803274432248145,-10.6230402453849,-2.05850974727246e-14,-0.0429869122185295,1.24938539551573e-13,0,0,0,0,1,0.673086199299627,0.673086199299627,78.0547572946494,30.2629114898716,1.3449421927121
33.38,0.183389309032843,0.0605530554211274,0.382400511699792,0.0020941600277508,0.0120131992386758,0.0209796918027084,83.7272386626792,0.248758845127325,0.0774965510749449,0.0018514999703798,-0.0159845249883068,0.698904004753805,-0.00807200013580477,-10.6231204648993,-2.05850974727246e-14,-0.0429869122185295,1.24938539551573e-13,0,0,0,0,1,0.673086199299627,0.673086199299627,78.0481718364972,30.2810562113627,1.33828314722537
33.39,0.183424065718358,0.0606329141316257,0.382629141933108,0.00208819784057103,0.0120148824002213,0.0209840026858831,83.7275453084149,0.248759717916599,0.0774963837408059,0.00185611545528039,-0.0159049213088657,0.698896181692057,-0.00811113593457921,-10.6231987661081,-2.05850974727246e-14,-0.0429869122185295,1.24938539551573e-13,0,0,0,0,1,0.673086199299627,0.673086199299627,78.0415731245989,30.2991994195506,1.33162387514784
33.4,0.183458784101358,0.0607127734949073,0.382857821544399,0.00208225576989383,0.0120165430825852,0.0209883077650627,83.7278440305285,0.248760567354974,0.0774962186485993,0.00186071698805571,-0.0158253173314202,0.698888512014819,-0.00815015220675195,-10.623275148775,-2.05850974727246e-14,-0.0429869122185295,1.24938539551573e-13,0,0,0,0,1,0.673086199299627,0.673086199299627,78.0349611631137,30.3173411041032,1.32496439548133
33.41,0.183493464384508,0.0607926333061486,0.383086550434852,0.00207633373332789,0.0120181813209754,0.0209926070817865,83.7281348317663,0.248761393450627,0.0774960557895648,0.00186530463104008,-0.0157457132593787,0.698880995557473,-0.00818904943810303,-10.6233496127047,-2.05850974727246e-14,-0.0429869122185295,1.24938539551573e-13,0,0,0,0,1,0.673086199299627,0.673086199299627,78.0283359562254,30.3354812547125,1.31830472723175
33.42,0.183528106769603,0.0608724933607653,0.383315328506118,0.00207043164885892,0.0120197971504286,0.0209969006773517,83.7284177148941,0.248762196211793,0.0774958951552656,0.00186987844626589,-0.0156661092961967,0.698873632159857,-0.00822782811225661,-10.6234221577428,-2.05850974727246e-14,-0.0429869122185295,1.24938539551573e-13,0,0,0,0,1,0.673086199299627,0.673086199299627,78.0216975081422,30.3536198610946,1.31164488940876
33.43,0.183562711457584,0.0609523534544109,0.383544155660306,0.00206454943484762,0.0120213906057936,0.0210011885928155,83.7286926826973,0.248762975646764,0.0774957367375816,0.0018744384954655,-0.0155865056453722,0.698866421666169,-0.00826648871069301,-10.6234927837746,-2.05850974727246e-14,-0.0429869122185295,1.24938539551573e-13,0,0,0,0,1,0.673086199299627,0.673086199299627,78.0150458230969,30.3717569129901,1.3049849010253
33.44,0.183597278648529,0.0610322133829757,0.383773031799984,0.00205868701002764,0.0120229617217144,0.0210054708689973,83.7289597379805,0.248763731763889,0.0774955805287038,0.00187898484007317,-0.0155069025104412,0.698859363924875,-0.00830503171275923,-10.6235614907247,-2.05850974727246e-14,-0.0429869122185295,1.24938539551573e-13,0,0,0,0,1,0.673086199299627,0.673086199299627,78.0083809053466,30.3898924001635,1.29832478109719
33.45,0.183631808541667,0.0611120729425849,0.384001956828174,0.00205284429350359,0.0120245105326146,0.0210097475464806,83.7292188835677,0.248764464571574,0.0774954265211273,0.00188351754122697,-0.0154273000949728,0.69885245878862,-0.00834345759568168,-10.623628278556,-2.05850974727246e-14,-0.0429869122185295,1.24938539551573e-13,0,0,0,0,1,0.673086199299627,0.673086199299627,78.0017027591727,30.4080263124039,1.29166454864275
33.46,0.183666301335376,0.0611919319295969,0.384230930648352,0.00204702120474906,0.0120260370726824,0.0210140186656152,83.7294701223023,0.248765174078283,0.0774952747076455,0.00188803665977067,-0.0153476986025657,0.698845706114122,-0.00838176683457641,-10.6236931472693,-2.05850974727246e-14,-0.0429869122185295,1.24938539551573e-13,0,0,0,0,1,0.673086199299627,0.673086199299627,77.9950113888811,30.4261586395246,1.28500422268241
33.47,0.183700757227188,0.0612717901406015,0.38445995316444,0.00204121766360462,0.0120275413758567,0.021018284266519,83.7297134570471,0.248765860292534,0.0774951250813429,0.00189254225625556,-0.0152680982368426,0.698839105762089,-0.00841995990246032,-10.6237560969023,-2.05850974727246e-14,-0.0429869122185295,1.24938539551573e-13,0,0,0,0,1,0.673086199299627,0.673086199299627,77.988306798802,30.4442893713631,1.27834382223826
33.48,0.183735176413794,0.0613516473724179,0.38468902428081,0.00203543359027593,0.0120290234758131,0.0210225443890801,83.7299488906839,0.248766523222905,0.0774949776355892,0.00189703439094235,-0.0151884992014473,0.698832657597116,-0.00845803727026287,-10.6238171275288,-2.05850974727246e-14,-0.0429869122185295,1.24938539551573e-13,0,0,0,0,1,0.673086199299627,0.673086199299627,77.9815889932897,30.4624184977813,1.27168336633378
33.49,0.183769559091045,0.0614315034220924,0.384918143902276,0.00202966890533172,0.0120304834059514,0.0210267990729591,83.7301764261143,0.248767162878028,0.0774948323640324,0.00190151312380297,-0.0151089017000397,0.698826361487585,-0.00849599940683765,-10.6238762392581,-2.05850974727246e-14,-0.0429869122185295,1.24938539551573e-13,0,0,0,0,1,0.673086199299627,0.673086199299627,77.974857976723,30.4805460086657,1.26502287399337
33.5,0.183803905453958,0.0615113580868963,0.385147311934093,0.00202392352970194,0.0120319211993835,0.0210310483575905,83.7303960662588,0.248767779266592,0.0774946892605921,0.00190597851452239,-0.015029305936292,0.698820217305577,-0.0085338467789712,-10.6239334322344,-2.05850974727246e-14,-0.0429869122185295,1.24938539551573e-13,0,0,0,0,1,0.673086199299627,0.673086199299627,77.9681137535046,30.4986718939269,1.25836236424205
33.51,0.183838215696718,0.0615912111643231,0.385376528281955,0.00201819738467578,0.012033336888922,0.0210352922821847,83.7306078140575,0.248768372397346,0.0774945483194533,0.00191043062250038,-0.0149497121138849,0.69881422492676,-0.00857157985139638,-10.6239887066357,-2.05850974727246e-14,-0.0429869122185295,1.24938539551573e-13,0,0,0,0,1,0.673086199299627,0.673086199299627,77.9613563280616,30.5167961435001,1.25170185610506
33.52,0.183872490012684,0.0616710624520866,0.385605792851991,0.00201249039189983,0.0120347305070691,0.0210395308857302,83.7308116724693,0.24876894227909,0.077494409535059,0.00191486950685332,-0.0148701204365034,0.698808384230303,-0.00860919908680153,-10.6240420626733,-2.05850974727246e-14,-0.0429869122185295,1.24938539551573e-13,0,0,0,0,1,0.673086199299627,0.673086199299627,77.9545857048451,30.5349187473447,1.24504136860754
33.53,0.18390672859439,0.0617509117481179,0.385835105550764,0.00200680247337617,0.0120361020860074,0.0210437642069952,83.7310076444728,0.248769488920686,0.0774942729021043,0.00191929522641592,-0.0147905311078335,0.69880269509877,-0.00864670494584134,-10.6240935005909,-2.05850974727246e-14,-0.0429869122185295,1.24938539551573e-13,0,0,0,0,1,0.673086199299627,0.673086199299627,77.9478018883304,30.5530396954448,1.23838092077419
33.54,0.183940931633547,0.0618307588505626,0.386064466285266,0.0020011335514605,0.0120374516575896,0.0210479922845297,83.7311957330656,0.248770012331048,0.0774941384155291,0.00192370783974299,-0.0147109443315579,0.69879715741802,-0.00868409788714816,-10.624143020664,-2.05850974727246e-14,-0.0429869122185295,1.24938539551573e-13,0,0,0,0,1,0.673086199299627,0.673086199299627,77.9410048830167,30.5711589778088,1.23172053162891
33.55,0.183975099321052,0.0619106035577781,0.386293874962916,0.0019954835488603,0.0120387792533303,0.0210522151566667,83.7313759412644,0.248770512519148,0.0774940060705119,0.00192810740511114,-0.0146313603113532,0.698791771077113,-0.00872137836734182,-10.6241906231989,-2.05850974727246e-14,-0.0429869122185295,1.24938539551573e-13,0,0,0,0,1,0.673086199299627,0.673086199299627,77.9341946934275,30.5892765844697,1.22506022019451
33.56,0.184009231846988,0.0619904456683308,0.38652333149156,0.00198985238863296,0.0120400849043977,0.0210564328615249,83.7315482721054,0.248770989494016,0.0774938758624627,0.00193249398052049,-0.0145517792508855,0.698786535968206,-0.00875854684104051,-10.6242363085322,-2.05850974727246e-14,-0.0429869122185295,1.24938539551573e-13,0,0,0,0,1,0.673086199299627,0.673086199299627,77.92737132411,30.6073925054849,1.21840000549235
33.57,0.184043329400625,0.0620702849809931,0.386752835779463,0.001984239994184,0.012041368641606,0.0210606454370095,83.7317127286436,0.248771443264737,0.0774937477870165,0.00193686762369635,-0.0144722013538077,0.698781451986455,-0.00879560376087102,-10.6242800770301,-2.05850974727246e-14,-0.0429869122185295,1.24938539551573e-13,0,0,0,0,1,0.673086199299627,0.673086199299627,77.9205347796354,30.6255067309362,1.21173990654208
33.58,0.18407739217043,0.0621501212947403,0.386982387735311,0.00197864628926518,0.0120426304954088,0.0210648529208146,83.7318693139534,0.24877187384045,0.0774936218400269,0.00194122839209091,-0.0143926268237558,0.698776519029918,-0.00883254957747886,-10.6243219290873,-2.05850974727246e-14,-0.0429869122185295,1.24938539551573e-13,0,0,0,0,1,0.673086199299627,0.673086199299627,77.913685064599,30.6436192509301,1.20507994236128
33.59,0.184111420344063,0.0622299544087472,0.387211987268205,0.00197307119797276,0.0120438704958924,0.0210690553504249,83.7320180311282,0.248772281230355,0.0774934980175589,0.00194557634288485,-0.0143130558643458,0.698771736999455,-0.00886938473953814,-10.6243618651265,-2.05850974727246e-14,-0.0429869122185295,1.24938539551573e-13,0,0,0,0,1,0.673086199299627,0.673086199299627,77.9068221836198,30.6617300555975,1.19842013196521
33.6,0.184145414108388,0.0623097841223856,0.387441634287661,0.00196751464474569,0.0120450886727703,0.021073252763117,83.7321588832806,0.248772665443703,0.0774933763158827,0.00194991153298905,-0.0142334886791705,0.69876710579863,-0.00890610969376357,-10.6243998855977,-2.05850974727246e-14,-0.0429869122185295,1.24938539551573e-13,0,0,0,0,1,0.673086199299627,0.673086199299627,77.8999461413407,30.6798391350938,1.19176049436648
33.61,0.184179373649469,0.0623896102352203,0.387671328703605,0.0019619765543638,0.0120462850553781,0.0210774451959611,83.7322918735423,0.248773026489805,0.0774932567314672,0.00195423401904613,-0.0141539254717964,0.69876262533361,-0.00894272488491733,-10.6244359909774,-2.05850974727246e-14,-0.0429869122185295,1.24938539551573e-13,0,0,0,0,1,0.673086199299627,0.673086199299627,77.8930569424285,30.697946479599,1.18510104857483
33.62,0.184213299152578,0.0624694325470063,0.38790107042637,0.00195645685194608,0.0120474596726685,0.0210816326858233,83.7324170050638,0.248773364378025,0.0774931392609732,0.00195854385743214,-0.0140743664457607,0.698758295513071,-0.00897923075582148,-10.6244701817679,-2.05850974727246e-14,-0.0429869122185295,1.24938539551573e-13,0,0,0,0,1,0.673086199299627,0.673086199299627,77.8861545915737,30.7160520793177,1.17844181359679
33.63,0.184247190802199,0.0625492508576853,0.388130859366698,0.00195095546294887,0.0120486125532078,0.0210858152693664,83.7325342810151,0.248773679117786,0.0774930239012468,0.00196284110425807,-0.0139948118045687,0.698754116248104,-0.00901562774736776,-10.6245024584964,-2.05850974727246e-14,-0.0429869122185295,1.24938539551573e-13,0,0,0,0,1,0.673086199299627,0.673086199299627,77.8792390934905,30.7341559244788,1.17178280843543
33.64,0.184281048782027,0.0626290649673825,0.388360695435731,0.00194547231316418,0.0120497437251718,0.0210899929830521,83.732643704585,0.248773970718565,0.0774929106493136,0.00196712581537151,-0.0139152617516905,0.698750087452113,-0.00905191629852597,-10.6245328217145,-2.05850974727246e-14,-0.0429869122185295,1.24938539551573e-13,0,0,0,0,1,0.673086199299627,0.673086199299627,77.8723104529168,30.752258005336,1.16512405209014
33.65,0.184314873274974,0.0627088746764027,0.38859057854501,0.00194000732871788,0.0120508532163431,0.021094165863142,83.7327452789812,0.248774239189894,0.0774927995023714,0.00197139804635814,-0.0138357164905588,0.698746209040722,-0.00908809684635526,-10.6245612719975,-2.05850974727246e-14,-0.0429869122185295,1.24938539551573e-13,0,0,0,0,1,0.673086199299627,0.673086199299627,77.8653686746144,30.7703583121675,1.15846556355632
33.66,0.184348664463174,0.0627886797852275,0.388820508606477,0.00193456043606804,0.0120519410541082,0.0210983339457,83.7328390074306,0.248774484541363,0.0774926904577846,0.00197565785254333,-0.0137561762245657,0.698742480931681,-0.0091241698260128,-10.6245878099436,-2.05850974727246e-14,-0.0429869122185295,1.24938539551573e-13,0,0,0,0,1,0.673086199299627,0.673086199299627,77.8584137633685,30.7884568352758,1.15180736182518
33.67,0.184382422527983,0.0628684800945115,0.389050485532466,0.00192913156200319,0.0120530072654559,0.021102497266593,83.732924893179,0.248774706782616,0.0774925835130776,0.00197990528899364,-0.0136766411570607,0.698738903044772,-0.00916013567076334,-10.6246124361732,-2.05850974727246e-14,-0.0429869122185295,1.24938539551573e-13,0,0,0,0,1,0.673086199299627,0.673086199299627,77.851445723988,30.8065535649883,1.14514946588347
33.68,0.184416147649984,0.0629482754050787,0.389280509235704,0.00192372063364062,0.0120540518769753,0.021106655861493,83.7330029394912,0.248774905923355,0.0774924786659287,0.00198414041051836,-0.0135971114913479,0.698735475301718,-0.00919599481199002,-10.6246351513283,-2.05850974727246e-14,-0.0429869122185295,1.24938539551573e-13,0,0,0,0,1,0.673086199299627,0.673086199299627,77.8444645613054,30.8246484916568,1.13849189471327
33.69,0.18444984000899,0.0630280655179192,0.389510579629307,0.00191832757842469,0.0120550749148547,0.0211108097658783,83.733073149651,0.248775081973334,0.0774923759141637,0.001988363271671,-0.0135175874306836,0.698732197626083,-0.00923174767920209,-10.6246559560715,-2.05850974727246e-14,-0.0429869122185295,1.24938539551573e-13,0,0,0,0,1,0.673086199299627,0.673086199299627,77.8374702801766,30.8427416056575,1.13183466729175
33.7,0.184483499784046,0.0631078502341857,0.389740696626777,0.00191295232412516,0.0120560764048813,0.0211149590150352,83.733135526961,0.248775234942366,0.0774922752557503,0.0019925739267508,-0.0134380691782741,0.698729069943196,-0.00926739470004613,-10.6246748510859,-2.05850974727246e-14,-0.0429869122185295,1.24938539551573e-13,0,0,0,0,1,0.673086199299627,0.673086199299627,77.8304628854812,30.8608328973913,1.12517780259097
33.71,0.184517127153436,0.0631876293551898,0.389970860142001,0.00190759479883552,0.0120570563724402,0.0211191036440593,83.7331900747427,0.248775364840317,0.0774921766887914,0.00199677242980419,-0.0133585569372735,0.698726092180048,-0.0093029363003141,-10.6246918370741,-2.05850974727246e-14,-0.0429869122185295,1.24938539551573e-13,0,0,0,0,1,0.673086199299627,0.673086199299627,77.8234423821222,30.8789223572836,1.11852131957763
33.72,0.184550722294682,0.0632674026823986,0.390201070089248,0.00190225493097132,0.0120580148425153,0.0211232436878571,83.7332367963367,0.248775471677111,0.0774920802115199,0.00200095883462626,-0.0132790509107815,0.698723264265207,-0.00933837290395277,-10.6247069147574,-2.05850974727246e-14,-0.0429869122185295,1.24938539551573e-13,0,0,0,0,1,0.673086199299627,0.673086199299627,77.816408775026,30.8970099757845,1.11186523721291
33.73,0.184584285384547,0.0633471700174311,0.390431326383165,0.0018969326492685,0.0120589518396892,0.0211273791811471,83.7332756951023,0.248775555462725,0.0774919858222925,0.00200513319476222,-0.0131995513018411,0.698720586128737,-0.0093737049330728,-10.6247200848754,-2.05850974727246e-14,-0.0429869122185295,1.24938539551573e-13,0,0,0,0,1,0.673086199299627,0.673086199299627,77.8093620691425,30.9150957433683,1.10520957445225
33.74,0.184617816599042,0.0634269311620549,0.390661628938775,0.00189162788278183,0.0120598673881445,0.0211315101584617,83.7333067744176,0.248775616207194,0.0774918935195839,0.00200929556350882,-0.0131200583134369,0.6987180577021,-0.00940893280795935,-10.6247313481854,-2.05850974727246e-14,-0.0429869122185295,1.24938539551573e-13,0,0,0,0,1,0.673086199299627,0.673086199299627,77.8023022694449,30.933179650534,1.09855435024516
33.75,0.184651316113427,0.0635066859181825,0.390891977671476,0.00188634056088318,0.0120607615116651,0.0211356366541485,83.7333300376797,0.248775653920605,0.0774918033019812,0.0020134459939158,-0.0130405721484933,0.698715678918084,-0.00944405694707893,-10.6247407054616,-2.05850974727246e-14,-0.0429869122185295,1.24938539551573e-13,0,0,0,0,1,0.673086199299627,0.673086199299627,77.7952293809298,30.9512616878051,1.09189958353504
33.76,0.184684784102214,0.0635864340878675,0.391122372497036,0.00188107061325997,0.0120616342336376,0.0211397587023713,83.7333454883045,0.248775668613102,0.0774917151681784,0.00201758453878729,-0.0129610930098719,0.698713449710707,-0.00947907776708998,-10.6247481574946,-2.05850974727246e-14,-0.0429869122185295,1.24938539551573e-13,0,0,0,0,1,0.673086199299627,0.673086199299627,77.788143408617,30.9693418457296,1.08524529325896
33.77,0.184718220739168,0.0636661754733018,0.39135281333159,0.00187581796991355,0.0120624855770536,0.0211438763371117,83.7333531297267,0.248775660294886,0.0774916291169707,0.00202171125068318,-0.0128816211003706,0.698711370015145,-0.0095139956828516,-10.6247537050906,-2.05850974727246e-14,-0.0429869122185295,1.24938539551573e-13,0,0,0,0,1,0.673086199299627,0.673086199299627,77.7810443575498,30.98742011488,1.07859149834755
33.78,0.184751626197316,0.0637459098768117,0.391583300091644,0.00187058256115757,0.0120633155645116,0.0211479895921706,83.7333529653996,0.248775628976209,0.0774915451472492,0.00202582618192058,-0.0128021566227216,0.698709439767645,-0.0095488111074319,-10.6247573490713,-2.05850974727246e-14,-0.0429869122185295,1.24938539551573e-13,0,0,0,0,1,0.673086199299627,0.673086199299627,77.7739322327945,31.0054964858533,1.07193821772481
33.79,0.184785000648943,0.0638256371008545,0.391813832694062,0.00186536431761643,0.0120641242182203,0.0211520985011694,83.7333449987956,0.248775574667383,0.0774914632579957,0.00202992938457512,-0.0127226997795891,0.69870765890545,-0.00958352445211713,-10.6247590902726,-2.05850974727246e-14,-0.0429869122185295,1.24938539551573e-13,0,0,0,0,1,0.673086199299627,0.673086199299627,77.7668070394409,31.023570949271,1.06528547030791
33.8,0.184818344265601,0.0639053569480149,0.392044411056073,0.00186016317022367,0.012064911560001,0.0211562030975513,83.7333292334056,0.248775497378771,0.0774913834482774,0.00203402091048236,-0.012643250773569,0.698706027366711,-0.00961813612642036,-10.6247589295448,-2.05850974727246e-14,-0.0429869122185295,1.24938539551573e-13,0,0,0,0,1,0.673086199299627,0.673086199299627,77.7596687826017,31.0416434957788,1.05863327500709
33.81,0.184851657218107,0.0639850692210021,0.392275035095262,0.0018549790502204,0.0120656776112911,0.0211603034145826,83.7333056727392,0.248775397120793,0.0774913057172416,0.00203810081123911,-0.0125638098071862,0.698704545090427,-0.00965264653809063,-10.6247568677514,-2.05850974727246e-14,-0.0429869122185295,1.24938539551573e-13,0,0,0,0,1,0.673086199299627,0.673086199299627,77.7525174674129,31.0597141160472,1.05198165072545
33.82,0.184884939676552,0.0640647737226462,0.392505704729572,0.00184981188915376,0.0120664223931477,0.0211643994853539,83.733274320325,0.248775273903924,0.0774912300641109,0.00204216913820481,-0.0124843770828937,0.69870321201635,-0.00968705609312092,-10.624752905769,-2.05850974727246e-14,-0.0429869122185295,1.24938539551573e-13,0,0,0,0,1,0.673086199299627,0.673086199299627,77.7453530990336,31.0777828007709,1.04533061635887
33.83,0.184918191810296,0.0641444702558945,0.392736419877299,0.00184466161887535,0.0120671459262513,0.0211684913427815,83.7332351797101,0.248775127738693,0.0774911564881783,0.00204622594250282,-0.0124049528030714,0.698702028084929,-0.00972136519575724,-10.6247470444864,-2.05850974727246e-14,-0.0429869122185295,1.24938539551573e-13,0,0,0,0,1,0.673086199299627,0.673086199299627,77.7381756826461,31.0958495406692,1.03868019079582
33.84,0.18495141378798,0.0642241586238089,0.39296718045709,0.00183952817153968,0.0120678482309099,0.0211725790196089,83.7331882544602,0.248774958635684,0.0774910849888023,0.00205027127502175,-0.0123255371700241,0.698700993237227,-0.00975557424850667,-10.6247392848044,-2.05850974727246e-14,-0.0429869122185295,1.24938539551573e-13,0,0,0,0,1,0.673086199299627,0.673086199299627,77.7309852234557,31.1139143264856,1.03203039291725
33.85,0.184984605777521,0.0643038386295622,0.39319798638794,0.00183441147960266,0.0120685293270633,0.0211766625484073,83.7331335481599,0.248774766605537,0.077491015565402,0.00205430518641677,-0.0122461303859811,0.698700107414853,-0.00978968365214678,-10.6247296276351,-2.05850974727246e-14,-0.0429869122185295,1.24938539551573e-13,0,0,0,0,1,0.673086199299627,0.673086199299627,77.7237817266906,31.1319771489881,1.02538124159644
33.86,0.185017767946119,0.0643835100764349,0.393428837589193,0.00182931147582003,0.0120691892342878,0.0211807419615776,83.7330710644122,0.248774551658945,0.077490948217453,0.00205832772711091,-0.0121667326530944,0.698699370559892,-0.00982369380573254,-10.6247180739016,-2.05850974727246e-14,-0.0429869122185295,1.24938539551573e-13,0,0,0,0,1,0.673086199299627,0.673086199299627,77.7165651976023,31.150037998969,1.0187327556989
33.87,0.185050900460262,0.0644631727678122,0.393659733980536,0.0018242280932459,0.0120698279718006,0.0211848172913512,83.733000806839,0.248774313806657,0.0774908829444824,0.00206233894729632,-0.0120873441734377,0.698698782614843,-0.0098576051066062,-10.624704624537,-2.05850974727246e-14,-0.0429869122185295,1.24938539551573e-13,0,0,0,0,1,0.673086199299627,0.673086199299627,77.7093356414649,31.168096867245,1.01208495408225
33.88,0.185084003485723,0.0645428265071808,0.393890675481995,0.00181916126523121,0.0120704455584652,0.0211888885697913,83.7329227790806,0.248774053059477,0.0774908197460647,0.00206633889693555,-0.0120079651490054,0.698698343522544,-0.00989141795040487,-10.6246892804847,-2.05850974727246e-14,-0.0429869122185295,1.24938539551573e-13,0,0,0,0,1,0.673086199299627,0.673086199299627,77.7020930635759,31.1861537446572,1.00543785559607
33.89,0.185117077187568,0.064622471098126,0.394121662013941,0.00181411092542221,0.0120710420127966,0.0211929558287941,83.7328369847959,0.248773769428261,0.0774907586218171,0.00207032762576285,-0.0119285957817117,0.698698053226117,-0.00992513273106852,-10.6246720426973,-2.05850974727246e-14,-0.0429869122185295,1.24938539551573e-13,0,0,0,0,1,0.673086199299627,0.673086199299627,77.6948374692553,31.2042086220709,0.998791479081835
33.9,0.185150121730157,0.0647021063443283,0.394352693497077,0.00180907700775901,0.0120716173529662,0.0211970191000899,83.7327434276626,0.248773462923923,0.0774906995713961,0.00207430518328535,-0.011849236273389,0.698697911668895,-0.00995874984084839,-10.6246529121364,-2.05850974727246e-14,-0.0429869122185295,1.24938539551573e-13,0,0,0,0,1,0.673086199299627,0.673086199299627,77.6875688638463,31.2222614903757,0.992145843372774
33.91,0.185183137277145,0.0647817320495608,0.394583769852444,0.00180405944647407,0.0120721715968077,0.0212010784152443,83.7326421113767,0.248773133557429,0.0774906425944924,0.00207827161878437,-0.011769886825788,0.69869791879437,-0.00999226967031609,-10.6246318897721,-2.05850974727246e-14,-0.0429869122185295,1.24938539551573e-13,0,0,0,0,1,0.673086199299627,0.673086199299627,77.6802872527147,31.2403123404855,0.985500967293794
33.92,0.185216123991491,0.0648613480176861,0.394814891001414,0.00179905817609074,0.0120727047618229,0.0212051338056594,83.7325330396529,0.248772781339801,0.077490587690828,0.00208222698131661,-0.011690547640576,0.698698074546129,-0.0100256926083701,-10.6246089765828,-2.05850974727246e-14,-0.0429869122185295,1.24938539551573e-13,0,0,0,0,1,0.673086199299627,0.673086199299627,77.6729926412493,31.2583611633384,0.97885686966137
33.93,0.185249082035452,0.0649409540526535,0.39504605686569,0.00179407313142179,0.0120732168651873,0.0212091853025748,83.7324162162244,0.248772406282114,0.0774905348601514,0.00208617131971537,-0.0116112189193364,0.698698378867794,-0.0100590190422441,-10.6245841735543,-2.05850974727246e-14,-0.0429869122185295,1.24938539551573e-13,0,0,0,0,1,0.673086199299627,0.673086199299627,77.6656850348618,31.2764079498969,0.972213569283461
33.94,0.185282011570595,0.0650205499584963,0.395277267367305,0.00178910424756796,0.0120737079237563,0.0212132329370687,83.7322916448428,0.248772008395499,0.0774904841022343,0.00209010468259178,-0.0115319008635677,0.698698831702969,-0.0100922493575159,-10.6245574816799,-2.05850974727246e-14,-0.0429869122185295,1.24938539551573e-13,0,0,0,0,1,0.673086199299627,0.673086199299627,77.6583644389865,31.2944526911476,0.965571084959412
33.95,0.185314912757791,0.0651001355393286,0.395508522428613,0.00178415145991648,0.0120741779540713,0.0212172767400593,83.7321593292785,0.24877158769114,0.0774904354168682,0.00209402711833599,-0.0114525936746834,0.698699432995187,-0.0101253839381156,-10.6245289019598,-2.05850974727246e-14,-0.0429869122185295,1.24938539551573e-13,0,0,0,0,1,0.673086199299627,0.673086199299627,77.6510308590804,31.3124953781011,0.958929435479877
33.96,0.185347785757225,0.0651797105993433,0.395739821972298,0.00177921470413967,0.0120746269723658,0.0212213167423055,83.7320192733201,0.248771144180275,0.0774903888038602,0.00209793867511836,-0.0113732975540105,0.698700182687851,-0.0101584231663306,-10.6244984354006,-2.05850974727246e-14,-0.0429869122185295,1.24938539551573e-13,0,0,0,0,1,0.673086199299627,0.673086199299627,77.6436843006234,31.3305360017924,0.952288639626739
33.97,0.185380630728395,0.0652592749428091,0.395971165921362,0.00177429391619351,0.0120750549945721,0.0212253529744083,83.7318714807747,0.248770677874199,0.0774903442630301,0.00210183940089064,-0.0112940127027894,0.698701080724186,-0.0101913674228177,-10.6244660830151,-2.05850974727246e-14,-0.0429869122185295,1.24938539551573e-13,0,0,0,0,1,0.673086199299627,0.673086199299627,77.6363247691181,31.3485745532807,0.945648716173024
33.98,0.185413447830117,0.0653388283740677,0.396202554199126,0.00176938903231616,0.0120754620363277,0.0212293854668116,83.731715955468,0.248770188784257,0.0774903017942069,0.00210572934338716,-0.0112147393221732,0.698702127047188,-0.0102242170866069,-10.624431845822,-2.05850974727246e-14,-0.0429869122185295,1.24938539551573e-13,0,0,0,0,1,0.673086199299627,0.673086199299627,77.6289522700896,31.366611023649,0.939009683882842
33.99,0.185446237220525,0.0654183706975319,0.396433986729231,0.00176449998902661,0.0120758481129815,0.0212334142498034,83.7315527012439,0.248769676921851,0.0774902613972256,0.00210960855012593,-0.0111354776132271,0.69870332159958,-0.0102569725351124,-10.6243957248452,-2.05850974727246e-14,-0.0429869122185295,1.24938539551573e-13,0,0,0,0,1,0.673086199299627,0.673086199299627,77.6215668090857,31.3846454040046,0.932371561511307
34,0.185478999057075,0.0654979017176825,0.396665463435631,0.00175962672312325,0.0120762132396013,0.0212374393535169,83.731381721965,0.248769142298436,0.077490223071924,0.0021134770684099,-0.0110562277769279,0.698704664323754,-0.0102896341441374,-10.624357721114,-2.05850974727246e-14,-0.0429869122185295,1.24938539551573e-13,0,0,0,0,1,0.673086199299627,0.673086199299627,77.614168391677,31.402677685479,0.925734367804471
34.01,0.18551173349655,0.0655774212390664,0.396896984242596,0.00175476917168243,0.0120765574309795,0.0212414608079314,83.731203021512,0.248768584925522,0.0774901868181399,0.00211733494532797,-0.0109769900141635,0.698706155161738,-0.0103222022878839,-10.6243178356623,-2.05850974727246e-14,-0.0429869122185295,1.24938539551573e-13,0,0,0,0,1,0.673086199299627,0.673086199299627,77.6067570234565,31.4207078592274,0.919098121499267
34.02,0.185544440695059,0.0656569290662943,0.397128549074704,0.00174992727205714,0.0120768807016408,0.0212454786428734,83.7310166037843,0.248768004814671,0.0774901526357079,0.00212118222775626,-0.0108977645257326,0.698707794055147,-0.0103546773389593,-10.6242760695286,-2.05850974727246e-14,-0.0429869122185295,1.24938539551573e-13,0,0,0,0,1,0.673086199299627,0.673086199299627,77.5993327100397,31.4387359164292,0.912462841323443
34.03,0.185577120808042,0.0657364250040379,0.397360157856844,0.00174510096187559,0.0120771830658486,0.0212494928880176,83.7308224726994,0.248767401977501,0.0774901205244567,0.00212501896235912,-0.0108185515123442,0.698709580945138,-0.0103870596683835,-10.6242324237556,-2.05850974727246e-14,-0.0429869122185295,1.24938539551573e-13,0,0,0,0,1,0.673086199299627,0.673086199299627,77.5918954570648,31.4567618482879,0.905828545995512
34.04,0.185609773990272,0.0658159088570286,0.397591810514212,0.00174029017903982,0.0120774645376122,0.0212535035728877,83.7306206321934,0.248766776425684,0.0774900904842068,0.00212884519559033,-0.0107393511746172,0.698711515772375,-0.0104193496455973,-10.6241868993899,-2.05850974727246e-14,-0.0429869122185295,1.24938539551573e-13,0,0,0,0,1,0.673086199299627,0.673086199299627,77.5844452701924,31.4747856460307,0.899195254224694
34.05,0.185642400395858,0.0658953804300544,0.397823506972311,0.00173549486172435,0.0120777251306935,0.0212575107268579,83.7304110862204,0.248766128170943,0.0774900625147673,0.00213266097369414,-0.0106601637130801,0.698713598476989,-0.0104515476384699,-10.6241394974817,-2.05850974727246e-14,-0.0429869122185295,1.24938539551573e-13,0,0,0,0,1,0.673086199299627,0.673086199299627,77.5769821551058,31.4928073009089,0.892562984710861
34.06,0.185675000178249,0.0659748395279587,0.398055247156944,0.00173071494837484,0.0120779648586143,0.0212615143791532,83.7301938387531,0.248765457225058,0.0774900366159336,0.00213646634270642,-0.0105809893281708,0.698715828998534,-0.0104836540133048,-10.6240902190845,-2.05850974727246e-14,-0.0429869122185295,1.24938539551573e-13,0,0,0,0,1,0.673086199299627,0.673086199299627,77.5695061175104,31.5108268041977,0.885931756144497
34.07,0.185707573490231,0.0660542859556379,0.398287030994217,0.00172595037770671,0.0120781837346629,0.0212655145588511,83.7299688937825,0.248764763599862,0.0774900127874854,0.00214026134845574,-0.0105018282202361,0.698718207275963,-0.0105156691348489,-10.6240390652552,-2.05850974727246e-14,-0.0429869122185295,1.24938539551573e-13,0,0,0,0,1,0.673086199299627,0.673086199299627,77.5620171631343,31.5288441471961,0.879301587206647
34.08,0.185740120483938,0.0661337195180395,0.398518858410536,0.00172120108870379,0.0120783817719017,0.0212695112948818,83.7297362553178,0.248764047307239,0.0774899910291839,0.00214404603656443,-0.0104226805895319,0.69872073324758,-0.010547593366299,-10.6239860370532,-2.05850974727246e-14,-0.0429869122185295,1.24938539551573e-13,0,0,0,0,1,0.673086199299627,0.673086199299627,77.5545152977279,31.5468593212271,0.872672496568872
34.09,0.185772641310849,0.0662131400201604,0.398750729332604,0.00171646702061702,0.012078558983174,0.0212735046160298,83.7294959273864,0.248763308359131,0.0774899713407697,0.00214782045244966,-0.0103435466362225,0.698723406851016,-0.0105794270693084,-10.6239311355409,-2.05850974727246e-14,-0.0429869122185295,1.24938539551573e-13,0,0,0,0,1,0.673086199299627,0.673086199299627,77.547000527064,31.5648723176374,0.866044502893216
34.1,0.185805136121792,0.0662925472670451,0.398982643687421,0.0017117481129631,0.0120787153811109,0.0212774945509344,83.7292479140341,0.24876254676753,0.0774899537219609,0.00215158464132453,-0.0102644265603806,0.698726228023196,-0.0106111706039948,-10.6238743617828,-2.05850974727246e-14,-0.0429869122185295,1.24938539551573e-13,0,0,0,0,1,0.673086199299627,0.673086199299627,77.5394728569378,31.5828831277975,0.859417624832156
34.11,0.185837605066945,0.0663719410637837,0.399214601402277,0.00170704430552317,0.0120788509781387,0.0212814811280909,83.728992219325,0.248761762544484,0.0774899381724511,0.0021553386481991,-0.0101853205619873,0.698729196700306,-0.0106428243289487,-10.623815716846,-2.05850974727246e-14,-0.0429869122185295,1.24938539551573e-13,0,0,0,0,1,0.673086199299627,0.673086199299627,77.5319322931668,31.6008917431016,0.85279188102858
34.12,0.185870048295845,0.0664513212155108,0.399446602404759,0.00170235553834148,0.0120789657864857,0.0212854643758512,83.7287288473412,0.248760955702093,0.0774899246919072,0.00215908251788145,-0.0101062288409317,0.698732312817767,-0.0106743886012369,-10.6237552017993,-2.05850974727246e-14,-0.0429869122185295,1.24938539551573e-13,0,0,0,0,1,0.673086199299627,0.673086199299627,77.5243788415908,31.6188981549679,0.846167290115734
34.13,0.185902465957379,0.0665306875274035,0.399678646622742,0.00169768175172415,0.0120790598181896,0.0212894443224251,83.7284578021832,0.248760126252511,0.0774899132799679,0.00216281629497871,-0.010027151597011,0.698735576310205,-0.0107058637764138,-10.6236928177134,-2.05850974727246e-14,-0.0429869122185295,1.24938539551573e-13,0,0,0,0,1,0.673086199299627,0.673086199299627,77.5168125080718,31.636902354838,0.839543870717214
34.14,0.1859348581998,0.0666100398046799,0.399910733984389,0.00169302288623779,0.0120791330851041,0.0212934209958811,83.7281790879696,0.248759274207945,0.0774899039362418,0.00216654002389812,-0.00994808902993027,0.698738987111432,-0.0107372502085258,-10.6236285656608,-2.05850974727246e-14,-0.0429869122185295,1.24938539551573e-13,0,0,0,0,1,0.673086199299627,0.673086199299627,77.5092332984943,31.6549043341773,0.832921641446904
34.15,0.18596722517072,0.0666893778525982,0.400142864418149,0.00168837888270827,0.0120791855989062,0.0212973944241468,83.7278927088373,0.248758399580657,0.0774898966603058,0.00217025374884801,-0.00986904133930257,0.698742545154409,-0.010768548250118,-10.6235624467154,-2.05850974727246e-14,-0.0429869122185295,1.24938539551573e-13,0,0,0,0,1,0.673086199299627,0.673086199299627,77.5016412187646,31.6729040844749,0.826300620908982
34.16,0.185999567017114,0.0667687014764544,0.40037503785276,0.0016837496822194,0.0120792173711031,0.0213013646350107,83.7275986689413,0.24875750238296,0.0774898914517035,0.00217395751383887,-0.0097900087246486,0.698746250371233,-0.0107997582522432,-10.6234944619523,-2.05850974727246e-14,-0.0429869122185295,1.24938539551573e-13,0,0,0,0,1,0.673086199299627,0.673086199299627,77.4940362748117,31.6909015972436,0.81968082769786
34.17,0.186031883885326,0.0668480104815819,0.400607254217239,0.0016791352261117,0.012079228413039,0.0213053316561221,83.7272969724547,0.248756582627222,0.0774898883099439,0.00217765136268432,-0.00971099138539698,0.698750102693114,-0.0108308805644669,-10.623424612448,-2.05850974727246e-14,-0.0429869122185295,1.24938539551573e-13,0,0,0,0,1,0.673086199299627,0.673086199299627,77.4864184725865,31.7088968640195,0.813062280398185
34.18,0.18606417592107,0.0669273046733497,0.400839513440886,0.00167453545598108,0.0120792187359024,0.0213092955149927,83.7269876235688,0.248755640325863,0.0774898872344999,0.00218133533900212,-0.009631989520884,0.698754102050351,-0.0108619155348752,-10.6233528992799,-2.05850974727246e-14,-0.0429869122185295,1.24938539551573e-13,0,0,0,0,1,0.673086199299627,0.673086199299627,77.478787818062,31.7268898763625,0.806444997584797
34.19,0.186096443269431,0.0670065838571616,0.401071815453281,0.00166995031367763,0.0120791883507325,0.0213132562389971,83.726670626493,0.248754675491358,0.0774898882248071,0.0021850094862152,-0.00955300333035374,0.698758248372313,-0.0108928635100805,-10.6232793235264,-2.05850974727246e-14,-0.0429869122185295,1.24938539551573e-13,0,0,0,0,1,0.673086199299627,0.673086199299627,77.4711443172336,31.7448806258561,0.799828997822714
34.2,0.186128686074869,0.0670858478384546,0.401304160184284,0.00166537974130434,0.0120791372684262,0.0213172138553735,83.7263459854548,0.248753688136233,0.0774898912802625,0.0021886738475526,-0.00947403301295814,0.698762541587422,-0.0109237248352296,-10.6232038862665,-2.05850974727246e-14,-0.0429869122185295,1.24938539551573e-13,0,0,0,0,1,0.673086199299627,0.673086199299627,77.4634879761185,31.7628691041069,0.793214299667116
34.21,0.18616090448122,0.0671650964226986,0.401536547564029,0.00166082368121586,0.0120790654997448,0.0213211683912252,83.7260137046999,0.248752678273069,0.0774898964002233,0.00219232846605046,-0.00939507876775682,0.698766981623139,-0.0109544998540096,-10.62312658858,-2.05850974727246e-14,-0.0429869122185295,1.24938539551573e-13,0,0,0,0,1,0.673086199299627,0.673086199299627,77.4558188007562,31.7808553027455,0.786600921663305
34.22,0.186193098631702,0.0672443294153945,0.401768977522926,0.00165628207601727,0.0120789730553209,0.0213251198735205,83.7256737884919,0.248751645914499,0.0774899035840062,0.00219597338455301,-0.00931614079371732,0.698771568405941,-0.0109851889086545,-10.6230474315474,-2.05850974727246e-14,-0.0429869122185295,1.24938539551573e-13,0,0,0,0,1,0.673086199299627,0.673086199299627,77.4481367972083,31.7988392134255,0.779988882346705
34.23,0.186225268668912,0.0673235466220742,0.402001449991658,0.00165175486856287,0.0120788599456647,0.0213290683290944,83.7253262411127,0.248750591073208,0.0774899128308861,0.00219960864571355,-0.00923721928971521,0.698776301861314,-0.0110157923399518,-10.6229664162493,-2.05850974727246e-14,-0.0429869122185295,1.24938539551573e-13,0,0,0,0,1,0.673086199299627,0.673086199299627,77.4404419715582,31.8168208278243,0.773378200242851
34.24,0.186257414734834,0.0674027478482991,0.402233964901182,0.00164724200195489,0.0120787261811705,0.0213330137846487,83.724971066862,0.248749513761938,0.0774899241400952,0.00220323429199535,-0.00915831445453382,0.698781181913736,-0.0110463104872502,-10.622883543767,-2.05850974727246e-14,-0.0429869122185295,1.24938539551573e-13,0,0,0,0,1,0.673086199299627,0.673086199299627,77.4327343299114,31.8348001376423,0.766768893867335
34.25,0.186289536970837,0.0674819328996596,0.402466522182723,0.00164274341954236,0.0120785717721237,0.0213369562667533,83.7246082700577,0.248748413993479,0.0774899375108224,0.00220685036567267,-0.00907942648686471,0.698786208486664,-0.0110767436884646,-10.622798815182,-2.05850974727246e-14,-0.0429869122185295,1.24938539551573e-13,0,0,0,0,1,0.673086199299627,0.673086199299627,77.4250138783956,31.8527771346035,0.76016098172583
34.26,0.186321635517679,0.0675611015817745,0.402699121767776,0.00163825906491987,0.0120783967287067,0.0213408958018467,83.7242378550356,0.248747291780676,0.0774899529422125,0.00221045690883167,-0.00900055558530749,0.698791381502526,-0.0111070922800824,-10.622712231576,-2.05850974727246e-14,-0.0429869122185295,1.24938539551573e-13,0,0,0,0,1,0.673086199299627,0.673086199299627,77.4172806231601,31.8707518104552,0.753554482314053
34.27,0.186353710515513,0.0676402537002898,0.402931763588102,0.00163378888192633,0.0120782010610052,0.0213448324162372,83.7238598261496,0.248746147136429,0.0774899704333654,0.00221405396337133,-0.00892170194837008,0.698796700882709,-0.0111373565971724,-10.6226237940309,-2.05850974727246e-14,-0.0429869122185295,1.24938539551573e-13,0,0,0,0,1,0.673086199299627,0.673086199299627,77.4095345703765,31.888724156968,0.746949414117758
34.28,0.186385762103883,0.0677193890608788,0.403164447575729,0.00162933281464386,0.0120779847790148,0.0213487661361029,83.7234741877717,0.248744980073687,0.0774899899833356,0.00221764157100444,-0.00884286577446869,0.698802166547548,-0.0111675369733886,-10.6225335036286,-2.05850974727246e-14,-0.0429869122185295,1.24938539551573e-13,0,0,0,0,1,0.673086199299627,0.673086199299627,77.401775726238,31.9066941659355,0.740345795612716
34.29,0.186417790421729,0.0677985074692409,0.40339717366295,0.00162489080739652,0.0120777478926471,0.0213526969874933,83.7230809442915,0.248743790605454,0.0774900115911315,0.00222121977325846,-0.00876404726192795,0.698807778416322,-0.0111976337409778,-10.6224413614511,-2.05850974727246e-14,-0.0429869122185295,1.24938539551573e-13,0,0,0,0,1,0.673086199299627,0.673086199299627,77.3940040969598,31.924661829175,0.733743645264704
34.3,0.186449795607393,0.0678776087311019,0.403629941782319,0.0016204628047492,0.0120774904117351,0.0213566249963297,83.722680100117,0.248742578744787,0.0774900352557154,0.00222478861147649,-0.0086852466089811,0.698813536407247,-0.0112276472307858,-10.6223473685806,-2.05850974727246e-14,-0.0429869122185295,1.24938539551573e-13,0,0,0,0,1,0.673086199299627,0.673086199299627,77.3862196887792,31.9426271385266,0.727142981529497
34.31,0.186481777798615,0.0679566926522126,0.403862751866653,0.00161604875150641,0.0120772123460403,0.021360550188406,83.7222716596739,0.248741344504794,0.0774900609760024,0.00222834812681814,-0.00860646401377,0.698819440437462,-0.0112575777722635,-10.622251526099,-2.05850974727246e-14,-0.0429869122185295,1.24938539551573e-13,0,0,0,0,1,0.673086199299627,0.673086199299627,77.378422507955,31.9605900858538,0.720543822852846
34.32,0.186513737132541,0.0680357590383491,0.404095603849028,0.00161164859271113,0.0120769137052575,0.0213644725893892,83.7218556274058,0.248740087898638,0.0774900887508607,0.00223189836026047,-0.00852769967434538,0.698825490423037,-0.0112874256934734,-10.6221538350882,-2.05850974727246e-14,-0.0429869122185295,1.24938539551573e-13,0,0,0,0,1,0.673086199299627,0.673086199299627,77.370612560768,31.9785506630431,0.713946187670476
34.33,0.186545673745721,0.0681148076953125,0.404328497662779,0.00160726227364366,0.0120765944990212,0.0213683922248207,83.7214320077744,0.248738808939531,0.0774901185791108,0.00223543935259888,-0.00844895378866681,0.698831686278959,-0.0113171913210957,-10.6220542966302,-2.05850974727246e-14,-0.0429869122185295,1.24938539551573e-13,0,0,0,0,1,0.673086199299627,0.673086199299627,77.3627898535208,31.9965088620042,0.707350094408066
34.34,0.186577587774116,0.0681938384289283,0.404561433241499,0.00160288973982044,0.0120762547369111,0.0213723091201166,83.7210008052592,0.248737507640742,0.0774901504595256,0.00223897114444797,-0.00837022655460294,0.69883802791913,-0.0113468749804346,-10.6219529118066,-2.05850974727246e-14,-0.0429869122185295,1.24938539551573e-13,0,0,0,0,1,0.673086199299627,0.673086199299627,77.3549543925376,32.01446467467,0.700755561481238
34.35,0.186609479353094,0.0682728510450463,0.404794410519036,0.00159853093699296,0.0120758944284577,0.0213762233005685,83.7205620243576,0.24873618401559,0.0774901843908301,0.00224249377624249,-0.00829151816993158,0.69884451525637,-0.0113764769954236,-10.6218496816992,-2.05850974727246e-14,-0.0429869122185295,1.24938539551573e-13,0,0,0,0,1,0.673086199299627,0.673086199299627,77.3471061841646,32.0324180929962,0.694162607295551
34.36,0.18664134861744,0.0683518453495406,0.405027429429493,0.00159418581114658,0.0120755135831476,0.0213801347913443,83.7201156695849,0.248734838077446,0.0774902203717016,0.00224600728823816,-0.00821282883233991,0.698851148202411,-0.0114059976886336,-10.6217446073894,-2.05850974727246e-14,-0.0429869122185295,1.24938539551573e-13,0,0,0,0,1,0.673086199299627,0.673086199299627,77.3392452347696,32.0503691089616,0.687571250246489
34.37,0.18667319570135,0.0684308211483093,0.405260489907225,0.00158985430849943,0.0120751122104293,0.021384043617489,83.7196617454742,0.248733469839734,0.0774902584007689,0.00224951172051257,-0.00813415873942447,0.698857926667896,-0.011435437381277,-10.6216376899587,-2.05850974727246e-14,-0.0429869122185295,1.24938539551573e-13,0,0,0,0,1,0.673086199299627,0.673086199299627,77.331371550742,32.0683177145682,0.680981508719444
34.38,0.18670502073844,0.0685097782472746,0.405493591886842,0.00158553637550127,0.0120746903197178,0.0213879498039252,83.7192002565764,0.248732079315932,0.077490298476613,0.00225300711296606,-0.0080555080886914,0.698864850562377,-0.0114647963932141,-10.6215289304884,-2.05850974727246e-14,-0.0429869122185295,1.24938539551573e-13,0,0,0,0,1,0.673086199299627,0.673086199299627,77.323485138493,32.0862639018407,0.674393401089709
34.39,0.186736823861747,0.0685887164523827,0.4057267353032,0.00158123195883239,0.0120742479204005,0.021391853375454,83.7187312074605,0.248730666519568,0.0774903405977671,0.00225649350532255,-0.0079768770775565,0.698871919794328,-0.0114940750429603,-10.6214183300597,-2.05850974727246e-14,-0.0429869122185295,1.24938539551573e-13,0,0,0,0,1,0.673086199299627,0.673086199299627,77.3155860044554,32.1042076628269,0.667806945722462
34.4,0.186768605203727,0.068667635569604,0.405959920091408,0.00157694100540249,0.0120737850218416,0.0213957543567555,83.718254602713,0.248729231464224,0.0774903847627161,0.00225997093713044,-0.0078982659033454,0.698879134271129,-0.0115232736476912,-10.6213058897538,-2.05850974727246e-14,-0.0429869122185295,1.24938539551573e-13,0,0,0,0,1,0.673086199299627,0.673086199299627,77.3076741550838,32.1221489895975,0.661222160972761
34.41,0.186800364896262,0.068746535404933,0.406193146186823,0.0015726634623496,0.0120733016333874,0.0213996527723898,83.7177704469384,0.248727774163533,0.0774904309698975,0.00226343944776342,-0.00781967476329367,0.698886493899081,-0.0115523925232479,-10.6211916106515,-2.05850974727246e-14,-0.0429869122185295,1.24938539551573e-13,0,0,0,0,1,0.673086199299627,0.673086199299627,77.2997495968541,32.140087874246,0.654639065185529
34.42,0.186832103070662,0.0688254157643886,0.406426413525047,0.00156839927703896,0.0120727977643711,0.0214035486467972,83.7172787447589,0.24872629463118,0.0774904792177009,0.00226689907642132,-0.007741103854547,0.698893998583405,-0.0115814319841436,-10.6210754938341,-2.05850974727246e-14,-0.0429869122185295,1.24938539551573e-13,0,0,0,0,1,0.673086199299627,0.673086199299627,77.291812336264,32.1580243088888,0.648057676695545
34.43,0.186863819857662,0.068904276454014,0.406659722041928,0.00156414839706197,0.0120722734241174,0.0214074420042995,83.7167795008145,0.248724792880905,0.0774905295044687,0.00227034986213099,-0.00766255337416118,0.698901648228242,-0.0116103923435709,-10.6209575403825,-2.05850974727246e-14,-0.0429869122185295,1.24938539551573e-13,0,0,0,0,1,0.673086199299627,0.673086199299627,77.2838623798326,32.1759582856652,0.641478013827428
34.44,0.186895515387432,0.0689831172798774,0.406893071673559,0.00155991077023508,0.012071728621947,0.0214113328691001,83.716272719763,0.248723268926496,0.0774905818284964,0.00227379184374708,-0.00758402351910234,0.698909442736667,-0.0116392739134037,-10.6208377513778,-2.05850974727246e-14,-0.0429869122185295,1.24938539551573e-13,0,0,0,0,1,0.673086199299627,0.673086199299627,77.2758997341007,32.1938897967371,0.634900094895626
34.45,0.186927189789573,0.0690619380480718,0.407126462356276,0.00155568634459871,0.0120711633671813,0.0214152212652851,83.7157584062798,0.248721722781797,0.0774906361880323,0.00227722505995288,-0.00750551448624703,0.698917382010682,-0.0116680770042076,-10.620716127901,-2.05850974727246e-14,-0.0429869122185295,1.24938539551573e-13,0,0,0,0,1,0.673086199299627,0.673086199299627,77.2679244056304,32.2118188342894,0.628323938204405
34.46,0.186958843193123,0.0691407385647158,0.407359894026658,0.00155147506841623,0.0120705776691468,0.0214191072168236,83.7152365650583,0.248720154460701,0.0774906925812786,0.0022806495492612,-0.00742702647238223,0.698925465951229,-0.0116968019252421,-10.6205926710334,-2.05850974727246e-14,-0.0429869122185295,1.24938539551573e-13,0,0,0,0,1,0.673086199299627,0.673086199299627,77.2599364010055,32.2297453905295,0.62174956204783
34.47,0.186990475726556,0.0692195186359535,0.407593366621522,0.00154727689017286,0.012069971537179,0.0214229907475686,83.7147072008094,0.248718563977154,0.0774907510063914,0.00228406535001508,-0.00734855967420564,0.698933694458198,-0.011725448984469,-10.6204673818563,-2.05850974727246e-14,-0.0429869122185295,1.24938539551573e-13,0,0,0,0,1,0.673086199299627,0.673086199299627,77.2519357268311,32.2476694576877,0.615176984709764
34.48,0.187022087517788,0.0692982780679552,0.407826880077928,0.00154309175857462,0.012069344980627,0.0214268718812577,83.7141703182617,0.248716951345156,0.0774908114614811,0.0022874725003887,-0.0072701142883256,0.698942067430423,-0.0117540184885558,-10.6203402614513,-2.05850974727246e-14,-0.0429869122185295,1.24938539551573e-13,0,0,0,0,1,0.673086199299627,0.673086199299627,77.2439223897338,32.265591028017,0.608606224463844
34.49,0.187053678694174,0.0693770166669175,0.408060434333172,0.00153891962254731,0.0120686980088572,0.0214307506415134,83.7136259221616,0.248715316578756,0.0774908739446129,0.00229087103838813,-0.00719169051126126,0.698950584765702,-0.0117825107428827,-10.6202113109003,-2.05850974727246e-14,-0.0429869122185295,1.24938539551573e-13,0,0,0,0,1,0.673086199299627,0.673086199299627,77.2358963963616,32.2835100937929,0.602037299573467
34.5,0.187085249382517,0.0694557342390644,0.40829402932479,0.00153476043123544,0.0120680306312572,0.0214346270518442,83.7130740172731,0.248713659692055,0.0774909384538075,0.00229426100185217,-0.00711328853944264,0.698959246360796,-0.0118109260515481,-10.6200805312853,-2.05850974727246e-14,-0.0429869122185295,1.24938539551573e-13,0,0,0,0,1,0.673086199299627,0.673086199299627,77.2278577533838,32.3014266473136,0.595470228291778
34.51,0.187116799709065,0.0695344305906471,0.408527664990551,0.00153061413400124,0.0120673428572398,0.0214385011356449,83.7125146083779,0.248711980699209,0.0774910049870413,0.00229764242845308,-0.00703490856921073,0.698968052111439,-0.0118392647173732,-10.619947923689,-2.05850974727246e-14,-0.0429869122185295,1.24938539551573e-13,0,0,0,0,1,0.673086199299627,0.673086199299627,77.2198064674912,32.3193406809,0.588905028861659
34.52,0.187148329799512,0.0696131055279449,0.408761341268462,0.00152648068042357,0.0120666346962467,0.0214423729161973,83.7119477002754,0.248710279614423,0.077491073542247,0.00230101535569744,-0.00695655079681751,0.698977001912348,-0.0118675270419098,-10.6198134891942,-2.05850974727246e-14,-0.0429869122185295,1.24938539551573e-13,0,0,0,0,1,0.673086199299627,0.673086199299627,77.2117425453958,32.3372521868955,0.582341719515703
34.53,0.187179839779007,0.0696917588572659,0.408995058096762,0.00152236002029697,0.0120659061577518,0.0214462424166709,83.7113732977825,0.248708556451953,0.0774911441173144,0.00230437982092691,-0.00687821541842602,0.698986095657234,-0.0118957133254429,-10.6196772288844,-2.05850974727246e-14,-0.0429869122185295,1.24938539551573e-13,0,0,0,0,1,0.673086199299627,0.673086199299627,77.2036659938309,32.355161157666,0.575780318476204
34.54,0.187211329772148,0.0697703903849473,0.409228815413925,0.00151825210363059,0.0120651572512649,0.0214501096601234,83.7107914057337,0.24870681122611,0.0774912167100908,0.00230773586131899,-0.00679990263011047,0.698995333238805,-0.0119238238669986,-10.6195391438437,-2.05850974727246e-14,-0.0429869122185295,1.24938539551573e-13,0,0,0,0,1,0.673086199299627,0.673086199299627,77.1955768195513,32.3730675855999,0.569220843955138
34.55,0.187242799902992,0.0698489999173564,0.409462613158655,0.00151415688064723,0.0120643879863347,0.0214539746695013,83.7102020289812,0.248705043951255,0.0774912913183816,0.00231108351388782,-0.00672161262785621,0.699004714548778,-0.0119518589643485,-10.6193992351567,-2.05850974727246e-14,-0.0429869122185295,1.24938539551573e-13,0,0,0,0,1,0.673086199299627,0.673086199299627,77.1874750293327,32.3909714631083,0.562663314154149
34.56,0.187274250295049,0.0699275872608908,0.409696451269889,0.00151007430178228,0.0120635983725527,0.021457837467641,83.7096051723949,0.248703254641798,0.0774913679399512,0.00231442281548495,-0.00664334560755982,0.699014239477894,-0.0119798189140147,-10.6192575039088,-2.05850974727246e-14,-0.0429869122185295,1.24938539551573e-13,0,0,0,0,1,0.673086199299627,0.673086199299627,77.1793606299724,32.4088727826246,0.556107747264527
34.57,0.18730568107129,0.0700061522219796,0.409930329686792,0.00150600431768282,0.0120627884195555,0.0214616980772684,83.709000840862,0.248701443312205,0.0774914465725232,0.00231775380280007,-0.00656510176502906,0.699023907915922,-0.0120077040112763,-10.6191139511862,-2.05850974727246e-14,-0.0429869122185295,1.24938539551573e-13,0,0,0,0,1,0.673086199299627,0.673086199299627,77.1712336282886,32.4267715366047,0.549554161467185
34.58,0.187337092354149,0.0700846946070839,0.410164248348759,0.00150194687920652,0.0120619581370284,0.0214655565210006,83.7083890392875,0.248699609976992,0.0774915272137818,0.00232107651236181,-0.00648688129598302,0.699033719751676,-0.012035514550174,-10.618968578076,-2.05850974727246e-14,-0.0429869122185295,1.24938539551573e-13,0,0,0,0,1,0.673086199299627,0.673086199299627,77.1630940311208,32.4446677175268,0.543002574932649
34.59,0.187368484265521,0.0701632142226976,0.410398207195412,0.00149790193742074,0.0120611075347079,0.0214694128213457,83.7077697725937,0.248697754650725,0.0774916098613717,0.00232439098053847,-0.00640868439605198,0.699043674873018,-0.0120632508235161,-10.618821385666,-2.05850974727246e-14,-0.0429869122185295,1.24938539551573e-13,0,0,0,0,1,0.673086199299627,0.673086199299627,77.1549418453297,32.4625613178918,0.536453005821031
34.6,0.187399856926766,0.070241710875348,0.4106322061666,0.00149386944360155,0.0120602366223848,0.0214732670007036,83.7071430457207,0.248695877348022,0.0774916945128994,0.00232769724353881,-0.00633051126077743,0.699053773166877,-0.0120909131228829,-10.6186723750454,-2.05850974727246e-14,-0.0429869122185295,1.24938539551573e-13,0,0,0,0,1,0.673086199299627,0.673086199299627,77.1467770777971,32.4804523302226,0.529905472282
34.61,0.187431210458714,0.070320184371597,0.410866245202399,0.0014898493492327,0.0120593454099068,0.0214771190813668,83.7065088636259,0.248693978083555,0.0774917811659338,0.00233099533741272,-0.00625236208561217,0.699064014519258,-0.0121185017386328,-10.6185215473043,-2.05850974727246e-14,-0.0429869122185295,1.24938539551573e-13,0,0,0,0,1,0.673086199299627,0.673086199299627,77.1385997354259,32.4983407470648,0.523359992454777
34.62,0.187462544981664,0.0703986345180417,0.411100324243108,0.00148584160600473,0.0120584339071808,0.0214809690855209,83.7058672312843,0.248692056872043,0.0774918698180068,0.00233428529805202,-0.00617423706592023,0.69907439881525,-0.0121460169599064,-10.618368903534,-2.05850974727246e-14,-0.0429869122185295,1.24938539551573e-13,0,0,0,0,1,0.673086199299627,0.673086199299627,77.1304098251399,32.516226560986,0.516816584468105
34.63,0.187493860615385,0.0704770611213153,0.411334443229251,0.00148184616581396,0.0120575021241757,0.0214848170352449,83.7052181536883,0.24869011372826,0.0774919604666143,0.00233756716119121,-0.00609613639697677,0.699084925939046,-0.0121734590746339,-10.618214444827,-2.05850974727246e-14,-0.0429869122185295,1.24938539551573e-13,0,0,0,0,1,0.673086199299627,0.673086199299627,77.1222073538842,32.5341097645764,0.510275266440216
34.64,0.18752515747912,0.0705554639880879,0.411568602101574,0.00147786298076158,0.0120565500709247,0.021488662952512,83.704561635848,0.24868814866703,0.0774920531092167,0.00234084096240812,-0.00601806027396813,0.699095595773947,-0.0122008283695381,-10.6180581722774,-2.05850974727246e-14,-0.0429869122185295,1.24938539551573e-13,0,0,0,0,1,0.673086199299627,0.673086199299627,77.1139923286248,32.5519903504482,0.503736056478821
34.65,0.18755643569159,0.0706338429250676,0.411802800801046,0.00147389200315268,0.0120555777575272,0.0214925068591901,83.7038976827907,0.248686161703228,0.0774921477432403,0.00234410673712473,-0.00594000889199171,0.699106408202379,-0.01222812513014,-10.6179000869806,-2.05850974727246e-14,-0.0429869122185295,1.24938539551573e-13,0,0,0,0,1,0.673086199299627,0.673086199299627,77.1057647563488,32.569868311236,0.497198972681073
34.66,0.187587695370992,0.0707121977390012,0.412037039268857,0.0014699331854953,0.0120545851941514,0.0214963487770425,83.7032262995612,0.24868415285178,0.0774922443660772,0.00234736452060782,-0.00586198244605594,0.699117363105906,-0.0122553496407651,-10.6177401900335,-2.05850974727246e-14,-0.0429869122185295,1.24938539551573e-13,0,0,0,0,1,0.673086199299627,0.673086199299627,77.0975246440641,32.5877436395967,0.490664033133547
34.67,0.187618936635002,0.0707905282366755,0.412271317446417,0.00146598648049956,0.0120535723910363,0.0215001887277283,83.7025474912218,0.248682122127664,0.0774923429750868,0.00235061434796975,-0.00578398113108026,0.699128460365239,-0.0122825021845474,-10.6175784825346,-2.05850974727246e-14,-0.0429869122185295,1.24938539551573e-13,0,0,0,0,1,0.673086199299627,0.673086199299627,77.0892719987996,32.6056163282092,0.484131255912216
34.68,0.187650159600779,0.0708688342249177,0.412505635275353,0.00146205184107664,0.0120525393584932,0.0215040267328029,83.7018612628522,0.248680069545908,0.0774924435675967,0.0023538562541691,-0.00570600514189492,0.699139699860254,-0.0123095830434348,-10.6174149655844,-2.05850974727246e-14,-0.0429869122185295,1.24938539551573e-13,0,0,0,0,1,0.673086199299627,0.673086199299627,77.0810068276052,32.6234863697747,0.477600659082412
34.69,0.187681364384966,0.0709471155105971,0.412739992697513,0.00145812922033794,0.0120514861069081,0.0215078628137186,83.7011676195493,0.248677995121592,0.0774925461409028,0.00235709027401145,-0.00562805467324095,0.699151081470002,-0.0123365924981939,-10.6172496402849,-2.05850974727246e-14,-0.0429869122185295,1.24938539551573e-13,0,0,0,0,1,0.673086199299627,0.673086199299627,77.0727291375516,32.6413537570166,0.471072260698809
34.7,0.187712551103691,0.0710253719006255,0.412974389654962,0.00145421857159413,0.012050412646743,0.0215116969918252,83.7004665664277,0.248675898869847,0.0774926506922709,0.00236031644215003,-0.00555012991977005,0.699162605072721,-0.0123635308284156,-10.6170825077402,-2.05850974727246e-14,-0.0429869122185295,1.24938539551573e-13,0,0,0,0,1,0.673086199299627,0.673086199299627,77.0644389357303,32.6592184826804,0.464546078805384
34.71,0.18774371987257,0.0711036032019585,0.413208826089979,0.00145031984835423,0.0120493189885381,0.0215155292883707,83.6997581086192,0.248673780805855,0.0774927572189372,0.00236353479308647,-0.00547223107604449,0.699174270545849,-0.0123903983125201,-10.6169135690561,-2.05850974727246e-14,-0.0429869122185295,1.24938539551573e-13,0,0,0,0,1,0.673086199299627,0.673086199299627,77.0561362292537,32.6770805395336,0.458022131435396
34.72,0.18777487080671,0.0711818092215963,0.413443301945062,0.00144643300432474,0.0120482051429126,0.0215193597245013,83.6990422512728,0.248671640944847,0.0774928657181093,0.00236674536117143,-0.00539435833653691,0.699186077766046,-0.01241719522776,-10.6167428253409,-2.05850974727246e-14,-0.0429869122185295,1.24938539551573e-13,0,0,0,0,1,0.673086199299627,0.673086199299627,77.0478210252552,32.6949399203659,0.451500436611342
34.73,0.187806004020706,0.0712599897665852,0.413677817162921,0.00144255799340872,0.0120470711205669,0.0215231883212624,83.6983189995552,0.248669479302109,0.0774929761869668,0.00236994818060536,-0.00531651189563037,0.699198026609192,-0.0124439218502288,-10.6165702777048,-2.05850974727246e-14,-0.0429869122185295,1.24938539551573e-13,0,0,0,0,1,0.673086199299627,0.673086199299627,77.0394933308886,32.7127966179892,0.444981012344947
34.74,0.187837119628651,0.0713381446440182,0.41391237168648,0.00143869476970489,0.0120459169322836,0.0215270150995991,83.6975883586501,0.248667295892973,0.0774930886226624,0.00237314328543914,-0.00523869194761792,0.699210116950415,-0.0124705784548623,-10.6163959272603,-2.05850974727246e-14,-0.0429869122185295,1.24938539551573e-13,0,0,0,0,1,0.673086199299627,0.673086199299627,77.0311531533287,32.7306506252371,0.438463876637102
34.75,0.18786821774413,0.0714162736610364,0.414146965458878,0.00143484328750676,0.0120447425889289,0.0215308400803563,83.6968503337586,0.248665090732825,0.0774932030223226,0.00237633070957479,-0.00516089868670261,0.699222348664094,-0.0124971653154458,-10.6162197751223,-2.05850974727246e-14,-0.0429869122185295,1.24938539551573e-13,0,0,0,0,1,0.673086199299627,0.673086199299627,77.022800499771,32.7485019349656,0.431949047477849
34.76,0.187899298480229,0.0714943766248296,0.414381598423464,0.00143100350130176,0.0120435481014535,0.0215346632842799,83.6961049300992,0.248662863837102,0.0774933193830487,0.00237951048676611,-0.00508313230699737,0.699234721623879,-0.012523682704617,-10.6160418224081,-2.05850974727246e-14,-0.0429869122185295,1.24938539551573e-13,0,0,0,0,1,0.673086199299627,0.673086199299627,77.0144353774316,32.7663505400525,0.425436542846345
34.77,0.187930361949531,0.071572453342638,0.414616270523798,0.00142717536577034,0.0120423334808944,0.0215384847320167,83.6953521529075,0.248660615221289,0.0774934377019176,0.00238268265061942,-0.0050053930025247,0.6992472357027,-0.0125501308938736,-10.6158620702377,-2.05850974727246e-14,-0.0429869122185295,1.24938539551573e-13,0,0,0,0,1,0.673086199299627,0.673086199299627,77.0060577935472,32.7841964333976,0.418926380710822
34.78,0.187961408264121,0.071650503621753,0.414850981703653,0.0014233588357851,0.0120410987383752,0.021542304444115,83.6945920074364,0.248658344900924,0.0774935579759826,0.00238584723459415,-0.00492768096721647,0.699259890772783,-0.0125765101535744,-10.6156805197335,-2.05850974727246e-14,-0.0429869122185295,1.24938539551573e-13,0,0,0,0,1,0.673086199299627,0.673086199299627,76.9976677553754,32.8020396079227,0.412418579028545
34.79,0.187992437535588,0.0717285272695182,0.415085731907008,0.00141955386640994,0.0120398438851075,0.0215461224410254,83.6938244989562,0.248656052891595,0.0774936802022744,0.00238900427200358,-0.00484999639491389,0.699272686705663,-0.0126028207529482,-10.6154971720207,-2.05850974727246e-14,-0.0429869122185295,1.24938539551573e-13,0,0,0,0,1,0.673086199299627,0.673086199299627,76.9892652701942,32.8198800565715,0.405913155745791
34.8,0.188023449875024,0.0718065240933307,0.415320521078053,0.00141576041289922,0.0120385689323915,0.0215499387431012,83.6930496327543,0.248653739208941,0.0774938043778017,0.00239215379601546,-0.00477233947936713,0.699285623372198,-0.012629062960095,-10.6153120282274,-2.05850974727246e-14,-0.0429869122185295,1.24938539551573e-13,0,0,0,0,1,0.673086199299627,0.673086199299627,76.9808503453022,32.8377177723098,0.399410128797799
34.81,0.18805444539303,0.0718844939006421,0.415555349161186,0.00141197843069685,0.0120372738916171,0.0215537533705987,83.6922674141352,0.24865140386865,0.0774939304995523,0.00239529583965267,-0.0046947104142351,0.699298700642581,-0.0126552370419926,-10.6151250894846,-2.05850974727246e-14,-0.0429869122185295,1.24938539551573e-13,0,0,0,0,1,0.673086199299627,0.673086199299627,76.9724229880186,32.8555527481249,0.392909516108726
34.82,0.188085424199717,0.0719624364989599,0.41579021610101,0.00140820787543549,0.0120359587742642,0.0215575663436777,83.6914778484209,0.248649046886461,0.0774940585644938,0.00239843043579389,-0.0046171093930853,0.699311918386351,-0.0126813432645013,-10.6149363569262,-2.05850974727246e-14,-0.0429869122185295,1.24938539551573e-13,0,0,0,0,1,0.673086199299627,0.673086199299627,76.963983205683,32.8733849770265,0.38641133559162
34.83,0.188116386404705,0.0720403516958482,0.416025121842336,0.0014044487029357,0.0120346235919038,0.0215613776824024,83.6906809409502,0.248646668278166,0.0774941885695745,0.00240155761717425,-0.00453953660939352,0.699325276472412,-0.012707381892368,-10.6147458316892,-2.05850974727246e-14,-0.0429869122185295,1.24938539551573e-13,0,0,0,0,1,0.673086199299627,0.673086199299627,76.9555310056557,32.8912144520458,0.379915605148372
34.84,0.188147332117127,0.0721182392989291,0.41626006633018,0.00140070086920508,0.0120332683561982,0.0215651874067413,83.6898766970795,0.248644268059603,0.0774943205117242,0.00240467741638595,-0.00446199225654356,0.699338774769043,-0.0127333531892305,-10.6145535149138,-2.05850974727246e-14,-0.0429869122185295,1.24938539551573e-13,0,0,0,0,1,0.673086199299627,0.673086199299627,76.9470663953172,32.9090411662359,0.373422342669674
34.85,0.18817826144563,0.0721960991158839,0.416495049509762,0.00139696433043746,0.0120318930789017,0.0215689955365682,83.6890651221819,0.248641846246664,0.0774944543878551,0.00240778986587894,-0.00438447652782714,0.699352413143908,-0.0127592574176237,-10.6143594077434,-2.05850974727246e-14,-0.0429869122185295,1.24938539551573e-13,0,0,0,0,1,0.673086199299627,0.673086199299627,76.9385893820686,32.9268651126718,0.366931566034986
34.86,0.18820917449838,0.0722739309544542,0.416730071326508,0.00139323904301206,0.0120304977718608,0.0215728020916621,83.688246221648,0.24863940285529,0.0774945901948626,0.00241089499796153,-0.00430698961644323,0.699366191464074,-0.012785094838982,-10.6141635113248,-2.05850974727246e-14,-0.0429869122185295,1.24938539551573e-13,0,0,0,0,1,0.673086199299627,0.673086199299627,76.9300999733315,32.9446862844504,0.36044329311247
34.87,0.188240071383059,0.0723517346224428,0.416965131726044,0.00138952496349267,0.0120290824470149,0.0215766070917083,83.6874200008853,0.248636937901472,0.0774947279296259,0.00241399284480106,-0.00422953171549821,0.699380109596022,-0.0128108657136461,-10.6139658268082,-2.05850974727246e-14,-0.0429869122185295,1.24938539551573e-13,0,0,0,0,1,0.673086199299627,0.673086199299627,76.9215981765475,32.9625046746902,0.353957541758977
34.88,0.188270952206871,0.0724295099277154,0.417200230654201,0.00138582204862686,0.0120276471163963,0.0215804105562986,83.6865864653184,0.248634451401251,0.0774948675890093,0.00241708343842448,-0.00415210301800529,0.69939416740566,-0.0128365703008658,-10.6137663553473,-2.05850974727246e-14,-0.0429869122185295,1.24938539551573e-13,0,0,0,0,1,0.673086199299627,0.673086199299627,76.9130839991789,32.9803202765315,0.347474329819974
34.89,0.188301817076539,0.0725072566782011,0.417435368057009,0.00138213025534509,0.0120261917921307,0.0215842125049314,83.6857456203893,0.248631943370719,0.0774950091698624,0.00242016681071902,-0.00407470371688428,0.699408364758332,-0.0128622088588058,-10.6135650980994,-2.05850974727246e-14,-0.0429869122185295,1.24938539551573e-13,0,0,0,0,1,0.673086199299627,0.673086199299627,76.9045574487081,32.9981330831364,0.340993675129517
34.9,0.188332666098313,0.0725849746818941,0.417670543880701,0.00137844954076002,0.0120247164864368,0.0215880129570129,83.6848974715566,0.248629413826017,0.0774951526690213,0.0024232429934328,-0.0039973340049613,0.699422701518838,-0.0128877816445492,-10.6133620562255,-2.05850974727246e-14,-0.0429869122185295,1.24938539551573e-13,0,0,0,0,1,0.673086199299627,0.673086199299627,76.8960185326379,33.0159430876888,0.334515595510197
34.91,0.188363499377967,0.0726626637468546,0.417905758071708,0.00137477986216558,0.0120232212116271,0.0215918119318569,83.6840420242962,0.248626862783338,0.0774952980833092,0.00242631201817544,-0.00391999407496838,0.69943717755144,-0.012913288914103,-10.6131572308903,-2.05850974727246e-14,-0.0429869122185295,1.24938539551573e-13,0,0,0,0,1,0.673086199299627,0.673086199299627,76.8874672584913,33.0337502833942,0.328040108773092
34.92,0.188394317020803,0.0727403236812098,0.418141010576661,0.00137112117703628,0.0120217059801077,0.0215956094486856,83.6831792841012,0.248624290258923,0.0774954454095374,0.00242937391641872,-0.00384268411954315,0.699451792719871,-0.012938730922401,-10.6129506232624,-2.05850974727246e-14,-0.0429869122185295,1.24938539551573e-13,0,0,0,0,1,0.673086199299627,0.673086199299627,76.8789036338115,33.0515546634798,0.321567232717718
34.93,0.188425119131652,0.0728179542931555,0.418376301342391,0.00136747344302636,0.012020170804378,0.0215994055266299,83.6823092564814,0.248621696269063,0.0774955946445059,0.00243242871949712,-0.00376540433122867,0.699466546887362,-0.0129641079233108,-10.6127422345142,-2.05850974727246e-14,-0.0429869122185295,1.24938539551573e-13,0,0,0,0,1,0.673086199299627,0.673086199299627,76.8703276661619,33.0693562211946,0.315096985131997
34.94,0.188455905814877,0.0728955553909568,0.418611630315924,0.001363836617969,0.0120186156970311,0.02160320018473,83.6814319469638,0.248619080830101,0.0774957457850038,0.0024354764586085,-0.00368815490247265,0.699481439916637,-0.0129894201696352,-10.6125320658222,-2.05850974727246e-14,-0.0429869122185295,1.24938539551573e-13,0,0,0,0,1,0.673086199299627,0.673086199299627,76.861739363126,33.0871549498091,0.308629383792174
34.95,0.188486677174373,0.0729731267829497,0.418846997444484,0.00136021065987557,0.0120170406707532,0.0216069934419356,83.6805473610923,0.248616443958428,0.0774958988278107,0.00243851716481467,-0.00361093602562758,0.699496471669936,-0.013014667913119,-10.6123201183669,-2.05850974727246e-14,-0.0429869122185295,1.24938539551573e-13,0,0,0,0,1,0.673086199299627,0.673086199299627,76.8531387323076,33.1049508426157,0.302164446462803
34.96,0.188517433313568,0.0730506682775417,0.419082402675493,0.00135659552693483,0.0120154457383239,0.0216107853171068,83.6796555044279,0.248613785670485,0.0774960537696971,0.002441550869042,-0.00353374789294996,0.699511642009016,-0.0130398514044522,-10.612106393333,-2.05850974727246e-14,-0.0429869122185295,1.24938539551573e-13,0,0,0,0,1,0.673086199299627,0.673086199299627,76.8445257813302,33.122743892928,0.29570219089667
34.97,0.188548174335431,0.0731281796832135,0.419317845956565,0.00135299117751215,0.0120138309126157,0.0216145758290138,83.6787563825484,0.248611105982764,0.0774962106074251,0.00244457760208201,-0.00345659069660018,0.699526950795177,-0.0130649708932746,-10.6118908919092,-2.05850974727246e-14,-0.0429869122185295,1.24938539551573e-13,0,0,0,0,1,0.673086199299627,0.673086199299627,76.8359005178379,33.1405340940817,0.289242634834759
34.98,0.188578900342464,0.0732056608085197,0.419553327235511,0.00134939757014875,0.0120121962065938,0.021618364996338,83.6778500010487,0.248608404911805,0.0774963693377491,0.002447597394592,-0.00337946462864198,0.69954239788926,-0.0130900266281798,-10.6116736152889,-2.05850974727246e-14,-0.0429869122185295,1.24938539551573e-13,0,0,0,0,1,0.673086199299627,0.673086199299627,76.8272629494944,33.1583214394338,0.282785796006187
34.99,0.188609611436713,0.0732831114620902,0.419788846460336,0.00134581466356095,0.0120105416333157,0.0216221528376722,83.6769363655404,0.248605682474198,0.0774965299574165,0.0024506102770956,-0.00330236988104212,0.699557983151663,-0.0131150188567204,-10.6114545646694,-2.05850974727246e-14,-0.0429869122185295,1.24938539551573e-13,0,0,0,0,1,0.673086199299627,0.673086199299627,76.8186130839836,33.1761059223629,0.276331692128159
35,0.188640307719763,0.0733605314526315,0.420024403579238,0.00134224241663938,0.012008867205931,0.021625939371521,83.6760154816522,0.248602938686585,0.0774966924631684,0.00245361627998339,-0.00322530664566986,0.699573706442354,-0.0131399478254116,-10.6112337412527,-2.05850974727246e-14,-0.0429869122185295,1.24938539551573e-13,0,0,0,0,1,0.673086199299627,0.673086199299627,76.8099509290092,33.1938875362693,0.269880340905907
35.01,0.188670989292744,0.0734379205889271,0.420259998540606,0.00133868078844824,0.012007172937681,0.0216297246163012,83.6750873550297,0.248600173565654,0.0774968568517404,0.00245661543351345,-0.00314827511429676,0.699589567620878,-0.0131648137797354,-10.6110111462451,-2.05850974727246e-14,-0.0429869122185295,1.24938539551573e-13,0,0,0,0,1,0.673086199299627,0.673086199299627,76.801276492295,33.2116662745746,0.26343176003265
35.02,0.18870165625633,0.0735152786798396,0.420495631293024,0.00133512973822457,0.0120054588418982,0.0216335085903423,83.6741519913353,0.248597387128145,0.0774970231198632,0.002459607767812,-0.003071275478596,0.69960556654637,-0.0131896169641452,-10.6107867808577,-2.05850974727246e-14,-0.0429869122185295,1.24938539551573e-13,0,0,0,0,1,0.673086199299627,0.673086199299627,76.7925897815846,33.2294421307222,0.25698596718952
35.03,0.188732308710743,0.073592605534311,0.420731301785263,0.00133158922537744,0.0120037249320057,0.0216372913118869,83.6732093962482,0.248594579390847,0.0774971912642628,0.00246259331287392,-0.00299430793014217,0.699621703077567,-0.01321435762207,-10.610560646306,-2.05850974727246e-14,-0.0429869122185295,1.24938539551573e-13,0,0,0,0,1,0.673086199299627,0.673086199299627,76.7838908046415,33.247215098177,0.250542980045526
35.04,0.188762946755754,0.0736699009613645,0.420967009966288,0.0013280592094873,0.0120019712215169,0.021641072799091,83.6722595754646,0.248591750370598,0.0774973612816619,0.00246557209856337,-0.00291737266041066,0.699637977072809,-0.0132390359959179,-10.6103327438102,-2.05850974727246e-14,-0.0429869122185295,1.24938539551573e-13,0,0,0,0,1,0.673086199299627,0.673086199299627,76.7751795692489,33.2649851704251,0.244102816257483
35.05,0.188793570490683,0.0737471647701049,0.421202755785252,0.00132453965030514,0.0120001977240349,0.0216448530700245,83.6713025346973,0.248588900084285,0.07749753316878,0.00246854415461435,-0.00284046986077728,0.69965438839006,-0.0132636523270819,-10.6101030745953,-2.05850974727246e-14,-0.0429869122185295,1.24938539551573e-13,0,0,0,0,1,0.673086199299627,0.673086199299627,76.7664560832101,33.2827523409744,0.237665493469962
35.06,0.188824180014403,0.0738243967697204,0.421438539191497,0.00132103050775185,0.0119984044532519,0.0216486321426717,83.6703382796762,0.248586028548846,0.0774977069223339,0.00247150951063123,-0.00276359972251788,0.699670936886914,-0.0132882068559418,-10.6098716398911,-2.05850974727246e-14,-0.0429869122185295,1.24938539551573e-13,0,0,0,0,1,0.673086199299627,0.673086199299627,76.7577203543479,33.3005166033541,0.231231029315236
35.07,0.18885477542534,0.073901596769483,0.421674360134554,0.00131753174191742,0.0119965914229483,0.0216524100349317,83.6693668161478,0.248583135781267,0.0774978825390389,0.0024744681960894,-0.00268676243680774,0.699687622420599,-0.0133126998218708,-10.6096384409322,-2.05850974727246e-14,-0.0429869122185295,1.24938539551573e-13,0,0,0,0,1,0.673086199299627,0.673086199299627,76.7489723905048,33.318277951115,0.224799441413216
35.08,0.188885356821475,0.0739787645787503,0.421910218564141,0.00131404331306025,0.0119947586469928,0.0216561867646186,83.6683881498753,0.248580221798583,0.0774980600156088,0.00247742024033574,-0.00260995819472116,0.699704444847994,-0.0133371314632375,-10.6094034789582,-2.05850974727246e-14,-0.0429869122185295,1.24938539551573e-13,0,0,0,0,1,0.673086199299627,0.673086199299627,76.7402121995433,33.3360363778292,0.218370747371395
35.09,0.18891592430035,0.0740559000069661,0.422146114430162,0.00131056518160643,0.0119929061393407,0.0216599623494619,83.6674022866389,0.248577286617878,0.0774982393487564,0.00248036567258927,-0.00253318718723101,0.699721404025638,-0.0133615020174111,-10.6091667552136,-2.05850974727246e-14,-0.0429869122185295,1.24938539551573e-13,0,0,0,0,1,0.673086199299627,0.673086199299627,76.7314397893452,33.3537918770903,0.211944964784788
35.1,0.18894647795906,0.0741330028636615,0.422382047682708,0.00130709730814901,0.0119910339140343,0.0216637368071073,83.6664092322353,0.248574330256287,0.0774984205351947,0.00248330452194162,-0.00245644960520831,0.699738499809727,-0.0133858117207656,-10.6089282709478,-2.05850974727246e-14,-0.0429869122185295,1.24938539551573e-13,0,0,0,0,1,0.673086199299627,0.673086199299627,76.7226551678122,33.3715444425133,0.205522111235884
35.11,0.188977017894265,0.0742100729584563,0.422618018272057,0.00130363965344726,0.0119891419852012,0.0216675101551166,83.665408992478,0.248571352730993,0.0774986035716368,0.00248623681735766,-0.00237974563942156,0.699755732056141,-0.0134100608086832,-10.6086880274155,-2.05850974727246e-14,-0.0429869122185295,1.24938539551573e-13,0,0,0,0,1,0.673086199299627,0.673086199299627,76.7138583428654,33.3892940677345,0.199102204294568
35.12,0.189007544202186,0.0742871101010596,0.422854026148668,0.00130019217842605,0.0119872303670543,0.0216712824109683,83.6644015731973,0.248568354059226,0.0774987884547966,0.00248916258767601,-0.00230307548053642,0.699773100620435,-0.0134342495155586,-10.6084460258764,-2.05850974727246e-14,-0.0429869122185295,1.24938539551573e-13,0,0,0,0,1,0.673086199299627,0.673086199299627,76.7050493224456,33.4070407464117,0.192685261518076
35.13,0.189038056978606,0.0743641141012711,0.423090071263189,0.00129675484417504,0.0119852990738903,0.0216750535920583,83.6633869802401,0.248565334258269,0.0774989751813894,0.00249208186160958,-0.0022264393191151,0.699790605357861,-0.0134583780748038,-10.6082022675954,-2.05850974727246e-14,-0.0429869122185295,1.24938539551573e-13,0,0,0,0,1,0.673086199299627,0.673086199299627,76.696228114513,33.424784472224,0.186271300450926
35.14,0.189068556318877,0.0744410847689824,0.423326153566447,0.00129332761194803,0.0119833481200898,0.0216788237156995,83.66236521947,0.248562293345451,0.0774991637481324,0.00249499466774616,-0.00214983734561585,0.699808246123366,-0.0134824467188508,-10.6079567538425,-2.05850974727246e-14,-0.0429869122185295,1.24938539551573e-13,0,0,0,0,1,0.673086199299627,0.673086199299627,76.6873947270475,33.4425252388719,0.179860338624858
35.15,0.189099042317914,0.0745180219141773,0.423562273009453,0.00128991044316228,0.0119813775201155,0.021682592799123,83.6613362967673,0.248559231338151,0.077499354151745,0.0024979010345489,-0.00207326975039259,0.699826022771606,-0.0135064556791563,-10.6077094858931,-2.05850974727246e-14,-0.0429869122185295,1.24938539551573e-13,0,0,0,0,1,0.673086199299627,0.673086199299627,76.6785491680483,33.4602630400773,0.17345239355878
35.16,0.189129515070205,0.0745949253469336,0.423798429543402,0.00128650329939779,0.0119793872885123,0.0216863608594781,83.6603002180287,0.248556148253796,0.0774995463889494,0.00250080099035692,-0.00199673672369422,0.699843935156952,-0.0135304051862055,-10.6074604650278,-2.05850974727246e-14,-0.0429869122185295,1.24938539551573e-13,0,0,0,0,1,0.673086199299627,0.673086199299627,76.6696914455339,33.4779978695833,0.1670474827587
35.17,0.189159974669805,0.0746717948774237,0.424034623119668,0.00128310614239659,0.0119773774399057,0.0216901279138325,83.6592569891678,0.248553044109862,0.0774997404564709,0.00250369456338579,-0.00192023845566422,0.699861983133492,-0.0135542954695164,-10.6072096925325,-2.05850974727246e-14,-0.0429869122185295,1.24938539551573e-13,0,0,0,0,1,0.673086199299627,0.673086199299627,76.6608215675424,33.4957297211542,0.160645623717664
35.18,0.189190421210343,0.0747486303159157,0.424270853689807,0.0012797189340621,0.0119753479890014,0.0216938939791733,83.6582066161146,0.248549918923875,0.0774999363510386,0.00250658178172808,-0.00184377513633999,0.699880166555049,-0.0135781267576436,-10.6069571696988,-2.05850974727246e-14,-0.0429869122185295,1.24938539551573e-13,0,0,0,0,1,0.673086199299627,0.673086199299627,76.6519395421313,33.513458588576,0.154246833915693
35.19,0.189220854785021,0.0748254314727743,0.424507121205554,0.00127634163645844,0.0119732989505842,0.0216976590724064,83.6571491048159,0.248546772713408,0.0775001340693857,0.0025094626733539,-0.00176734695565247,0.699898485275181,-0.0136018992781814,-10.6067028978233,-2.05850974727246e-14,-0.0429869122185295,1.24938539551573e-13,0,0,0,0,1,0.673086199299627,0.673086199299627,76.6430453773771,33.5311844656555,0.147851130819722
35.2,0.189251275486617,0.074902198158462,0.424743425618825,0.0012729742118097,0.0119712303395172,0.021701423210358,83.6560844612349,0.248543605496084,0.0775003336082495,0.00251233726611144,-0.00169095410342547,0.699916939147184,-0.0136256132577688,-10.6064468782082,-2.05850974727246e-14,-0.0429869122185295,1.24938539551573e-13,0,0,0,0,1,0.673086199299627,0.673086199299627,76.634139081376,33.5489073462212,0.141458531883539
35.21,0.189281683407485,0.0749789301835397,0.424979766881712,0.00126961662249936,0.0119691421707407,0.0217051864097741,83.6550126913513,0.248540417289573,0.0775005349643725,0.00251520558772744,-0.00161459676937523,0.699935528024108,-0.013649268922093,-10.6061891121613,-2.05850974727246e-14,-0.0429869122185295,1.24938539551573e-13,0,0,0,0,1,0.673086199299627,0.673086199299627,76.6252206622431,33.5666272241225,0.135069054547717
35.22,0.189312078639557,0.0750556273586683,0.425216144946488,0.00126626883106951,0.0119670344592717,0.0217089486873211,83.6539338011615,0.248537208111595,0.0775007381345024,0.00251806766580777,-0.00153827514310983,0.699954251758755,-0.013672866495893,-10.6059296009958,-2.05850974727246e-14,-0.0429869122185295,1.24938539551573e-13,0,0,0,0,1,0.673086199299627,0.673086199299627,76.6162901281128,33.5843440932303,0.128682716239555
35.23,0.189342461274347,0.0751322894946088,0.4254525597656,0.00126293080022027,0.0119649072202026,0.0217127100595864,83.6528477966783,0.248533977979918,0.0775009431153923,0.00252092352783794,-0.00146198941412859,0.69997311020369,-0.0136964062029638,-10.6056683460304,-2.05850974727246e-14,-0.0429869122185295,1.24938539551573e-13,0,0,0,0,1,0.673086199299627,0.673086199299627,76.6073474871388,33.6020579474365,0.122299534373006
35.24,0.189372831402949,0.0752089164022241,0.425689011291676,0.00125960249280909,0.0119627604687004,0.0217164705430786,83.6517546839309,0.248530726912358,0.0775011499038013,0.00252377320118359,-0.00138573977182168,0.699992103211247,-0.01371988826616,-10.6054053485897,-2.05850974727246e-14,-0.0429869122185295,1.24938539551573e-13,0,0,0,0,1,0.673086199299627,0.673086199299627,76.5983927474937,33.6197687806546,0.115919526348629
35.25,0.189403189116042,0.0752855078924794,0.425925499477516,0.00125628387185007,0.0119605942200056,0.0217202301542277,83.6506544689653,0.24852745492678,0.0775013584964948,0.00252661671309103,-0.00130952640546932,0.700011230633531,-0.0137433129073994,-10.6051406100035,-2.05850974727246e-14,-0.0429869122185295,1.24938539551573e-13,0,0,0,0,1,0.673086199299627,0.673086199299627,76.5894259173695,33.6374765868188,0.109542709553503
35.26,0.189433534503887,0.0753620637764432,0.426162024276097,0.00125297490051335,0.0119584084894316,0.0217239889093856,83.6495471578436,0.248524162041097,0.0775015688902448,0.00252945409068771,-0.00123334950424139,0.700030492322425,-0.0137666803476681,-10.6048741316074,-2.05850974727246e-14,-0.0429869122185295,1.24938539551573e-13,0,0,0,0,1,0.673086199299627,0.673086199299627,76.580447004977,33.6551813598848,0.103169101361175
35.27,0.189463867656335,0.0754385838652883,0.426398585640571,0.00124967554212444,0.0119562032923634,0.0217277468248266,83.6484327566445,0.248520848273269,0.0775017810818301,0.0025322853609828,-0.00115720925719684,0.700049888129598,-0.0137899908070216,-10.6046059147428,-2.05850974727246e-14,-0.0429869122185295,1.24938539551573e-13,0,0,0,0,1,0.673086199299627,0.673086199299627,76.5714560185462,33.6728830938295,0.0967987191315958
35.28,0.189494188662822,0.0755150679702929,0.426635183524264,0.00124638576016353,0.0119539786442569,0.0217315039167475,83.6473112714632,0.248517513641307,0.0775019950680367,0.00253511055086764,-0.00108110585328313,0.700069417906507,-0.0138132445045914,-10.6043359607567,-2.05850974727246e-14,-0.0429869122185295,1.24938539551573e-13,0,0,0,0,1,0.673086199299627,0.673086199299627,76.5624529663259,33.6905817826508,0.0904315802110531
35.29,0.189524497612374,0.075591515902841,0.426871817880674,0.0012431055182649,0.0119517345606376,0.021735260201268,83.646182708411,0.248514158163268,0.0775022108456582,0.00253792968711625,-0.00100503948133555,0.700089081504401,-0.0138364416585871,-10.6040642710016,-2.05850974727246e-14,-0.0429869122185295,1.24938539551573e-13,0,0,0,0,1,0.673086199299627,0.673086199299627,76.5534378565841,33.7082774203679,0.0840677019321001
35.3,0.18955479459361,0.0756679274744237,0.427108488663474,0.00123983478021627,0.0119494710571002,0.0217390156944312,83.645047073616,0.248510781857257,0.0775024284114958,0.00254074279638584,-0.000929010330076821,0.700108878774332,-0.0138595824863005,-10.6037908468361,-2.05850974727246e-14,-0.0429869122185295,1.24938539551573e-13,0,0,0,0,1,0.673086199299627,0.673086199299627,76.5444106976076,33.725970001021,0.0777071016134991
35.31,0.189585079694741,0.07574430249664,0.427345195826507,0.0012365735099581,0.0119471881493069,0.0217427704122037,83.6439043732224,0.248507384741429,0.0775026477623585,0.00254354990521733,-0.000853018588116369,0.700128809567148,-0.0138826672041094,-10.6035156896243,-2.05850974727246e-14,-0.0429869122185295,1.24938539551573e-13,0,0,0,0,1,0.673086199299627,0.673086199299627,76.5353714977021,33.7436595186716,0.0713497965601499
35.32,0.189615353003569,0.0758206407811976,0.427581939323788,0.00123332167158305,0.0119448858529871,0.0217465243704762,83.6427546133908,0.248503966833985,0.077502868895064,0.00254635104003579,-0.000777064443949805,0.700148873733512,-0.0139056960274815,-10.6032388007362,-2.05850974727246e-14,-0.0429869122185295,1.24938539551573e-13,0,0,0,0,1,0.673086199299627,0.673086199299627,76.526320265192,33.7613459674021,0.0649958040630239
35.33,0.189645614607497,0.0758969421399135,0.427818719109504,0.00123007922933525,0.011942564183936,0.0217502775850637,83.641597800298,0.248500528153174,0.077503091806438,0.00254914622715098,-0.000701148085958395,0.700169071123892,-0.0139286691709771,-10.6029601815474,-2.05850974727246e-14,-0.0429869122185295,1.24938539551573e-13,0,0,0,0,1,0.673086199299627,0.673086199299627,76.5172570084207,33.7790293413163,0.0586451413991043
35.34,0.18967586459352,0.0759732063847156,0.42805553513801,0.00122684614760974,0.011940223158014,0.0217540300717057,83.6404339401375,0.248497068717295,0.077503316493315,0.00255193549275784,-0.000625269702408382,0.700189401588575,-0.013951586848254,-10.6026798334394,-2.05850974727246e-14,-0.0429869122185295,1.24938539551573e-13,0,0,0,0,1,0.673086199299627,0.673086199299627,76.5081817357503,33.7967096345387,0.052297825831312
35.35,0.189706103048236,0.0760494333276426,0.428292387363833,0.00122362239095182,0.0119378627911453,0.0217577818460668,83.6392630391186,0.248493588544691,0.0775035429525385,0.00255471886293694,-0.000549429481450427,0.700209864977666,-0.0139744492720707,-10.6023977577998,-2.05850974727246e-14,-0.0429869122185295,1.24938539551573e-13,0,0,0,0,1,0.673086199299627,0.673086199299627,76.4990944555616,33.8143868412152,0.0459538746084416
35.36,0.189736330057841,0.0761256227808454,0.428529275741667,0.00122040792405641,0.0119354830993172,0.0217615329237369,83.6380851034672,0.248490087653758,0.0775037711809609,0.002557496363655,-0.000473627611119081,0.700230461141093,-0.0139972566542892,-10.6021139560215,-2.05850974727246e-14,-0.0429869122185295,1.24938539551573e-13,0,0,0,0,1,0.673086199299627,0.673086199299627,76.4899951762541,33.8320609555126,0.0396133049650995
35.37,0.189766545708133,0.076201774556588,0.428766200226374,0.00121720271176747,0.0119330840985795,0.0217652833202314,83.6369001394254,0.248486566062935,0.0775040011754439,0.00256026802076537,-0.000397864279332152,0.700251189928607,-0.0140200092058803,-10.6018284295036,-2.05850974727246e-14,-0.0429869122185295,1.24938539551573e-13,0,0,0,0,1,0.673086199299627,0.673086199299627,76.480883906246,33.8497319716188,0.0332761341216345
35.38,0.189796750084513,0.0762778884672477,0.429003160772985,0.00121400671907733,0.0119306658050426,0.021769033050992,83.6357081532514,0.24848302379071,0.0775042329328586,0.00256303386000848,-0.00032213967389006,0.700272051189792,-0.0140427071369249,-10.6015411796511,-2.05850974727246e-14,-0.0429869122185295,1.24938539551573e-13,0,0,0,0,1,0.673086199299627,0.673086199299627,76.4717606539741,33.8673998837429,0.0269423792840664
35.39,0.189826943271988,0.0763539643253166,0.429240157336697,0.00121081991112612,0.0119282282348776,0.0217727821313863,83.6345091512198,0.24847946085562,0.0775044664500857,0.00256579390701236,-0.000246453982475383,0.700293044774062,-0.0140653506566206,-10.6012522078745,-2.05850974727246e-14,-0.0429869122185295,1.24938539551573e-13,0,0,0,0,1,0.673086199299627,0.673086199299627,76.4626254278937,33.8850646861146,0.0206120576440307
35.4,0.18985712535517,0.0764300019434019,0.429477189872874,0.00120764225320114,0.0119257714043147,0.0217765305767088,83.6333031396213,0.248475877276249,0.0775047017240156,0.00256854818729308,-0.000170807392652099,0.700314170530667,-0.0140879399732818,-10.6009615155905,-2.05850974727246e-14,-0.0429869122185295,1.24938539551573e-13,0,0,0,0,1,0.673086199299627,0.673086199299627,76.4534782364788,33.9027263729852,0.0142851863786992
35.41,0.189887296418279,0.0765060011342268,0.429714258337045,0.00120447371073627,0.0119232953296425,0.0217802784021807,83.6320901247628,0.248472273071228,0.0775049387515485,0.00257129672625527,-9.52000918651167e-05,0.700335428308695,-0.0141104752943458,-10.6006691042216,-2.05850974727246e-14,-0.0429869122185295,1.24938539551573e-13,0,0,0,0,1,0.673086199299627,0.673086199299627,76.4443190882217,33.9203849386264,0.00796178265072278
35.42,0.189917456545145,0.0765819617106314,0.429951362684903,0.00120131424931131,0.011920800027207,0.0217840256229505,83.6308701129672,0.248468648259234,0.0775051775295946,0.00257403954919252,-1.96322674396294e-05,0.700356817957073,-0.0141329568263754,-10.600374975196,-2.05850974727246e-14,-0.0429869122185295,1.24938539551573e-13,0,0,0,0,1,0.673086199299627,0.673086199299627,76.4351479916334,33.9380403773314,0.00164186360816121
35.43,0.189947605819208,0.0766578834855733,0.430188502872308,0.00119816383465147,0.0119182855134108,0.0217877722540945,83.6296431105739,0.248465002858994,0.0775054180550742,0.0025767766812879,5.58958934194857e-05,0.700378339324571,-0.0141553847750627,-10.6000791299481,-2.05850974727246e-14,-0.0429869122185295,1.24938539551573e-13,0,0,0,0,1,0.673086199299627,0.673086199299627,76.4259649552431,33.9556926834141,-0.00467455361558411
35.44,0.189977744323539,0.0767337662734374,0.430425678855535,0.00119502243260162,0.0119157523132892,0.0217915183106135,83.6284091239378,0.248461336889281,0.0775056603262147,0.00257950814761445,0.000131384203663559,0.700399992242138,-0.0141777593452392,-10.5997815711056,-2.05850974727246e-14,-0.0429869122185295,1.24938539551573e-13,0,0,0,0,1,0.673086199299627,0.673086199299627,76.4167699875981,33.9733418512098,-0.0109874519047883
35.45,0.190007872140973,0.0768096098987906,0.430662890592962,0.00119189000896142,0.01191320152558,0.0217952638074132,83.6271681594274,0.248457650368906,0.0775059043511754,0.00258223397313589,0.000206832476685466,0.700421776647811,-0.0142000807409317,-10.5994823035635,-2.05850974727246e-14,-0.0429869122185295,1.24938539551573e-13,0,0,0,0,1,0.673086199299627,0.673086199299627,76.4075630972592,33.9909878750784,-0.017296814185281
35.46,0.190037989354025,0.0768854141906938,0.430900138043975,0.00118876652960164,0.0119106331606276,0.0217990087593201,83.6259202234256,0.248453943316723,0.0775061501422846,0.00258495418270738,0.000282240526290783,0.70044369262153,-0.0142223491653513,-10.5991813304355,-2.05850974727246e-14,-0.0429869122185295,1.24938539551573e-13,0,0,0,0,1,0.673086199299627,0.673086199299627,76.3983442928024,34.0086307494044,-0.0236026234220477
35.47,0.190068096044823,0.0769611789779556,0.431137421168054,0.00118565196055558,0.0119080471970104,0.021802753181094,83.6246653223306,0.248450215751631,0.077506397711313,0.00258766880107595,0.000357608166593088,0.700465740236857,-0.0142445648208675,-10.5988786547137,-2.05850974727246e-14,-0.0429869122185295,1.24938539551573e-13,0,0,0,0,1,0.673086199299627,0.673086199299627,76.38911358282,34.0262704685955,-0.029904862610489
35.48,0.190098192295111,0.077036904089131,0.431374739924765,0.00118254626801778,0.0119054436131218,0.0218064970874281,83.6234034625564,0.248446467692576,0.0775066470694795,0.00259037785288091,0.000432935212006922,0.700487919558758,-0.0142667279090099,-10.5985742793339,-2.05850974727246e-14,-0.0429869122185295,1.24938539551573e-13,0,0,0,0,1,0.673086199299627,0.673086199299627,76.379870975921,34.043907027083,-0.0362035147758473
35.49,0.190128278186245,0.0771125893525196,0.431612094273767,0.00117944941834262,0.0119028223872126,0.0218102404929491,83.6221346505321,0.248442699158546,0.0775068982274559,0.00259308136265427,0.000508221477241373,0.700510230643676,-0.014288838630465,-10.5982682071762,-2.05850974727246e-14,-0.0429869122185295,1.24938539551573e-13,0,0,0,0,1,0.673086199299627,0.673086199299627,76.3706164807306,34.0615404193208,-0.0424985629726846
35.5,0.190158353799201,0.0771882345961647,0.431849484174806,0.00117636137804313,0.0119001834974325,0.0218139834122175,83.6208588927025,0.248438910168579,0.0775071511953726,0.00259577935482113,0.000583466777293282,0.70053267353961,-0.0143108971850765,-10.5979604410658,-2.05850974727246e-14,-0.0429869122185295,1.24938539551573e-13,0,0,0,0,1,0.673086199299627,0.673086199299627,76.3613501058908,34.0791706397865,-0.0487899902843303
35.51,0.190188419214572,0.0772638396478528,0.432086909587715,0.00117328211378971,0.0118975269218699,0.0218177258597279,83.6195761955276,0.248435100741753,0.0775074059828251,0.00259847185370013,0.000658670927440744,0.700555248286213,-0.0143329037718457,-10.5976509837737,-2.05850974727246e-14,-0.0429869122185295,1.24938539551573e-13,0,0,0,0,1,0.673086199299627,0.673086199299627,76.3520718600598,34.0967976829802,-0.0550777798223514
35.52,0.190218474512574,0.0773394043351132,0.432324370472415,0.00117021159240891,0.0118948526385909,0.0218214678499092,83.618286565483,0.248431270897195,0.0775076625988796,0.00260115888350378,0.000733833743236716,0.700577954914876,-0.0143548585889326,-10.5973398380177,-2.05850974727246e-14,-0.0429869122185295,1.24938539551573e-13,0,0,0,0,1,0.673086199299627,0.673086199299627,76.3427817519126,34.1144215434248,-0.0613619147260343
35.53,0.19024851977304,0.0774149284852183,0.432561866788912,0.00116714978088231,0.0118921606256769,0.0218252093971245,83.6169900090594,0.248427420654077,0.0775079210520801,0.00260384046833895,0.000808955040502624,0.700600793448831,-0.0143767618336555,-10.5970270064627,-2.05850974727246e-14,-0.0429869122185295,1.24938539551573e-13,0,0,0,0,1,0.673086199299627,0.673086199299627,76.3334797901406,34.1320422156661,-0.0676423781618638
35.54,0.190278555075429,0.0774904119251842,0.432799398497297,0.00116409664634529,0.0118894508612608,0.0218289505156714,83.6156865327633,0.248423550031613,0.0775081813504551,0.00260651663220722,0.000884034635321965,0.700623763903248,-0.0143986137024927,-10.596712491722,-2.05850974727246e-14,-0.0429869122185295,1.24938539551573e-13,0,0,0,0,1,0.673086199299627,0.673086199299627,76.3241659834517,34.1496596942724,-0.0739191533230041
35.55,0.190308580498824,0.0775658544817711,0.433036965557748,0.00116105215608595,0.0118867233235625,0.0218326912197821,83.6143761431162,0.248419659049064,0.0775084435015245,0.0026091873990053,0.000959072344034492,0.700646866285344,-0.0144204143910858,-10.596396296358,-2.05850974727246e-14,-0.0429869122185295,1.24938539551573e-13,0,0,0,0,1,0.673086199299627,0.673086199299627,76.3148403405704,34.1672739738344,-0.0801922234288268
35.56,0.190338596121933,0.0776412559814853,0.433274567930524,0.00115801627754401,0.0118839779909228,0.0218364315236237,83.6130588466551,0.248415747725739,0.0775087075123072,0.00261185279252545,0.00103406798322978,0.70067010059449,-0.014442164094239,-10.5960784228829,-2.05850974727246e-14,-0.0429869122185295,1.24938539551573e-13,0,0,0,0,1,0.673086199299627,0.673086199299627,76.3055028702377,34.1848850489652,-0.0864615717243877
35.57,0.190368602023092,0.0777166162505799,0.43351220557597,0.00115498897830967,0.0118812148418361,0.021840171441298,83.6117346499324,0.248411816080987,0.0775089733893286,0.00261451283645587,0.00110902136974148,0.700693466822327,-0.0144638630059228,-10.5957588737597,-2.05850974727246e-14,-0.0429869122185295,1.24938539551573e-13,0,0,0,0,1,0.673086199299627,0.673086199299627,76.2961535812111,34.2024929143003,-0.0927271814799608
35.58,0.190398598280266,0.0777919351150572,0.433749878454513,0.00115197022612259,0.011878433854982,0.0218439109868418,83.6104035595158,0.248407864134204,0.0775092411386285,0.0026171675543811,0.00118393232064147,0.700716964952876,-0.0144855113192767,-10.5954376514033,-2.05850974727246e-14,-0.0429869122185295,1.24938539551573e-13,0,0,0,0,1,0.673086199299627,0.673086199299627,76.2867924822649,34.2200975644971,-0.0989890359905656
35.59,0.190428584971048,0.0778672124006708,0.433987586526665,0.00114895998887082,0.0118756350092561,0.0218476501742268,83.6090655819883,0.248403891904833,0.0775095107657687,0.00261981696978243,0.00125880065323405,0.700740594962664,-0.0145071092266102,-10.5951147581813,-2.05850974727246e-14,-0.0429869122185295,1.24938539551573e-13,0,0,0,0,1,0.673086199299627,0.673086199299627,76.2774195821895,34.2376989942353,-0.105247118575493
35.6,0.190458562172665,0.0779424479329278,0.434225329753018,0.00114595823458976,0.0118728182837989,0.0218513890173601,83.6077207239482,0.248399899412359,0.0775097822758417,0.0026224611060383,0.00133362618505035,0.700764356820839,-0.0145286569194079,-10.5947901964147,-2.05850974727246e-14,-0.0429869122185295,1.24938539551573e-13,0,0,0,0,1,0.673086199299627,0.673086199299627,76.2680348897923,34.2552971982164,-0.111501412577858
35.61,0.190488529961976,0.0780176415370917,0.434463108094249,0.00114296493146114,0.0118699836580241,0.0218551275300839,83.6063689920092,0.248395886676314,0.0775100556734785,0.00262509998642472,0.00140840873384277,0.700788250489302,-0.0145501545883297,-10.5944639683794,-2.05850974727246e-14,-0.0429869122185295,1.24938539551573e-13,0,0,0,0,1,0.673086199299627,0.673086199299627,76.2586384138971,34.2728921711637,-0.117751901364142
35.62,0.190518488415473,0.0780927930381855,0.434700921511116,0.00113998004781203,0.0118671311116458,0.0218588657261758,83.6050103928003,0.248391853716274,0.0775103309628578,0.00262773363411565,0.00148314811757968,0.700812275922825,-0.0145716024232166,-10.5941360763067,-2.05850974727246e-14,-0.0429869122185295,1.24938539551573e-13,0,0,0,0,1,0.673086199299627,0.673086199299627,76.2492301633443,34.2904839078226,-0.123998568323772
35.63,0.190548437609286,0.0781679022609945,0.434938769964459,0.00113700355211382,0.011864260624704,0.0218626036193487,83.6036449329656,0.248387800551859,0.0775106081477137,0.00263036207218341,0.00155784415444009,0.70083643306919,-0.0145930006130922,-10.5938065223846,-2.05850974727246e-14,-0.0429869122185295,1.24938539551573e-13,0,0,0,0,1,0.673086199299627,0.673086199299627,76.2398101469907,34.3080724029599,-0.130241396868684
35.64,0.19057837761918,0.0782429690300707,0.435176653415201,0.00113403541298125,0.0118613721775896,0.0218663412232513,83.6022726191647,0.248383727202735,0.0775108872313455,0.00263298532359909,0.00163249666280842,0.700860721869309,-0.0146143493461659,-10.5934753087585,-2.05850974727246e-14,-0.0429869122185295,1.24938539551573e-13,0,0,0,0,1,0.673086199299627,0.673086199299627,76.23037837371,34.3256576513638,-0.136480370432905
35.65,0.19060830852056,0.0783179931697355,0.435414571824347,0.00113107559917147,0.011858465751068,0.0218700785514675,83.6008934580723,0.248379633688613,0.0775111682166257,0.00263560341123296,0.00170710546126957,0.700885142257372,-0.0146356488098372,-10.5931424375327,-2.05850974727246e-14,-0.0429869122185295,1.24938539551573e-13,0,0,0,0,1,0.673086199299627,0.673086199299627,76.2209348523922,34.3432396478444,-0.142715472472147
35.66,0.19063823038847,0.0783929745040844,0.435652525152984,0.00112812407958302,0.0118555413263017,0.0218738156175173,83.5995074563786,0.248375520029249,0.0775114511060097,0.00263821635785483,0.001781670368604,0.700909694160966,-0.0146568991906995,-10.592807910771,-2.05850974727246e-14,-0.0429869122185295,1.24938539551573e-13,0,0,0,0,1,0.673086199299627,0.673086199299627,76.211479591944,34.3608183872329,-0.148946686463422
35.67,0.190668143297595,0.078467912856991,0.435890513362281,0.00112518082325495,0.0118525988848719,0.0218775524348564,83.5981146207888,0.248371386244442,0.0775117359015445,0.00264082418613451,0.00185619120378281,0.700934377501222,-0.0146781006745416,-10.5924717304978,-2.05850974727246e-14,-0.0429869122185295,1.24938539551573e-13,0,0,0,0,1,0.673086199299627,0.673086199299627,76.2020126012888,34.3783938643819,-0.155173995904635
35.68,0.190698047322265,0.0785428080521113,0.43612853641349,0.00112224579936584,0.0118496384087985,0.0218812890168765,83.5967149580235,0.248367232354037,0.0775120226048778,0.00264342691864217,0.00193066778596318,0.700959192192949,-0.014699253446353,-10.5921338986994,-2.05850974727246e-14,-0.0429869122185295,1.24938539551573e-13,0,0,0,0,1,0.673086199299627,0.673086199299627,76.1925338893664,34.3959660741653,-0.161397384314223
35.69,0.190727942536449,0.0786176599128883,0.436366594267945,0.00111931897723291,0.01184665988056,0.0218850253769052,83.5953084748185,0.248363058377925,0.0775123112172678,0.00264602457784875,0.00200509993448379,0.700984138144773,-0.0147203576903285,-10.5917944173249,-2.05850974727246e-14,-0.0429869122185295,1.24938539551573e-13,0,0,0,0,1,0.673086199299627,0.673086199299627,76.1830434651333,34.4135350114779,-0.167616835230785
35.7,0.190757829013766,0.0786924682625569,0.436604686887063,0.00111640032631107,0.0118436632831117,0.0218887615282065,83.5938951779247,0.248358864336039,0.0775126017395919,0.00264861718612636,0.00207948746886034,0.701009215259276,-0.0147414135898682,-10.591453288287,-2.05850974727246e-14,-0.0429869122185295,1.24938539551573e-13,0,0,0,0,1,0.673086199299627,0.673086199299627,76.1735413375625,34.431100671236,-0.17383233221272
35.71,0.19078770682748,0.0787672329241488,0.436842814232342,0.00111348981619204,0.0118406485999031,0.0218924974839803,83.5924750741083,0.248354650248358,0.0775128941723565,0.00265120476574871,0.00215383020878142,0.701034423433137,-0.0147624213275856,-10.5911105134635,-2.05850974727246e-14,-0.0429869122185295,1.24938539551573e-13,0,0,0,0,1,0.673086199299627,0.673086199299627,76.1640275156438,34.4486630483763,-0.1800438588379
35.72,0.190817576050503,0.0788419537204973,0.437080976265368,0.00111058741660344,0.0118376158148938,0.0218962332573633,83.5910481701508,0.248350416134906,0.0775131885157059,0.00265378733889144,0.00222812797410411,0.701059762557278,-0.0147833810853081,-10.5907660946981,-2.05850974727246e-14,-0.0429869122185295,1.24938539551573e-13,0,0,0,0,1,0.673086199299627,0.673086199299627,76.1545020083833,34.4662221378569,-0.186251398703312
35.73,0.190847436755395,0.0789166304742433,0.437319172947804,0.00110769309740794,0.0118345649125696,0.0218999688614285,83.5896144728489,0.24834616201575,0.0775134847694326,0.0026563649276326,0.00230238058485004,0.701085232516997,-0.0148042930440821,-10.5904200338016,-2.05850974727246e-14,-0.0429869122185295,1.24938539551573e-13,0,0,0,0,1,0.673086199299627,0.673086199299627,76.144964824804,34.4837779346565,-0.192454935424746
35.74,0.190877289014369,0.0789912630078399,0.437557404241403,0.00110480682860233,0.0118314958779566,0.0219037043091857,83.5881739890142,0.248341887911005,0.0775137829329858,0.00265893755395299,0.00237658786120151,0.701110833192117,-0.0148251573841761,-10.5900723325527,-2.05850974727246e-14,-0.0429869122185295,1.24938539551573e-13,0,0,0,0,1,0.673086199299627,0.673086199299627,76.1354159739452,34.5013304337745,-0.198654452636486
35.75,0.190907132899289,0.0790658511435586,0.437795670107998,0.0011019285803167,0.0118284086966345,0.0219074396135815,83.5867267254739,0.248337593840826,0.0775140830054814,0.00266150523973657,0.0024507496234976,0.701136564457126,-0.0148459742850857,-10.5897229926995,-2.05850974727246e-14,-0.0429869122185295,1.24938539551573e-13,0,0,0,0,1,0.673086199299627,0.673086199299627,76.1258554648629,34.5188796302312,-0.204849933990993
35.76,0.190936968481672,0.0791403947034945,0.438033970509508,0.00109905832281355,0.0118253033547495,0.0219111747874992,83.58527268907,0.248333279825417,0.0775143849857117,0.00266406800677088,0.00252486569223063,0.701162426181319,-0.0148667439255358,-10.5893720159599,-2.05850974727246e-14,-0.0429869122185295,1.24938539551573e-13,0,0,0,0,1,0.673086199299627,0.673086199299627,76.1162833066298,34.5364255190674,-0.211041363158632
35.77,0.19096679583269,0.0792148935095724,0.438272305407936,0.00109619602648698,0.0118221798390255,0.0219149098437596,83.5838118866598,0.248328945885022,0.0775146888721541,0.00266662587674741,0.00259893588804239,0.70118841822894,-0.0148874664834846,-10.5890194040236,-2.05850974727246e-14,-0.0429869122185295,1.24938539551573e-13,0,0,0,0,1,0.673086199299627,0.673086199299627,76.106699508335,34.5539680953443,-0.217228723827363
35.78,0.190996615023171,0.0792893473835526,0.438510674765373,0.00109334166186181,0.0118190381367755,0.0219186447951204,83.5823443251159,0.248324592039934,0.0775149946629813,0.00266917887126198,0.00267296003172095,0.701214540459332,-0.0149081421361283,-10.5886651585521,-2.05850974727246e-14,-0.0429869122185295,1.24938539551573e-13,0,0,0,0,1,0.673086199299627,0.673086199299627,76.0971040790844,34.5715073541439,-0.223411999702495
35.79,0.1910264261236,0.0793637561470369,0.438749078543992,0.00109049519959279,0.011815878235911,0.0219223796542768,83.5808700113258,0.248320218310487,0.0775153023560703,0.0026717270118152,0.00274693794419722,0.701240792727062,-0.0149287710599037,-10.5883092811806,-2.05850974727246e-14,-0.0429869122185295,1.24938539551573e-13,0,0,0,0,1,0.673086199299627,0.673086199299627,76.0874970280001,34.5890432905683,-0.229591174506407
35.8,0.191056229204122,0.0794381196214747,0.438987516706056,0.00108765661046375,0.0118127001249511,0.0219261144338618,83.5793889521922,0.24831582471706,0.077515611949012,0.00267427031981278,0.00282086944654184,0.701267174882083,-0.0149493534304926,-10.5879517735185,-2.05850974727246e-14,-0.0429869122185295,1.24938539551573e-13,0,0,0,0,1,0.673086199299627,0.673086199299627,76.077878364221,34.6065758997402,-0.235766231978305
35.81,0.191086024334539,0.0795124376281692,0.439225989213911,0.00108482586538681,0.011809503793031,0.0219298491464459,83.5779011546331,0.248311411280079,0.0775159234391204,0.00267680881656598,0.0028947543599621,0.701293686769858,-0.0149698894228248,-10.5875926371508,-2.05850974727246e-14,-0.0429869122185295,1.24938539551573e-13,0,0,0,0,1,0.673086199299627,0.673086199299627,76.0682480969028,34.6241051768024,-0.24193715587398
35.82,0.191115811584318,0.0795867099882838,0.439464496029993,0.00108200293540157,0.0118062892299091,0.0219335838045376,83.5764066255814,0.248306978020011,0.0775162368234421,0.00267934252329197,0.00296859250579901,0.701320328231511,-0.0149903792110821,-10.5872318736389,-2.05850974727246e-14,-0.0429869122185295,1.24938539551573e-13,0,0,0,0,1,0.673086199299627,0.673086199299627,76.0586062352172,34.6416311169182,-0.248103929965575
35.83,0.191145591022585,0.079660936522848,0.439703037116826,0.0010791877916743,0.0118030564259739,0.0219373184205833,83.5749053719851,0.248302524957369,0.0775165520987654,0.00268187146111423,0.00304238370552453,0.701347099103961,-0.0150108229687023,-10.5868694845217,-2.05850974727246e-14,-0.0429869122185295,1.24938539551573e-13,0,0,0,0,1,0.673086199299627,0.673086199299627,76.0489527883529,34.6591537152707,-0.254266538041366
35.84,0.191175362718132,0.0797351170527644,0.43994161243702,0.00107638040549722,0.0117998053722495,0.0219410530069679,83.5733974008074,0.24829805211271,0.0775168692616296,0.00268439565106295,0.0031161277807388,0.701373999220066,-0.0150312208683808,-10.5865054713165,-2.05850974727246e-14,-0.0429869122185295,1.24938539551573e-13,0,0,0,0,1,0.673086199299627,0.673086199299627,76.0392877655149,34.6766729670636,-0.26042496390555
35.85,0.191205126739415,0.0798092513988146,0.440180221953276,0.00107358074828763,0.0117965360604013,0.0219447875760148,83.5718827190266,0.248293559506635,0.0775171883083339,0.00268691511407538,0.00318982455316768,0.701401028408751,-0.0150515730820778,-10.5861398355204,-2.05850974727246e-14,-0.0429869122185295,1.24938539551573e-13,0,0,0,0,1,0.673086199299627,0.673086199299627,76.0296111759247,34.6941888675202,-0.266579191378044
35.86,0.191234883154557,0.079883339381666,0.440418865628384,0.00107078879158725,0.0117932484827394,0.0219485221399859,83.5703613336359,0.24828904715979,0.0775175092349469,0.00268942987099628,0.00326347384466021,0.701428186495158,-0.0150718797810176,-10.5857725786106,-2.05850974727246e-14,-0.0429869122185295,1.24938539551573e-13,0,0,0,0,1,0.673086199299627,0.673086199299627,76.0199230288205,34.7117014118841,-0.272729204294297
35.87,0.191264632031348,0.0799573808218782,0.440657543425223,0.00106800450706138,0.0117899426322234,0.0219522567110819,83.5688332516438,0.248284515092865,0.077517832037315,0.00269193994257822,0.00333707547718634,0.70145547330077,-0.0150921411356951,-10.5854037020462,-2.05850974727246e-14,-0.0429869122185295,1.24938539551573e-13,0,0,0,0,1,0.673086199299627,0.673086199299627,76.0102233334569,34.7292105954189,-0.278874986505107
35.88,0.191294373437248,0.0800313755399097,0.440896255306763,0.00106522786649821,0.0117866185024646,0.0219559913014426,83.5672984800736,0.248279963326594,0.077518156711072,0.00269444534948203,0.00341062927283468,0.701482888643551,-0.0151123573158777,-10.5850332072685,-2.05850974727246e-14,-0.0429869122185295,1.24938539551573e-13,0,0,0,0,1,0.673086199299627,0.673086199299627,76.0005120991048,34.7467164134081,-0.285016521876449
35.89,0.191324107439385,0.0801053233561242,0.441135001236067,0.00106245884180804,0.0117832760877283,0.0219597259231471,83.5657570259639,0.248275391881754,0.077518483251647,0.00269694611227716,0.00348413505381044,0.701510432338078,-0.0151325284906099,-10.5846610957023,-2.05850974727246e-14,-0.0429869122185295,1.24938539551573e-13,0,0,0,0,1,0.673086199299627,0.673086199299627,75.9907893350518,34.7642188611548,-0.291153794289318
35.9,0.191353834104562,0.0801792240907976,0.441373781176288,0.0010596974050226,0.0117799153829359,0.0219634605882138,83.564208896368,0.248270800779167,0.0775188116542741,0.00269944225144206,0.00355759264243332,0.701538104195672,-0.0151526548282149,-10.5842873687569,-2.05850974727246e-14,-0.0429869122185295,1.24938539551573e-13,0,0,0,0,1,0.673086199299627,0.673086199299627,75.981055050602,34.7817179339825,-0.297286787639563
35.91,0.19138355349925,0.0802530775641242,0.44161259509067,0.00105694352829429,0.0117765363836656,0.021967195308601,83.5626540983546,0.248266190039701,0.0775191419140001,0.00270193378736454,0.00363100186113582,0.701565904024527,-0.0151727364962993,-10.5839120278267,-2.05850974727246e-14,-0.0429869122185295,1.24938539551573e-13,0,0,0,0,1,0.673086199299627,0.673086199299627,75.9713092550757,34.7992136272339,-0.303415485837763
35.92,0.191413265689598,0.0803268835962236,0.441851442942554,0.0010541971838955,0.0117731390861528,0.0219709300962065,83.5610926390071,0.248261559684266,0.0775194740256936,0.0027044207403422,0.00370436253246134,0.701593831629844,-0.0151927736617567,-10.5835350742924,-2.05850974727246e-14,-0.0429869122185295,1.24938539551573e-13,0,0,0,0,1,0.673086199299627,0.673086199299627,75.9615519578098,34.8167059362718,-0.309539872809078
35.93,0.191442970741428,0.0804006420071474,0.442090324695371,0.00105145834421788,0.01176972348729,0.0219746649628686,83.559524525424,0.248256909733815,0.0775198079840532,0.00270690313058273,0.00377767447906259,0.701621886813948,-0.0152127664907697,-10.5831565095221,-2.05850974727246e-14,-0.0429869122185295,1.24938539551573e-13,0,0,0,0,1,0.673086199299627,0.673086199299627,75.9517831681576,34.8341948564787,-0.315659932493134
35.94,0.191472668720239,0.0804743526168853,0.442329240312649,0.00104872698177171,0.011766289584626,0.0219783999203654,83.5579497647188,0.248252240209347,0.0775201437836156,0.00270938097820435,0.00385093752369993,0.701650069376423,-0.0152327151488134,-10.5827763348717,-2.05850974727246e-14,-0.0429869122185295,1.24938539551573e-13,0,0,0,0,1,0.673086199299627,0.673086199299627,75.9420028954887,34.8516803832566,-0.321775648843895
35.95,0.191502359691208,0.0805480152453724,0.442568189758008,0.00104600306918513,0.0117628373763644,0.021982134980416,83.5563683640201,0.248247551131904,0.0775204814187641,0.00271185430323615,0.00392415148924017,0.701678379114228,-0.0152526198006599,-10.5823945516861,-2.05850974727246e-14,-0.0429869122185295,1.24938539551573e-13,0,0,0,0,1,0.673086199299627,0.673086199299627,75.9322111491891,34.8691625120274,-0.327887005829575
35.96,0.19153204371919,0.0806216297124952,0.442807172995165,0.00104328657920354,0.0117593668613621,0.0219858701546798,83.5547803304711,0.248242842522573,0.0775208208837363,0.00271432312561847,0.00399731619865488,0.701706815821825,-0.0152724806103794,-10.5820111612999,-2.05850974727246e-14,-0.0429869122185295,1.24938539551573e-13,0,0,0,0,1,0.673086199299627,0.673086199299627,75.9224079386613,34.8866412382324,-0.333993987432515
35.97,0.191561720868721,0.0806951958380987,0.443046189987935,0.00104057748468893,0.0117558780391266,0.0219896054547576,83.5531856712303,0.248238114402484,0.0775211621726322,0.00271678746520327,0.00407043147501943,0.701735379291293,-0.0152922977413447,-10.5816261650387,-2.05850974727246e-14,-0.0429869122185295,1.24938539551573e-13,0,0,0,0,1,0.673086199299627,0.673086199299627,75.9125932733239,34.9041165573325,-0.340096577649111
35.98,0.191591391204016,0.0807687134419924,0.443285240700225,0.00103787575861918,0.0117523709098134,0.0219933408921909,83.551584393471,0.248233366792811,0.077521505279422,0.0027192473417545,0.00414349714151176,0.701764069312451,-0.0153120713562344,-10.5812395642192,-2.05850974727246e-14,-0.0429869122185295,1.24938539551573e-13,0,0,0,0,1,0.673086199299627,0.673086199299627,75.902767162612,34.9215884648083,-0.346194760489728
35.99,0.191621054788977,0.0808421823439572,0.443524325096045,0.00103518137408746,0.0117488454742223,0.0219970764784629,83.5499765043814,0.24822859971477,0.0775218501979534,0.00272170277494845,0.00421651302141141,0.701792885672968,-0.0153318016170349,-10.5808513601506,-2.05850974727246e-14,-0.0429869122185295,1.24938539551573e-13,0,0,0,0,1,0.673086199299627,0.673086199299627,75.8929296159769,34.9390569561596,-0.352288519978631
36,0.191650711687185,0.0809156023637517,0.443763443139498,0.00103249430430157,0.011745301733794,0.0220008122249985,83.5483620111647,0.248223813189625,0.0775221969219598,0.00272415378437412,0.0042894789380984,0.701821828158482,-0.015351488685044,-10.5804615541354,-2.05850974727246e-14,-0.0429869122185295,1.24938539551573e-13,0,0,0,0,1,0.673086199299627,0.673086199299627,75.883080642886,34.956522026906,-0.358377840153902
36.01,0.191680361961909,0.0809889733211186,0.444002594794789,0.00102981452258335,0.0117417396906055,0.0220045481431642,83.5467409210388,0.248219007238679,0.0775225454450668,0.00272660038953362,0.00436239471505257,0.701850896552711,-0.0153711327208741,-10.5800701474697,-2.05850974727246e-14,-0.0429869122185295,1.24938539551573e-13,0,0,0,0,1,0.673086199299627,0.673086199299627,75.8732202528234,34.9739836725864,-0.364462705067405
36.02,0.191710005676103,0.0810622950357913,0.444241780026219,0.001027142002368,0.0117381593473656,0.0220082842442688,83.5451132412367,0.248214181883283,0.0775228957608003,0.00272904260984247,0.00443526017585269,0.701880090637557,-0.0153907338844554,-10.5796771414444,-2.05850974727246e-14,-0.0429869122185295,1.24938539551573e-13,0,0,0,0,1,0.673086199299627,0.673086199299627,75.863348455289,34.9914418887592,-0.370543098784717
36.03,0.191739642892409,0.0811355673275001,0.444480998798192,0.00102447671720353,0.0117345607074099,0.0220120205395633,83.5434789790063,0.248209337144828,0.0775232478625928,0.00273148046463001,0.00450807514417585,0.701909410193226,-0.0154102923350369,-10.5792825373461,-2.05850974727246e-14,-0.0429869122185295,1.24938539551573e-13,0,0,0,0,1,0.673086199299627,0.673086199299627,75.853465259799,35.0088966710021,-0.376619005385096
36.04,0.191769273673155,0.0812087900159783,0.44472025107521,0.00102181864075012,0.0117309437746951,0.0220157570402414,83.54183814161,0.248204473044751,0.077523601743791,0.00273391397313971,0.00458083944379703,0.70193885499832,-0.0154298082311925,-10.5788863364573,-2.05850974727246e-14,-0.0429869122185295,1.24938539551573e-13,0,0,0,0,1,0.673086199299627,0.673086199299627,75.843570675886,35.0263480149122,-0.382690408961453
36.05,0.191798898080363,0.0812819629209689,0.444959536821877,0.00101916774677954,0.0117273085537933,0.0220194937574395,83.5401907363255,0.248199589604532,0.0775239573976623,0.00273634315452959,0.00465355289858832,0.701968424829947,-0.0154492817308204,-10.5784885400576,-2.05850974727246e-14,-0.0429869122185295,1.24938539551573e-13,0,0,0,0,1,0.673086199299627,0.673086199299627,75.8336647130983,35.043795916106,-0.388757293620305
36.06,0.191828516175742,0.0813550858622303,0.445198856002898,0.0010165240091746,0.0117236550498861,0.022023230702237,83.538536770445,0.248194686845694,0.0775243148174013,0.00273876802787251,0.00472621533251869,0.701998119463821,-0.0154687129911486,-10.5780891494241,-2.05850974727246e-14,-0.0429869122185295,1.24938539551573e-13,0,0,0,0,1,0.673086199299627,0.673086199299627,75.8237473810007,35.0612403702195,-0.394819643481766
36.07,0.191858128020695,0.0814281586595426,0.445438208583081,0.0010138874019285,0.0117199832687574,0.0220269678856568,83.5368762512758,0.248189764789804,0.0775246739961367,0.00274118861215656,0.00479882656965375,0.702027938674365,-0.0154881021687364,-10.5776881658323,-2.05850974727246e-14,-0.0429869122185295,1.24938539551573e-13,0,0,0,0,1,0.673086199299627,0.673086199299627,75.8138186891739,35.0786813729076,-0.400877442679537
36.08,0.191887733676317,0.0815011811327138,0.445677594527334,0.00101125789914435,0.0117162932167872,0.022030705318665,83.5352091861396,0.248184823458471,0.0775250349269374,0.0027436049262854,0.00487138643415533,0.7020578822348,-0.0155074494194778,-10.5772855905567,-2.05850974727246e-14,-0.0429869122185295,1.24938539551573e-13,0,0,0,0,1,0.673086199299627,0.673086199299627,75.8038786472148,35.0961189198448,-0.40693067536089
36.09,0.1919173332034,0.0815741531015854,0.445917013800671,0.00100863547503454,0.0117125849009442,0.0220344430121716,83.5335355823733,0.248179862873351,0.0775253976028185,0.00274601698907861,0.00494389475028138,0.702087949917244,-0.015526754898603,-10.5768814248714,-2.05850974727246e-14,-0.0429869122185295,1.24938539551573e-13,0,0,0,0,1,0.673086199299627,0.673086199299627,75.7939272647361,35.1135530067249,-0.412979325686668
36.1,0.191946926662428,0.0816470743860386,0.446156466368208,0.00100602010392022,0.0117088583287785,0.0220381809770306,83.5318554473283,0.248174883056139,0.0775257620167481,0.00274842481927203,0.00501635134238603,0.702118141492804,-0.0155460187606826,-10.576475670051,-2.05850974727246e-14,-0.0429869122185295,1.24938539551573e-13,0,0,0,0,1,0.673086199299627,0.673086199299627,75.7839645513667,35.1309836292607,-0.419023377831304
36.11,0.191976514113584,0.0817199448060002,0.446395952195167,0.00100341176023079,0.0117051135084136,0.0220419192240401,83.530168788371,0.248169884028577,0.0775261281616523,0.00275082843551813,0.00508875603491932,0.702148456731666,-0.0155652411596297,-10.5760683273707,-2.05850974727246e-14,-0.0429869122185295,1.24938539551573e-13,0,0,0,0,1,0.673086199299627,0.673086199299627,75.7739905167513,35.1484107831847,-0.425062815982812
36.12,0.192006095616749,0.081792764181448,0.446635471246872,0.00100081041850328,0.0117013504485389,0.0220456577639429,83.5284756128822,0.248164865812447,0.0775264960304215,0.00275322785638631,0.00516110865242752,0.702178895403179,-0.0155844222487023,-10.5756593981074,-2.05850974727246e-14,-0.0429869122185295,1.24938539551573e-13,0,0,0,0,1,0.673086199299627,0.673086199299627,75.7640051705508,35.165834464248,-0.431097624342821
36.13,0.192035671231501,0.0818655323324167,0.446875023488754,0.000998216053381924,0.0116975691584012,0.0220493966074262,83.5267759282577,0.248159828429578,0.0775268656159159,0.00275562310036329,0.00523340901955312,0.702209457275949,-0.0156035621805066,-10.5752488835402,-2.05850974727246e-14,-0.0429869122185295,1.24938539551573e-13,0,0,0,0,1,0.673086199299627,0.673086199299627,75.7540085224417,35.1832546682215,-0.437127787126597
36.14,0.19206524101712,0.0819382490790034,0.447114608886349,0.000995628639617561,0.0116937696477965,0.0220531357651222,83.525069741908,0.248154771901838,0.0775272369109709,0.00275801418585342,0.00530565696103508,0.702240142117909,-0.0156226611069986,-10.5748367849507,-2.05850974727246e-14,-0.0429869122185295,1.24938539551573e-13,0,0,0,0,1,0.673086199299627,0.673086199299627,75.7440005821165,35.200671390895,-0.443153288563066
36.15,0.192094805032587,0.0820109142413733,0.4473542274053,0.000993048152067169,0.0116899519270613,0.0220568752476085,83.5233570612581,0.248149696251142,0.0775276099084023,0.00276040113117902,0.00537785230170908,0.702270949696413,-0.015641719179487,-10.5744231036238,-2.05850974727246e-14,-0.0429869122185295,1.24938539551573e-13,0,0,0,0,1,0.673086199299627,0.673086199299627,75.7339813592835,35.2180846280775,-0.449174112894852
36.16,0.192124363336585,0.0820835276397649,0.447593879011356,0.000990474565693343,0.0116861160070636,0.0220606150654077,83.521637893748,0.248144601499445,0.0775279846010116,0.00276278395458075,0.00544999486650784,0.702301879778304,-0.0156607365486372,-10.5740078408483,-2.05850974727246e-14,-0.0429869122185295,1.24938539551573e-13,0,0,0,0,1,0.673086199299627,0.673086199299627,75.7239508636669,35.2354943755972,-0.455190244378318
36.17,0.1921539159875,0.0821560890944953,0.447833563670373,0.000987907855563803,0.0116822618991945,0.0220643552289885,83.519912246832,0.248139487668747,0.0775283609815909,0.00276516267421788,0.00552208448046163,0.702332932129997,-0.0156797133644715,-10.573590997917,-2.05850974727246e-14,-0.0429869122185295,1.24938539551573e-13,0,0,0,0,1,0.673086199299627,0.673086199299627,75.7139091050066,35.2529006293016,-0.461201667283615
36.18,0.192183463043424,0.0822285984259657,0.448073281348314,0.000985347996850904,0.0116783896153585,0.0220680957487651,83.5181801279792,0.248134354781091,0.0775287390429277,0.00276753730816869,0.00559412096869863,0.70236410651755,-0.0156986497763733,-10.5731725761278,-2.05850974727246e-14,-0.0429869122185295,1.24938539551573e-13,0,0,0,0,1,0.673086199299627,0.673086199299627,75.7038560930581,35.2703033850573,-0.467208365894732
36.19,0.192213004562154,0.0823010554546661,0.448313032011251,0.000982794964831153,0.0116744991679644,0.022071836635098,83.5164415446735,0.248129202858561,0.0775291187778098,0.00276990787443076,0.00566610415644546,0.702395402706733,-0.0157175459330891,-10.5727525767837,-2.05850974727246e-14,-0.0429869122185295,1.24938539551573e-13,0,0,0,0,1,0.673086199299627,0.673086199299627,75.6937918375927,35.2877026387498,-0.473210324509544
36.2,0.192242540601194,0.0823734600011809,0.448552815625364,0.000980248734884733,0.0116705905699159,0.0220755778982939,83.5146965044132,0.248124031923287,0.0775295001790294,0.00277227439092132,0.00573803386902774,0.702426820463106,-0.0157364019827306,-10.5723310011934,-2.05850974727246e-14,-0.0429869122185295,1.24938539551573e-13,0,0,0,0,1,0.673086199299627,0.673086199299627,75.6837163483975,35.3050983862841,-0.479207527439877
36.21,0.192272071217755,0.0824458118861935,0.448792632156942,0.000977709282495034,0.0116666638346022,0.0220793195486062,83.5129450147112,0.248118841997438,0.0775298832393879,0.00277463687547758,0.00580990993187075,0.702458359552072,-0.015755218072778,-10.571907850672,-2.05850974727246e-14,-0.0429869122185295,1.24938539551573e-13,0,0,0,0,1,0.673086199299627,0.673086199299627,75.6736296352749,35.3224906235841,-0.485199959011574
36.22,0.192301596468759,0.0825181109304912,0.449032481572381,0.000975176583248192,0.0116627189758881,0.0220830615962351,83.511187083095,0.248113633103229,0.0775302679516998,0.00277699534585702,0.00588173217050018,0.702490019738955,-0.0157739943500812,-10.571483126541,-2.05850974727246e-14,-0.0429869122185295,1.24938539551573e-13,0,0,0,0,1,0.673086199299627,0.673086199299627,75.6635317080432,35.3398793465929,-0.491187603564567
36.23,0.192331116410837,0.0825903569549702,0.449272363838189,0.000972650612832633,0.0116587560081044,0.0220868040513277,83.5094227171068,0.248108405262917,0.0775306543087971,0.00277934981973777,0.0059535004105427,0.702521800789058,-0.015792730960864,-10.5710568301291,-2.05850974727246e-14,-0.0429869122185295,1.24938539551573e-13,0,0,0,0,1,0.673086199299627,0.673086199299627,75.6534225765359,35.3572645512729,-0.49717044545294
36.24,0.192360631100332,0.0826625497806399,0.449512278920983,0.000970131347038619,0.0116547749460378,0.0220905469239786,83.5076519243032,0.248103158498802,0.077531042303533,0.00278170031471888,0.00602521447772694,0.70255370246772,-0.0158114280507241,-10.5706289627725,-2.05850974727246e-14,-0.0429869122185295,1.24938539551573e-13,0,0,0,0,1,0.673086199299627,0.673086199299627,75.6433022506022,35.3746462336052,-0.503148469045019
36.25,0.192390140593299,0.0827346892286278,0.449752226787489,0.000967618761757812,0.0116507758049216,0.0220942902242296,83.5058747122554,0.248097892833224,0.0775314319287856,0.00278404684832071,0.00609687419788414,0.702585724540375,-0.0158300857646383,-10.5701995258149,-2.05850974727246e-14,-0.0429869122185295,1.24938539551573e-13,0,0,0,0,1,0.673086199299627,0.673086199299627,75.6331707401068,35.3920243895904,-0.509121658723442
36.26,0.192419644945505,0.0828067751201838,0.449992207404545,0.000965112832982833,0.011646758600425,0.0220980339620705,83.504091088549,0.248092608288569,0.0775318231774618,0.00278638943798514,0.00616847939694914,0.702617866772614,-0.0158487042469624,-10.5697685206085,-2.05850974727246e-14,-0.0429869122185295,1.24938539551573e-13,0,0,0,0,1,0.673086199299627,0.673086199299627,75.6230280549297,35.409399015248,-0.515089998885249
36.27,0.192449144212435,0.0828788072766847,0.450232220739099,0.000962613536806829,0.0116427233486436,0.0221017781474389,83.5023010607842,0.248087304887263,0.0775322160425008,0.00278872810107602,0.00624002990096123,0.70265012893023,-0.0158672836414349,-10.5693359485141,-2.05850974727246e-14,-0.0429869122185295,1.24938539551573e-13,0,0,0,0,1,0.673086199299627,0.673086199299627,75.6128742049663,35.4267701066167,-0.521053473941968
36.28,0.192478638449287,0.0829507855196383,0.450472266758209,0.00096012084942305,0.0116386700660889,0.0221055227902205,83.5005046365756,0.248081982651777,0.0775326105168769,0.00279106285487939,0.00631152553606517,0.702682510779277,-0.0158858240911792,-10.5689018109012,-2.05850974727246e-14,-0.0429869122185295,1.24938539551573e-13,0,0,0,0,1,0.673086199299627,0.673086199299627,75.6027092001273,35.4441376597543,-0.527012068319711
36.29,0.192508127710976,0.0830227096706878,0.450712345429046,0.000957634747124428,0.0116345987696789,0.0221092679002497,83.4987018235523,0.248076641604623,0.0775330065936036,0.00279339371660381,0.00638296612851214,0.702715012086114,-0.0159043257387057,-10.5684661091485,-2.05850974727246e-14,-0.0429869122185295,1.24938539551573e-13,0,0,0,0,1,0.673086199299627,0.673086199299627,75.5925330503387,35.4615016707375,-0.532965766459264
36.3,0.192537612052135,0.0830945795516158,0.450952456718891,0.000955155206303163,0.0116305094767271,0.0221130134873091,83.4968926293578,0.248071281768354,0.0775334042657358,0.00279572070338072,0.00645435150466087,0.702747632617453,-0.015922788725913,-10.5680288446443,-2.05850974727246e-14,-0.0429869122185295,1.24938539551573e-13,0,0,0,0,1,0.673086199299627,0.673086199299627,75.5823457655419,35.4788621356625,-0.538914552816194
36.31,0.192567091527117,0.0831663949843482,0.451192600595139,0.000952682203450313,0.0116264022049331,0.0221167595611304,83.4950770616501,0.248065903165569,0.0775338035263734,0.0027980438322647,0.0065256814909785,0.702780372140409,-0.0159412131940931,-10.5675900187867,-2.05850974727246e-14,-0.0429869122185295,1.24938539551573e-13,0,0,0,0,1,0.673086199299627,0.673086199299627,75.5721473556931,35.4962190506442,-0.544858411860929
36.32,0.192596566189993,0.083238155790958,0.451432777025293,0.000950215715155391,0.0116222769723721,0.0221205061313944,83.4932551281014,0.248060505818904,0.0775342043686637,0.0028003631202338,0.0065969559140419,0.702813230422541,-0.0159595992839313,-10.567149632984,-2.05850974727246e-14,-0.0429869122185295,1.24938539551573e-13,0,0,0,0,1,0.673086199299627,0.673086199299627,75.5619378307641,35.5135724118168,-0.550797328078884
36.33,0.192626036094556,0.0833098617936695,0.451672985976972,0.000947755718105965,0.011618133797485,0.0221242532077311,83.4914268363985,0.248055089751043,0.077534606785804,0.00280267858418987,0.00666817460053877,0.702846207231887,-0.0159779471355083,-10.5667076886545,-2.05850974727246e-14,-0.0429869122185295,1.24938539551573e-13,0,0,0,0,1,0.673086199299627,0.673086199299627,75.5517172007415,35.5309222153334,-0.556731285970561
36.34,0.19265550129432,0.0833815128148614,0.451913227417905,0.000945302189087267,0.0116139726990682,0.02212800079972,83.4895921942424,0.248049654984708,0.0775350107710447,0.00280499024095881,0.00673933737726866,0.702879302337011,-0.0159962568883038,-10.5662641872275,-2.05850974727246e-14,-0.0429869122185295,1.24938539551573e-13,0,0,0,0,1,0.673086199299627,0.673086199299627,75.5414854756272,35.5482684573666,-0.562660270051646
36.35,0.192684961842525,0.0834531086770709,0.452153501315934,0.000942855104981799,0.0116097936962634,0.0221317489168902,83.4877512093485,0.248044201542665,0.0775354163176909,0.00280729810729094,0.00681044407114442,0.702912515507039,-0.0160145286811989,-10.5658191301429,-2.05850974727246e-14,-0.0429869122185295,1.24938539551573e-13,0,0,0,0,1,0.673086199299627,0.673086199299627,75.531242665438,35.5656111341076,-0.568584264853141
36.36,0.192714417792132,0.0835246492029968,0.452393807639014,0.000940414442768951,0.0116055968085481,0.0221354975687209,83.4859038894466,0.248038729447722,0.0775358234191053,0.00280960219986125,0.00688149450919314,0.70294584651169,-0.0160327626524759,-10.5653725188516,-2.05850974727246e-14,-0.0429869122185295,1.24938539551573e-13,0,0,0,0,1,0.673086199299627,0.673086199299627,75.5209887802055,35.582950241767,-0.574503254921453
36.37,0.192743869195828,0.0835961342155032,0.452634146355213,0.000937980179524625,0.0116013820557249,0.0221392467646413,83.4840502422805,0.248033238722727,0.07753623206871,0.00281190253526975,0.00695248851855763,0.702979295121312,-0.0160509589398243,-10.5649243548158,-2.05850974727246e-14,-0.0429869122185295,1.24938539551573e-13,0,0,0,0,1,0.673086199299627,0.673086199299627,75.5107238299766,35.6002857765743,-0.580417224818531
36.38,0.192773316106026,0.0836675635376226,0.452874517432711,0.00093555229242085,0.0115971494579121,0.0221429965140311,83.4821902756087,0.248027729390572,0.0775366422599887,0.00281419913004171,0.00702342592649758,0.703012861106918,-0.016069117680339,-10.5644746395093,-2.05850974727246e-14,-0.0429869122185295,1.24938539551573e-13,0,0,0,0,1,0.673086199299627,0.673086199299627,75.5004478248127,35.6176177347784,-0.586326159121968
36.39,0.192802758574867,0.0837389369925588,0.453114920839801,0.00093313075872542,0.0115928990355336,0.0221467468262205,83.4803239972035,0.248022201474191,0.0775370539864884,0.00281649200062803,0.00709430656039086,0.703046544240207,-0.0160872390105258,-10.5640233744172,-2.05850974727246e-14,-0.0429869122185295,1.24938539551573e-13,0,0,0,0,1,0.673086199299627,0.673086199299627,75.4901607747902,35.6349461126469,-0.592230042425128
36.4,0.19283219665422,0.0838102544036908,0.45335535654489,0.000930715555801521,0.0115886308093094,0.0221504977104904,83.4784514148519,0.248016654996558,0.0775374672418215,0.00281878116340548,0.00716513024773491,0.703080344293598,-0.0161053230663016,-10.5635705610366,-2.05850974727246e-14,-0.0429869122185295,1.24938539551573e-13,0,0,0,0,1,0.673086199299627,0.673086199299627,75.4798626900004,35.6522709064669,-0.598128859337267
36.41,0.192861630395683,0.083881515594575,0.453595824516496,0.00092830666110737,0.0115843448002453,0.0221542491760726,83.4765725363547,0.24801108998069,0.077537882019667,0.00282106663467704,0.00723589681614798,0.703114261040256,-0.0161233699829972,-10.5631162008765,-2.05850974727246e-14,-0.0429869122185295,1.24938539551573e-13,0,0,0,0,1,0.673086199299627,0.673086199299627,75.4695535805491,35.6695921125441,-0.604022594483648
36.42,0.192891059850584,0.0839527203889483,0.453836324723252,0.000925904052195855,0.0115800410296238,0.0221580012321504,83.4746873695271,0.248005506449646,0.0775382983137725,0.00282334843067214,0.00730660609337053,0.703148294254109,-0.0161413798953599,-10.5626602954579,-2.05850974727246e-14,-0.0429869122185295,1.24938539551573e-13,0,0,0,0,1,0.673086199299627,0.673086199299627,75.4592334565569,35.6869097272038,-0.609911232505668
36.43,0.192920485069982,0.0840238686107314,0.454076857133905,0.000923507706714178,0.0115757195189944,0.022161753887858,83.4727959221985,0.247999904426526,0.0775387161179553,0.00282562656754702,0.0073772579072666,0.703182443709883,-0.0161593529375546,-10.5622028463142,-2.05850974727246e-14,-0.0429869122185295,1.24938539551573e-13,0,0,0,0,1,0.673086199299627,0.673086199299627,75.4489023281591,35.7042237467901,-0.615794758060988
36.44,0.19294990610467,0.0840949600840306,0.454317421717313,0.000921117602403505,0.0115713802901639,0.0221655071522817,83.4708982022124,0.247994283934471,0.077539135426104,0.00282790106138496,0.00744785208582525,0.703216709183113,-0.0161772892431676,-10.5617438549907,-2.05850974727246e-14,-0.0429869122185295,1.24938539551573e-13,0,0,0,0,1,0.673086199299627,0.673086199299627,75.4385602055055,35.7215341676663,-0.621673155823656
36.45,0.192979323005172,0.0841659946331413,0.454558018442447,0.000918733717098617,0.0115670233651872,0.0221692610344593,83.4689942174263,0.247988644996664,0.0775395562321793,0.00283017192819661,0.00751838845716186,0.703251090450165,-0.0161951889452066,-10.5612833230456,-2.05850974727246e-14,-0.0429869122185295,1.24938539551573e-13,0,0,0,0,1,0.673086199299627,0.673086199299627,75.4282070987603,35.7388409862148,-0.627546410484229
36.46,0.193008735821749,0.08423697208255,0.454798647278394,0.000916356028727563,0.0115626487663584,0.0221730155433804,83.467083975712,0.247982987636331,0.0775399785302155,0.00283243918392027,0.00758886684951947,0.703285587288257,-0.0162130521761042,-10.5608212520492,-2.05850974727246e-14,-0.0429869122185295,1.24938539551573e-13,0,0,0,0,1,0.673086199299627,0.673086199299627,75.4178430181025,35.7561441988371,-0.633414506749896
36.47,0.193038144604394,0.0843078922569369,0.455039308194351,0.000913984515311319,0.0115582565162008,0.0221767706879872,83.4651674849553,0.247977311876735,0.0775404023143215,0.00283470284442217,0.00765928709127057,0.70332019947547,-0.0162308790677209,-10.5603576435847,-2.05850974727246e-14,-0.0429869122185295,1.24938539551573e-13,0,0,0,0,1,0.673086199299627,0.673086199299627,75.4074679737254,35.7734438019538,-0.639277429344637
36.48,0.193067549402839,0.0843787549811783,0.45528000115963,0.00091161915496345,0.0115538466374586,0.0221805264771739,83.4632447530561,0.247971617741186,0.0775408275786814,0.00283696292549674,0.00772964901091807,0.703354926790767,-0.016248669751345,-10.5598924992478,-2.05850974727246e-14,-0.0429869122185295,1.24938539551573e-13,0,0,0,0,1,0.673086199299627,0.673086199299627,75.3970819758365,35.7907397920046,-0.645135163009314
36.49,0.193096950266552,0.0844495600803485,0.455520726143656,0.000909259925889771,0.0115494191530878,0.0221842829197875,83.4613157879283,0.247965905253031,0.0775412543175554,0.00283921944286696,0.007799952437097,0.703389769014004,-0.0162664243576957,-10.559425820647,-2.05850974727246e-14,-0.0429869122185295,1.24938539551573e-13,0,0,0,0,1,0.673086199299627,0.673086199299627,75.3866850346579,35.8080321654484,-0.650987692501822
36.5,0.193126347244739,0.0845203073797226,0.455761483115966,0.000906906806388017,0.0115449740862472,0.0221880400246277,83.4593805974998,0.247960174435659,0.0775416825252807,0.00284147241218454,0.00787019719857593,0.70342472592594,-0.0162841430169261,-10.5589576094034,-2.05850974727246e-14,-0.0429869122185295,1.24938539551573e-13,0,0,0,0,1,0.673086199299627,0.673086199299627,75.3762771604258,35.825320918763,-0.656835002597216
36.51,0.193155740386347,0.084590996704778,0.45600227204621,0.000904559774847512,0.0115405114602899,0.022191797800447,83.4574391897125,0.247954425312502,0.077542112196272,0.0028437218490303,0.0079403831242584,0.703459797308254,-0.0163018258586239,-10.5584878671511,-2.05850974727246e-14,-0.0429869122185295,1.24938539551573e-13,0,0,0,0,1,0.673086199299627,0.673086199299627,75.3658583633907,35.8426060484456,-0.662677078087846
36.52,0.19318512974006,0.0846616278811968,0.456243092904151,0.00090221880974884,0.0115360312987546,0.0221955562559513,83.4554915725223,0.247948657907031,0.0775425433250218,0.0028459677689144,0.00801051004318431,0.703494982943544,-0.016319473011815,-10.558016595537,-2.05850974727246e-14,-0.0429869122185295,1.24938539551573e-13,0,0,0,0,1,0.673086199299627,0.673086199299627,75.3554286538173,35.8598875510122,-0.668513903783476
36.53,0.193214515354307,0.0847322007348673,0.456483945659666,0.00089988388966352,0.0115315336253576,0.0221993153997995,83.4535377538992,0.247942872242758,0.0775429759061014,0.00284821018727662,0.00808057778453149,0.703530282615344,-0.0163370846049635,-10.5575437962209,-2.05850974727246e-14,-0.0429869122185295,1.24938539551573e-13,0,0,0,0,1,0.673086199299627,0.673086199299627,75.3449880419845,35.8771654229984,-0.674345464511426
36.54,0.193243897277257,0.0848027150918863,0.456724830282742,0.000897554993253686,0.0115270184639839,0.0222030752406043,83.4515777418268,0.247937068343238,0.0775434099341604,0.00285044911948665,0.00815058617761712,0.703565696108126,-0.0163546607659762,-10.5570694708752,-2.05850974727246e-14,-0.0429869122185295,1.24938539551573e-13,0,0,0,0,1,0.673086199299627,0.673086199299627,75.3345365381849,35.8944396609584,-0.680171745116705
36.55,0.193273275556822,0.0848731707785604,0.45696574674348,0.000895232099271763,0.0115224858386796,0.0222068357869319,83.4496115443028,0.247931246232063,0.0775438454039279,0.00285268458084437,0.00822053505189918,0.703601223207302,-0.0163722016222022,-10.5565936211856,-2.05850974727246e-14,-0.0429869122185295,1.24938539551573e-13,0,0,0,0,1,0.673086199299627,0.673086199299627,75.3240741527257,35.9117102614658,-0.685992730462136
36.56,0.193302650240658,0.084943567621408,0.457206695012093,0.000892915186560151,0.0115179357736438,0.0222105970473025,83.4476391693389,0.24792540593287,0.0775442823102119,0.00285491658658011,0.0082904242369779,0.703636863699235,-0.0163897073004377,-10.5561162488503,-2.05850974727246e-14,-0.0429869122185295,1.24938539551573e-13,0,0,0,0,1,0.673086199299627,0.673086199299627,75.3136008959276,35.9289772211134,-0.691808405428487
36.57,0.193332021376167,0.0850139054471608,0.457447675058906,0.000890604234050911,0.0115133682932205,0.0222143590301902,83.4456606249604,0.247919547469335,0.0775447206479,0.00285714515185494,0.0083602535625973,0.703672617371233,-0.0164071779269252,-10.5556373555805,-2.05850974727246e-14,-0.0429869122185295,1.24938539551573e-13,0,0,0,0,1,0.673086199299627,0.673086199299627,75.3031167781255,35.9462405365129,-0.697618754914614
36.58,0.193361389010496,0.0850841840827652,0.457688686854355,0.000888299220765445,0.0115087834218912,0.0222181217440236,83.4436759192065,0.247913670865173,0.0775451604119587,0.00285937029176093,0.00843002285864656,0.70370848401156,-0.0164246136273578,-10.5551569431004,-2.05850974727246e-14,-0.0429869122185295,1.24938539551573e-13,0,0,0,0,1,0.673086199299627,0.673086199299627,75.2926218096679,35.9635002042954,-0.703423763837574
36.59,0.19339075319054,0.0851544033553839,0.457929730368989,0.000886000125814192,0.0115041811842673,0.0222218851971853,83.4416850601305,0.247907776144141,0.0775456015974344,0.00286159202132142,0.00849973195516151,0.703744463409428,-0.0164420145268799,-10.5546750131467,-2.05850974727246e-14,-0.0429869122185295,1.24938539551573e-13,0,0,0,0,1,0.673086199299627,0.673086199299627,75.2821160009174,35.9807562211109,-0.709223417132772
36.6,0.193420113962941,0.0852245630923972,0.458170805573469,0.000883706928396312,0.0114995616050827,0.0222256493980129,83.439688055799,0.247901863330038,0.0775460441994521,0.00286381035549131,0.00856938068232617,0.703780555354999,-0.0164593807500904,-10.554191567469,-2.05850974727246e-14,-0.0429869122185295,1.24938539551573e-13,0,0,0,0,1,0.673086199299627,0.673086199299627,75.2715993622501,35.9980085836286,-0.715017699754087
36.61,0.193449471374089,0.0852946631214042,0.458411912438564,0.000881419607799382,0.0114949247091865,0.0222294143547985,83.4376849142928,0.2478959324467,0.0775464882132163,0.00286602530915731,0.00863896887047399,0.703816759639387,-0.016476712421043,-10.5537066078297,-2.05850974727246e-14,-0.0429869122185295,1.24938539551573e-13,0,0,0,0,1,0.673086199299627,0.673086199299627,75.261071904056,36.0152572885369,-0.720806596673991
36.62,0.193478825470127,0.0853647032702242,0.458653050935157,0.000879138143399085,0.011490270521536,0.0222331800757893,83.4356756437062,0.247889983518007,0.0775469336340099,0.00286823689713821,0.0087084963500896,0.703853076054652,-0.0164940096632505,-10.5532201360037,-2.05850974727246e-14,-0.0429869122185295,1.24938539551573e-13,0,0,0,0,1,0.673086199299627,0.673086199299627,75.2505336367386,36.0325023325434,-0.7265900928837
36.63,0.193508176296945,0.0854346833668976,0.458894221034242,0.000876862514658911,0.0114855990671898,0.0222369465691874,83.4336602521473,0.247884016567876,0.0775473804571943,0.00287044513418516,0.00877796295180998,0.703889504393791,-0.0165112725996845,-10.5527321537787,-2.05850974727246e-14,-0.0429869122185295,1.24938539551573e-13,0,0,0,0,1,0.673086199299627,0.673086199299627,75.2399845707151,36.0497437123747,-0.732368173393283
36.64,0.193537523900187,0.0855046032396874,0.459135422706921,0.000874592701129848,0.011480910371301,0.0222407138431503,83.4316387477379,0.247878031620266,0.077547828678209,0.00287265003498191,0.00884736850642607,0.703926044450743,-0.0165285013527799,-10.5522426629547,-2.05850974727246e-14,-0.0429869122185295,1.24938539551573e-13,0,0,0,0,1,0.673086199299627,0.673086199299627,75.2294247164162,36.0669814247766,-0.738140823231806
36.65,0.193566868325247,0.0855744627170798,0.459376655924408,0.000872328682450085,0.0114762044591107,0.0222444819057911,83.4296111386134,0.247872028699177,0.077548278292571,0.00287485161414511,0.00891671284488402,0.703962696020378,-0.0165456960444342,-10.5517516653444,-2.05850974727246e-14,-0.0429869122185295,1.24938539551573e-13,0,0,0,0,1,0.673086199299627,0.673086199299627,75.2188540842861,36.0842154665142,-0.743908027447441
36.66,0.193596209617276,0.0856442616277854,0.459617920658027,0.000870070438344709,0.0114714813559414,0.0222482507651783,83.4275774329229,0.247866007828646,0.0775487292958745,0.00287704988622454,0.00898599579828684,0.703999458898491,-0.0165628567960117,-10.5512591627728,-2.05850974727246e-14,-0.0429869122185295,1.24938539551573e-13,0,0,0,0,1,0.673086199299627,0.673086199299627,75.2082726847824,36.1014458343714,-0.749669771107615
36.67,0.193625547821176,0.0857139998007399,0.45985921687921,0.000867817948625406,0.0114667410871909,0.0222520204293361,83.4255376388292,0.247859969032754,0.0775491816837901,0.00287924486570338,0.00905521719789562,0.704036332881793,-0.0165799837283441,-10.5507651570772,-2.05850974727246e-14,-0.0429869122185295,1.24938539551573e-13,0,0,0,0,1,0.673086199299627,0.673086199299627,75.1976805283761,36.1186725251516,-0.75542603929912
36.68,0.193654882981607,0.0857836770651051,0.460100544559502,0.000865571193190164,0.0114619836783262,0.022255790906245,83.4234917645085,0.247853912335618,0.0775496354520645,0.00288143656699849,0.00912437687513099,0.704073317767907,-0.0165970769617335,-10.5502696501072,-2.05850974727246e-14,-0.0429869122185295,1.24938539551573e-13,0,0,0,0,1,0.673086199299627,0.673086199299627,75.1870776255515,36.1358955356771,-0.761176817128243
36.69,0.193684215142983,0.0858532932502698,0.460341903670552,0.000863330152022979,0.0114572091548772,0.0222595622038413,83.4214398181507,0.247847837761397,0.0775500905965197,0.00288362500446065,0.00919347466157459,0.704110413355359,-0.0166141366159543,-10.5497726437244,-2.05850974727246e-14,-0.0429869122185295,1.24938539551573e-13,0,0,0,0,1,0.673086199299627,0.673086199299627,75.1764639868063,36.1531148627896,-0.766922089720895
36.7,0.193713544349476,0.0859228481858502,0.460583294184122,0.000861094805193554,0.0114524175424317,0.0222633343300176,83.4193818079594,0.247841745334291,0.0775505471130521,0.00288581019237481,0.00926251038897027,0.70414761944356,-0.016631162810254,-10.5492741398026,-2.05850974727246e-14,-0.0429869122185295,1.24938539551573e-13,0,0,0,0,1,0.673086199299627,0.673086199299627,75.1658396226512,36.1703305033497,-0.772661842222721
36.71,0.193742870645017,0.0859923417016905,0.460824716072081,0.000858865132857008,0.0114476088666287,0.0222671072926232,83.4173177421514,0.247835635078536,0.0775510049976319,0.00288799214496038,0.00933148388922564,0.704184935832808,-0.0166481556633571,-10.5487741402273,-2.05850974727246e-14,-0.0429869122185295,1.24938539551573e-13,0,0,0,0,1,0.673086199299627,0.673086199299627,75.1552045436103,36.1875424542373,-0.778396059799241
36.72,0.193772194073294,0.086061773627864,0.461066169306406,0.000856641115253585,0.0114427831531539,0.0222708810994635,83.4152476289572,0.247829507018412,0.0775514642463027,0.00289017087637147,0.00940039499441332,0.704222362324268,-0.016665115293465,-10.5482726468961,-2.05850974727246e-14,-0.0429869122185295,1.24938539551573e-13,0,0,0,0,1,0.673086199299627,0.673086199299627,75.1445587602206,36.2047507123515,-0.784124727635955
36.73,0.193801514677756,0.0861311437946733,0.46130765385918,0.000854422732708356,0.011437940427734,0.0222746557583012,83.4131714766207,0.247823361178235,0.07755192485518,0.00289234640069711,0.0094692435367723,0.704259898719964,-0.0166820418182597,-10.5477696617181,-2.05850974727246e-14,-0.0429869122185295,1.24938539551573e-13,0,0,0,0,1,0.673086199299627,0.673086199299627,75.1339022830322,36.2219552746102,-0.789847830938469
36.74,0.193830832501612,0.0862004520326506,0.461549169702598,0.000852209965630934,0.0114330807161316,0.0222784312768555,83.4110892933994,0.247817197582361,0.0775523868204506,0.00289451873196158,0.00953802934870937,0.704297544822766,-0.0166989353549045,-10.5472651866141,-2.05850974727246e-14,-0.0429869122185295,1.24938539551573e-13,0,0,0,0,1,0.673086199299627,0.673086199299627,75.1232351226083,36.239156137951,-0.795565354932621
36.75,0.193860147587835,0.0862696981725588,0.461790716808956,0.000850002794515179,0.01142820404414,0.0222822076628029,83.409001087564,0.247811016255189,0.0775528501383718,0.0028966878841246,0.00960675226280025,0.704335300436378,-0.0167157960200475,-10.5467592235164,-2.05850974727246e-14,-0.0429869122185295,1.24938539551573e-13,0,0,0,0,1,0.673086199299627,0.673086199299627,75.1125572895249,36.2563532993303,-0.801277284864583
36.76,0.193889459979156,0.0863388820453912,0.462032295150662,0.000847801199938908,0.011423310437579,0.022285984923777,83.4069068673988,0.247804817221152,0.0775533148052706,0.00289885387108158,0.00967541211179101,0.704373165365322,-0.0167326239298221,-10.5462517743685,-2.05850974727246e-14,-0.0429869122185295,1.24938539551573e-13,0,0,0,0,1,0.673086199299627,0.673086199299627,75.101868794371,36.2735467557236,-0.80698360600099
36.77,0.193918769718074,0.0864080034823721,0.462273904700228,0.000845605162563609,0.0114183999222897,0.0222897630673687,83.4048066412014,0.247798600504727,0.077553780817542,0.00290101670666393,0.00974400872859943,0.704411139414931,-0.0167494191998492,-10.5457428411254,-2.05850974727246e-14,-0.0429869122185295,1.24938539551573e-13,0,0,0,0,1,0.673086199299627,0.673086199299627,75.0911696477485,36.2907365041257,-0.812684303629053
36.78,0.193948076846848,0.0864770623149574,0.462515545430271,0.000843414663134154,0.01141347252413,0.0222935421011267,83.4027004172826,0.247792366130426,0.0775542481716489,0.00290317640463926,0.00981254194631605,0.704449222391325,-0.0167661819452402,-10.5452324257529,-2.05850974727246e-14,-0.0429869122185295,1.24938539551573e-13,0,0,0,0,1,0.673086199299627,0.673086199299627,75.0804598602717,36.3079225415506,-0.818379363056665
36.79,0.193977381407506,0.0865460583748346,0.462757217313515,0.000841229682478503,0.0114085282689709,0.0222973220325572,83.4005882039668,0.247786114122804,0.0775547168641204,0.00290533297871162,0.00988101159820574,0.704487414101401,-0.0167829122805968,-10.5447205302279,-2.05850974727246e-14,-0.0429869122185295,1.24938539551573e-13,0,0,0,0,1,0.673086199299627,0.673086199299627,75.0697394425682,36.3251048650313,-0.824068769612531
36.8,0.19400668344184,0.0866149914939227,0.462998920322788,0.000839050201507429,0.0114035671826915,0.022301102869124,83.3984700095916,0.247779844506453,0.0775551868915512,0.0029074864425218,0.00994941751770866,0.704525714352822,-0.0167996103200163,-10.5442071565382,-2.05850974727246e-14,-0.0429869122185295,1.24938539551573e-13,0,0,0,0,1,0.673086199299627,0.673086199299627,75.0590084052778,36.34228347162,-0.829752508646257
36.81,0.194035982991408,0.0866838615043732,0.463240654431025,0.000836876201214221,0.0113985892911756,0.0223048846182494,83.3963458425077,0.247773557306004,0.0775556582506001,0.00290963680964753,0.0100177595384416,0.704564122953996,-0.0168162761770898,-10.5436923066823,-2.05850974727246e-14,-0.0429869122185295,1.24938539551573e-13,0,0,0,0,1,0.673086199299627,0.673086199299627,75.048266759053,36.359458358388,-0.835430565528475
36.82,0.194065280097536,0.0867526682385695,0.463482419611262,0.000834707662674406,0.0113935946203075,0.0223086672873133,83.3942157110794,0.247767252546127,0.077556130937989,0.00291178409360373,0.0100860374941994,0.704602639714059,-0.0168329099649072,-10.5431759826692,-2.05850974727246e-14,-0.0429869122185295,1.24938539551573e-13,0,0,0,0,1,0.673086199299627,0.673086199299627,75.0375145145591,36.3766295224259,-0.841102925650953
36.83,0.194094574801322,0.0868214115291272,0.463724215836642,0.000832544567045458,0.0113885831959684,0.0223124508836543,83.3920796236838,0.247760930251531,0.077556604950502,0.00291392830784279,0.0101542512189556,0.704641264442864,-0.016849511796057,-10.5426581865181,-2.05850974727246e-14,-0.0429869122185295,1.24938539551573e-13,0,0,0,0,1,0.673086199299627,0.673086199299627,75.0267516824736,36.3937969608432,-0.846769574426686
36.84,0.194123867143628,0.0868900912088946,0.463966043080409,0.000830386895566518,0.0113835550440329,0.022316235414569,83.3899375887115,0.247754590446964,0.077557080284984,0.00291606946575478,0.0102224005468642,0.704679996950959,-0.0168660817826294,-10.542138920259,-2.05850974727246e-14,-0.0429869122185295,1.24938539551573e-13,0,0,0,0,1,0.673086199299627,0.673086199299627,75.0159782734868,36.4109606707686,-0.85243049729002
36.85,0.194153157165091,0.086958707110952,0.464207901315911,0.000828234629558104,0.0113785101903655,0.022320020887313,83.3877896145663,0.247748233157213,0.0775575569383396,0.00291820758066769,0.0102904853122608,0.704718837049576,-0.0168826200362182,-10.5416181859315,-2.05850974727246e-14,-0.0429869122185295,1.24938539551573e-13,0,0,0,0,1,0.673086199299627,0.673086199299627,75.0051942983009,36.4281206493501,-0.858085679696744
36.86,0.194182444906116,0.0870272590686122,0.4644497905166,0.000826087750421836,0.0113734486608172,0.0223238073091002,83.385635709665,0.247741858407102,0.0775580349075317,0.0029203426658477,0.010358505349663,0.70475778455061,-0.0168991266679219,-10.5410959855856,-2.05850974727246e-14,-0.0429869122185295,1.24938539551573e-13,0,0,0,0,1,0.673086199299627,0.673086199299627,74.9943997676308,36.4452768937547,-0.863735107124196
36.87,0.194211730406881,0.0870957469154204,0.464691710656027,0.000823946239640141,0.0113683704812229,0.0223275946871035,83.3834758824375,0.247735466221496,0.0775585141895809,0.00292247473449941,0.0104264604937726,0.704796839266599,-0.0169156017883462,-10.5405723212808,-2.05850974727246e-14,-0.0429869122185295,1.24938539551573e-13,0,0,0,0,1,0.673086199299627,0.673086199299627,74.9835946922038,36.4624294011684,-0.869378765071371
36.88,0.194241013707337,0.0871641704851542,0.464933661707849,0.000821810078775981,0.0113632756773977,0.0223313830284551,83.3813101413269,0.247729056625296,0.0775589947815634,0.00292460379976605,0.0104943505794758,0.704836001010715,-0.0169320455076064,-10.5400471950865,-2.05850974727246e-14,-0.0429869122185295,1.24938539551573e-13,0,0,0,0,1,0.673086199299627,0.673086199299627,74.972779082759,36.4795781687966,-0.875016639059004
36.89,0.194270294847208,0.0872325296118232,0.46517564364582,0.000819679249472562,0.0113581642751346,0.0223351723402457,83.3791384947894,0.247722629643443,0.0775594766806105,0.00292672987472976,0.0105621754418451,0.704875269596737,-0.0169484579353284,-10.5395206090815,-2.05850974727246e-14,-0.0429869122185295,1.24938539551573e-13,0,0,0,0,1,0.673086199299627,0.673086199299627,74.961952950048,36.4967231938635,-0.88064871462969
36.9,0.194299573865994,0.0873008241296691,0.465417656443798,0.000817553733453056,0.0113530363002018,0.0223389626295259,83.3769609512942,0.247716185300916,0.0775599598839071,0.00292885297241182,0.0106299349161396,0.704914644839039,-0.0169648391806506,-10.5389925653542,-2.05850974727246e-14,-0.0429869122185295,1.24938539551573e-13,0,0,0,0,1,0.673086199299627,0.673086199299627,74.9511163048344,36.5138644736127,-0.886274977347961
36.91,0.19432885080297,0.0873690538731657,0.46565970007574,0.000815433512520318,0.0113478917783398,0.0223427539033052,83.3747775193234,0.247709723622731,0.0775604443886901,0.00293097310577287,0.0106976288378067,0.704954126552569,-0.0169811893522263,-10.538463066002,-2.05850974727246e-14,-0.0429869122185295,1.24938539551573e-13,0,0,0,0,1,0.673086199299627,0.673086199299627,74.9402691578939,36.5310020053067,-0.891895412800393
36.92,0.194358125697184,0.0874372186770184,0.465901774515703,0.000813318568556603,0.0113427307352592,0.0223465461685531,83.3725882073723,0.247703244633944,0.077560930192248,0.00293309028771313,0.0107652570424827,0.704993714552833,-0.016997508558226,-10.5379321131315,-2.05850974727246e-14,-0.0429869122185295,1.24938539551573e-13,0,0,0,0,1,0.673086199299627,0.673086199299627,74.9294115200142,36.5481357862271,-0.897510006595695
36.93,0.194387398587466,0.0875053183761643,0.466143879737844,0.000811208883523286,0.0113375531966384,0.0223503394321985,83.3703930239491,0.247696748359648,0.0775614172919185,0.0029352045310727,0.0108328193659941,0.705033408655876,-0.0170137969063384,-10.5373997088583,-2.05850974727246e-14,-0.0429869122185295,1.24938539551573e-13,0,0,0,0,1,0.673086199299627,0.673086199299627,74.9185434019951,36.5652658136749,-0.903118744364804
36.94,0.194416669512419,0.0875733528057718,0.466386015716419,0.00080910443946058,0.0113323591881215,0.02235413370113,83.3681919775749,0.247690234824975,0.0775619056850883,0.00293731584863173,0.0109003156443585,0.705073208678262,-0.017030054503772,-10.5368658553067,-2.05850974727246e-14,-0.0429869122185295,1.24938539551573e-13,0,0,0,0,1,0.673086199299627,0.673086199299627,74.9076648146479,36.5823920849697,-0.908721611760967
36.95,0.194445938510429,0.0876413218012406,0.466628182425782,0.000807005218487255,0.0113271487353162,0.0223579289821966,83.3659850767837,0.247683704055094,0.0775623953691912,0.00293942425311068,0.0109677457137857,0.705113114437056,-0.0170462814572587,-10.5363305546095,-2.05850974727246e-14,-0.0429869122185295,1.24938539551573e-13,0,0,0,0,1,0.673086199299627,0.673086199299627,74.8967757687962,36.5995145974506,-0.914318594459844
36.96,0.194475205619658,0.0877092251982009,0.466870379840385,0.000804911202800358,0.0113219218637919,0.022361725282207,83.3637723301225,0.247677156075211,0.0775628863417067,0.00294152975717055,0.0110351094106783,0.705153125749812,-0.017062477873054,-10.5357938089082,-2.05850974727246e-14,-0.0429869122185295,1.24938539551573e-13,0,0,0,0,1,0.673086199299627,0.673086199299627,74.8858762752752,36.6166333484755,-0.919909678159581
36.97,0.19450447087805,0.087777062832514,0.467112607934778,0.000802822374674929,0.011316678599078,0.0223655226079304,83.361553746151,0.247670590910571,0.0775633786001595,0.00294363237341311,0.0111024065716335,0.705193242434542,-0.0170786438569386,-10.5352556203525,-2.05850974727246e-14,-0.0429869122185295,1.24938539551573e-13,0,0,0,0,1,0.673086199299627,0.673086199299627,74.8749663449319,36.6337483354215,-0.925494848580913
36.98,0.19453373432333,0.0878448345402712,0.46735486668361,0.000800738716463726,0.0113114189666621,0.022369320966096,83.359329333442,0.247664008586459,0.0775638721421172,0.00294573211438113,0.011169637033443,0.705233464309708,-0.0170947795142227,-10.5347159911004,-2.05850974727246e-14,-0.0429869122185295,1.24938539551573e-13,0,0,0,0,1,0.673086199299627,0.673086199299627,74.8640459886247,36.6508595556848,-0.931074091467224
36.99,0.194562995993004,0.0879125401577938,0.467597156061623,0.000798660210596943,0.0113061429919887,0.0223731203633939,83.357099100581,0.247657409128192,0.0775643669651899,0.00294782899255862,0.0112368006330946,0.705273791194202,-0.0171108849497454,-10.5341749233178,-2.05850974727246e-14,-0.0429869122185295,1.24938539551573e-13,0,0,0,0,1,0.673086199299627,0.673086199299627,74.8531152172241,36.6679670066806,-0.936647392584654
37,0.194592255924361,0.0879801795216331,0.467839476043659,0.000796586839581925,0.0113008507004576,0.0223769208064746,83.3548630561661,0.24765079256113,0.0775648630670284,0.00294992302037102,0.0113038972077729,0.705314222907323,-0.0171269602678767,-10.5336324191785,-2.05850974727246e-14,-0.0429869122185295,1.24938539551573e-13,0,0,0,0,1,0.673086199299627,0.673086199299627,74.8421740416118,36.6850706858431,-0.942214737722167
37.01,0.194621514154475,0.0880477524685694,0.468081826604652,0.000794518586002897,0.0112955421174225,0.0223807223019495,83.3526212088084,0.247644158910667,0.077565360445323,0.00295201421018548,0.0113709265948603,0.705354759268761,-0.0171430055725214,-10.5330884808639,-2.05850974727246e-14,-0.0429869122185295,1.24938539551573e-13,0,0,0,0,1,0.673086199299627,0.673086199299627,74.8312224726812,36.7021705906257,-0.947776112691632
37.02,0.194650770720201,0.0881152588356123,0.468324207719635,0.000792455432520677,0.0112902172681902,0.0223845248563906,83.3503735671316,0.247637508202237,0.0775658590978026,0.00295410257431106,0.0114378886319376,0.705395400098582,-0.0171590209671187,-10.5325431105633,-2.05850974727246e-14,-0.0429869122185295,1.24938539551573e-13,0,0,0,0,1,0.673086199299627,0.673086199299627,74.8202605213372,36.7192667185005,-0.9533315033279
37.03,0.194680025658183,0.0881826984599998,0.468566619363733,0.000790397361872401,0.0112848761780192,0.0223883284763311,83.3481201397723,0.247630840461309,0.0775663590222329,0.00295618812499897,0.0115047831567853,0.705436145217205,-0.0171750065546454,-10.5319963104731,-2.05850974727246e-14,-0.0429869122185295,1.24938539551573e-13,0,0,0,0,1,0.673086199299627,0.673086199299627,74.809288198496,36.7363590669591,-0.958880895488897
37.04,0.194709279004847,0.0882500711791985,0.468809061512167,0.000788344356871242,0.0112795188721187,0.0223921331682656,83.3458609353796,0.24762415571339,0.0775668602164156,0.00295827087444275,0.011571610007384,0.705476994445387,-0.0171909624376167,-10.5314480827971,-2.05850974727246e-14,-0.0429869122185295,1.24938539551573e-13,0,0,0,0,1,0.673086199299627,0.673086199299627,74.7983055150852,36.7534476335117,-0.964424275055672
37.05,0.194738530796409,0.0883173768309027,0.469051534140251,0.00078629640040613,0.0112741453756479,0.0223959389386495,83.3435959626153,0.247617453984025,0.0775673626781867,0.00296035083477856,0.0116383690219155,0.705517947604202,-0.0172068887180889,-10.5308984297462,-2.05850974727246e-14,-0.0429869122185295,1.24938539551573e-13,0,0,0,0,1,0.673086199299627,0.673086199299627,74.7873124820438,36.7705324156877,-0.969961627932487
37.06,0.194767781068871,0.0883846152530343,0.469294037223392,0.000784253475441477,0.0112687557137153,0.0223997457938998,83.3413252301539,0.247610735298796,0.0775678664054159,0.00296242801808536,0.0117050600387635,0.705559004515026,-0.0172227854976612,-10.5303473535385,-2.05850974727246e-14,-0.0429869122185295,1.24938539551573e-13,0,0,0,0,1,0.673086199299627,0.673086199299627,74.7763091103218,36.7876134110356,-0.975492940046896
37.07,0.194797029858022,0.0884517862837423,0.469536570737092,0.000782215565016894,0.0112633499113776,0.0224035537403952,83.3390487466824,0.24760399968332,0.0775683713960046,0.00296450243638514,0.0117716828965143,0.70560016499952,-0.0172386528774765,-10.5297948563985,-2.05850974727246e-14,-0.0429869122185295,1.24938539551573e-13,0,0,0,0,1,0.673086199299627,0.673086199299627,74.7652954108808,36.8046906171226,-0.981018197349794
37.08,0.194826277199442,0.0885188897614025,0.469779134656943,0.000780182652246913,0.0112579279936397,0.0224073627844759,83.3367665209006,0.247597247163254,0.0775688776478853,0.00296657410164316,0.0118382374339578,0.705641428879608,-0.0172544909582248,-10.5292409405578,-2.05850974727246e-14,-0.0429869122185295,1.24938539551573e-13,0,0,0,0,1,0.673086199299627,0.673086199299627,74.7542713946931,36.8217640315351,-0.986537385815509
37.09,0.1948555231285,0.088585925524617,0.470021728958631,0.000778154720320714,0.0112524899854539,0.0224111729324437,83.3344785615206,0.247590477764291,0.0775693851590202,0.00296864302576813,0.011904723490088,0.705682795977464,-0.0172702998401433,-10.5286856082544,-2.05850974727246e-14,-0.0429869122185295,1.24938539551573e-13,0,0,0,0,1,0.673086199299627,0.673086199299627,74.7432370727425,36.8388336518784,-0.992050491441854
37.1,0.194884767680356,0.0886528934122137,0.47026435361793,0.000776131752501839,0.0112470359117194,0.0224149841905626,83.3321848772671,0.247583691512158,0.0775698939273999,0.00297070922061248,0.011971140904104,0.705724266115494,-0.0172860796230194,-10.5281288617327,-2.05850974727246e-14,-0.0429869122185295,1.24938539551573e-13,0,0,0,0,1,0.673086199299627,0.673086199299627,74.7321924560237,36.8558994757769,-0.9975575002502
37.11,0.19491401088996,0.0887197932632463,0.47050700861071,0.00077411373212792,0.0112415657972822,0.0224187965650586,83.3298854768775,0.247576888432622,0.0775704039510422,0.00297277269797256,0.0120374895154105,0.705765839116313,-0.0173018304061923,-10.5275707032435,-2.05850974727246e-14,-0.0429869122185295,1.24938539551573e-13,0,0,0,0,1,0.673086199299627,0.673086199299627,74.7211375555421,36.8729615008736,-1.00305839828554
37.12,0.194943252792055,0.0887866249169934,0.470749693912927,0.000772100642610399,0.011236079666935,0.0224226100621196,83.3275803691014,0.247570068551487,0.0775709152279913,0.00297483346958882,0.0121037691636187,0.70580751480274,-0.0173175522885547,-10.5270111350434,-2.05850974727246e-14,-0.0429869122185295,1.24938539551573e-13,0,0,0,0,1,0.673086199299627,0.673086199299627,74.7100723823145,36.8900197248309,-1.00855317161657
37.13,0.194972493421177,0.0888533882129582,0.47099240950063,0.00077009246743425,0.0112305775454167,0.0224264246878961,83.3252695627011,0.24756323189459,0.077571427756316,0.00297689154714609,0.0121699796885468,0.705849292997769,-0.0173332453685536,-10.5264501593955,-2.05850974727246e-14,-0.0429869122185295,1.24938539551573e-13,0,0,0,0,1,0.673086199299627,0.673086199299627,74.6989969473683,36.9070741453298,-1.0140418063357
37.14,0.195001732811656,0.0889200829908684,0.471235155349957,0.000768089190157703,0.0112250594574127,0.0224302404485007,83.3229530664511,0.247556378487807,0.0775719415341093,0.00297894694227376,0.0122361209302207,0.70589117352456,-0.0173489097441943,-10.5258877785684,-2.05850974727246e-14,-0.0429869122185295,1.24938539551573e-13,0,0,0,0,1,0.673086199299627,0.673086199299627,74.6879112617418,36.9241247600702,-1.01952428855917
37.15,0.195030970997615,0.0889867090906753,0.471477931437133,0.000766090794411967,0.0112195254275546,0.0224340573500088,83.3206308891384,0.247549508357051,0.0775724565594866,0.002980999666546,0.012302192728875,0.705933156206423,-0.0173645455130398,-10.5253239948366,-2.05850974727246e-14,-0.0429869122185295,1.24938539551573e-13,0,0,0,0,1,0.673086199299627,0.673086199299627,74.6768153364841,36.9411715667713,-1.02500060442711
37.16,0.195060208012973,0.0890532663525538,0.471720737738475,0.000764097263900952,0.0112139754804207,0.0224378753984581,83.3183030395626,0.24754262152827,0.077572972830585,0.00298304973148197,0.0123681949249531,0.705975240866796,-0.0173801527722142,-10.5247588104802,-2.05850974727246e-14,-0.0429869122185295,1.24938539551573e-13,0,0,0,0,1,0.673086199299627,0.673086199299627,74.6657091826549,36.9582145631707,-1.03047074010353
37.17,0.195089443891445,0.0891197546169017,0.471963574230385,0.000762108582400993,0.0112084096405356,0.0224416945998495,83.3159695265352,0.247535718027449,0.0775734903455622,0.00298509714854606,0.0124341273591083,0.706017427329234,-0.0173957316184034,-10.5241922277848,-2.05850974727246e-14,-0.0429869122185295,1.24938539551573e-13,0,0,0,0,1,0.673086199299627,0.673086199299627,74.6545928113249,36.9752537470253,-1.03593468177647
37.18,0.195118678666542,0.0891861737243395,0.472206440889355,0.000760124733760574,0.0112028279323711,0.0224455149601464,83.3136303588803,0.247528797880608,0.0775740091025951,0.00298714192914807,0.012499989872204,0.706059715417394,-0.0174112821478582,-10.5236242490412,-2.05850974727246e-14,-0.0429869122185295,1.24938539551573e-13,0,0,0,0,1,0.673086199299627,0.673086199299627,74.643466233575,36.9922891161105,-1.04139241565797
37.19,0.195147912371574,0.0892525235157096,0.472449337691962,0.000758145701900049,0.0111972303803461,0.0224493364852754,83.3112855454344,0.247521861113804,0.0775745290998791,0.00298918408464344,0.0125657823053148,0.706102104955017,-0.0174268044563942,-10.5230548765457,-2.05850974727246e-14,-0.0429869122185295,1.24938539551573e-13,0,0,0,0,1,0.673086199299627,0.673086199299627,74.6323294604969,37.0093206682208,-1.04684392798419
37.2,0.195177145039647,0.0893188038320765,0.472692264614873,0.000756171470811372,0.0111916170088271,0.0224531591811262,83.308935095046,0.247514907753131,0.0775750503356269,0.00299122362633346,0.0126315044997268,0.706144595765915,-0.0174422986393951,-10.5224841125996,-2.05850974727246e-14,-0.0429869122185295,1.24938539551573e-13,0,0,0,0,1,0.673086199299627,0.673086199299627,74.6211825031928,37.0263484011696,-1.05228920501543
37.21,0.195206376703667,0.0893850145147258,0.472935221634838,0.000754202024557817,0.0111859878421284,0.0224569830535517,83.3065790165761,0.247507937824718,0.0775755728080674,0.00299326056546549,0.012697156296938,0.706187187673954,-0.017457764791814,-10.5219119595091,-2.05850974727246e-14,-0.0429869122185295,1.24938539551573e-13,0,0,0,0,1,0.673086199299627,0.673086199299627,74.6100253727753,37.0433723127889,-1.0577282330362
37.22,0.195235607396339,0.0894511554051641,0.473178208728695,0.000752237347273702,0.0111803429045131,0.0224608081083681,83.3042173188977,0.247500951354728,0.0775760965154449,0.00299529491323312,0.0127627375386593,0.706229880503043,-0.0174732030081745,-10.5213384195854,-2.05850974727246e-14,-0.0429869122185295,1.24938539551573e-13,0,0,0,0,1,0.673086199299627,0.673086199299627,74.5988580803675,37.0603924009298,-1.06316099835525
37.23,0.195264837150169,0.0895172263451188,0.473421225873367,0.000750277423164118,0.0111746822201932,0.0224646343513552,83.3018500108961,0.247493948369364,0.0775766214560179,0.00299732668077647,0.0128282480668146,0.706272674077116,-0.017488613382573,-10.5207634951444,-2.05850974727246e-14,-0.0429869122185295,1.24938539551573e-13,0,0,0,0,1,0.673086199299627,0.673086199299627,74.5876806371027,37.077408663462,-1.06858748730562
37.24,0.195294065997465,0.089583227176537,0.47366427304586,0.00074832223650465,0.0111690058133303,0.0224684617882565,83.2994771014688,0.247486928894861,0.0775771476280582,0.00299935587918232,0.0128936877235417,0.706315568220119,-0.0175039960086811,-10.5201871885066,-2.05850974727246e-14,-0.0429869122185295,1.24938539551573e-13,0,0,0,0,1,0.673086199299627,0.673086199299627,74.5764930541248,37.0944210982741,-1.07400768624472
37.25,0.195323293970334,0.0896491577415859,0.473907350223267,0.000746371771641106,0.0111633137080363,0.0224722904247788,83.2970985995254,0.247479892957492,0.0775776750298499,0.00300138251948433,0.0129590563511927,0.706358562756002,-0.017519350979746,-10.5196095019973,-2.05850974727246e-14,-0.0429869122185295,1.24938539551573e-13,0,0,0,0,1,0.673086199299627,0.673086199299627,74.5652953425876,37.1114297032735,-1.07942158155434
37.26,0.195352521100687,0.089715017882652,0.474150457382764,0.00074442601298924,0.0111576059283745,0.0224761202665932,83.2947145139876,0.247472840583563,0.0775782036596887,0.0030034066126633,0.0130243537923344,0.706401657508696,-0.0175346783885925,-10.5190304379459,-2.05850974727246e-14,-0.0429869122185295,1.24938539551573e-13,0,0,0,0,1,0.673086199299627,0.673086199299627,74.5540875136553,37.1284344763862,-1.08482915964071
37.27,0.19538174742024,0.0897808074423409,0.474393594501611,0.000742484945034483,0.0111518824983595,0.0224799513193345,83.2923248537892,0.247465771799419,0.0775787335158808,0.00300542816964729,0.0130895798897488,0.706444852302107,-0.0175499783276253,-10.5184499986863,-2.05850974727246e-14,-0.0429869122185295,1.24938539551573e-13,0,0,0,0,1,0.673086199299627,0.673086199299627,74.5428695785023,37.1454354155573,-1.09023040693456
37.28,0.195410972960511,0.0898465262634767,0.47463676155715,0.000740548552331664,0.0111461434419589,0.0224837835886015,83.2899296278761,0.247458686631438,0.0775792645967417,0.0030074472013119,0.0131547344864339,0.706488146960099,-0.017565250888831,-10.5178681865566,-2.05850974727246e-14,-0.0429869122185295,1.24938539551573e-13,0,0,0,0,1,0.673086199299627,0.673086199299627,74.5316415483129,37.1624325187503,-1.09562530989115
37.29,0.195440197752822,0.0899121741891018,0.474879958526807,0.000738616819504739,0.0111403887830934,0.0224876170799574,83.2875288452062,0.247451585106033,0.0775797969005962,0.00300946371848045,0.0132198174256039,0.706531541306489,-0.0175804961637779,-10.5172850038991,-2.05850974727246e-14,-0.0429869122185295,1.24938539551573e-13,0,0,0,0,1,0.673086199299627,0.673086199299627,74.5204034342817,37.1794257839476,-1.1010138549903
37.3,0.195469421828302,0.0899777510624767,0.475123185388089,0.000736689731246521,0.0111346185456384,0.0224914517989294,83.2851225147494,0.247444467249655,0.0775803304257764,0.00301147773192416,0.0132848285506895,0.706575035165021,-0.0175957142436204,-10.5167004530598,-2.05850974727246e-14,-0.0429869122185295,1.24938539551573e-13,0,0,0,0,1,0.673086199299627,0.673086199299627,74.5091552476131,37.1964152091503,-1.10639602873645
37.31,0.195498645217887,0.0900432567270793,0.475366442118586,0.000734767272318404,0.0111288327534243,0.0224952877510095,83.2827106454877,0.247437333088787,0.0775808651706219,0.00301348925236238,0.0133497677053388,0.706618628359371,-0.0176109052190979,-10.5161145363891,-2.05850974727246e-14,-0.0429869122185295,1.24938539551573e-13,0,0,0,0,1,0.673086199299627,0.673086199299627,74.4978969995215,37.2134007923782,-1.11177181765871
37.32,0.195527867952316,0.0901086910266049,0.475609728695969,0.000732849427550096,0.0111230314302378,0.0224991249416539,83.2802932464148,0.247430182649948,0.0775814011334784,0.00301549829046278,0.0134146347334176,0.706662320713122,-0.017626069180539,-10.5155272562408,-2.05850974727246e-14,-0.0429869122185295,1.24938539551573e-13,0,0,0,0,1,0.673086199299627,0.673086199299627,74.4866287012311,37.2303825316698,-1.11714120831086
37.33,0.195557090062141,0.0901740538049658,0.47585304509799,0.00073093618183934,0.0111172145998229,0.0225029633762834,83.2778703265366,0.247423015959694,0.077581938312697,0.00301750485684157,0.0134794294790094,0.706706112049759,-0.017641206217861,-10.5149386149727,-2.05850974727246e-14,-0.0429869122185295,1.24938539551573e-13,0,0,0,0,1,0.673086199299627,0.673086199299627,74.4753503639762,37.2473604250824,-1.12250418727144
37.34,0.195586311577716,0.0902393449062906,0.47609639130248,0.000729027520151652,0.0111113822858818,0.0225068030602839,83.2754418948709,0.247415833044614,0.0775824767066335,0.00301950896206367,0.0135441517864164,0.706750002192657,-0.0176563164205734,-10.5143486149462,-2.05850974727246e-14,-0.0429869122185295,1.24938539551573e-13,0,0,0,0,1,0.673086199299627,0.673086199299627,74.4640619990008,37.2643344706916,-1.12786074114376
37.35,0.19561553252921,0.0903045641749247,0.476339767287353,0.000727123427520044,0.0111055345120762,0.0225106439990058,83.2730079604471,0.247408633931332,0.0775830163136477,0.00302151061664292,0.0136088015001597,0.70679399096507,-0.0176713998777781,-10.5137572585261,-2.05850974727246e-14,-0.0429869122185295,1.24938539551573e-13,0,0,0,0,1,0.673086199299627,0.673086199299627,74.4527636175583,37.281304666592,-1.13321085655593
37.36,0.195644752946598,0.0903697114554291,0.476583173030601,0.000725223889044758,0.011099671302028,0.0225144861977645,83.2705685323068,0.247401418646508,0.0775835571321025,0.0030235098310423,0.0136733784649796,0.706838078190121,-0.0176864566781722,-10.5131645480808,-2.05850974727246e-14,-0.0429869122185295,1.24938539551573e-13,0,0,0,0,1,0.673086199299627,0.673086199299627,74.4414552309123,37.2982710108967,-1.13855452016091
37.37,0.195673972859667,0.0904347865925808,0.476826608510294,0.000723328889892993,0.0110937926793207,0.0225183296618408,83.2681236195032,0.247394187216836,0.0775840991603633,0.00302550661567411,0.0137378825258361,0.706882263690791,-0.0177014869100483,-10.5125704859821,-2.05850974727246e-14,-0.0429869122185295,1.24938539551573e-13,0,0,0,0,1,0.673086199299627,0.673086199299627,74.4301368503358,37.3152335017375,-1.14389171863655
37.38,0.195703192298012,0.0904997894313723,0.477070073704584,0.00072143841529864,0.0110878986675005,0.0225221743964804,83.2656732311014,0.247386939669044,0.0775846423967973,0.00302750098090015,0.0138023135279093,0.706926547289913,-0.0177164906612983,-10.5119750746052,-2.05850974727246e-14,-0.0429869122185295,1.24938539551573e-13,0,0,0,0,1,0.673086199299627,0.673086199299627,74.4188084871112,37.3321921372645,-1.1492224386856
37.39,0.195732411291045,0.0905647198170111,0.477313568591698,0.000719552450562009,0.0110819892900776,0.0225260204068944,83.2632173761782,0.247379676029895,0.077585186839773,0.00302949293703195,0.0138666713165996,0.706970928810156,-0.0177314680194122,-10.5113783163282,-2.05850974727246e-14,-0.0429869122185295,1.24938539551573e-13,0,0,0,0,1,0.673086199299627,0.673086199299627,74.4074701525308,37.3491469156469,-1.15454666703577
37.4,0.195761629867986,0.0906295775949198,0.477557093149944,0.000717670981049564,0.0110760645705271,0.0225298676982592,83.2607560638223,0.247372396326188,0.0775857324876591,0.00303148249433095,0.0139309557375283,0.707015408074022,-0.0177464190714822,-10.5107802135326,-2.05850974727246e-14,-0.0429869122185295,1.24938539551573e-13,0,0,0,0,1,0.673086199299627,0.673086199299627,74.3961218578962,37.366097835072,-1.15986439043977
37.41,0.19579084805787,0.0906943626107358,0.477800647357706,0.000715793992193657,0.0110701245322902,0.022533716275717,83.2582893031339,0.247365100584754,0.0775862793388243,0.00303346966300869,0.013995166636538,0.707059984903832,-0.0177613439042027,-10.5101807686031,-2.05850974727246e-14,-0.0429869122185295,1.24938539551573e-13,0,0,0,0,1,0.673086199299627,0.673086199299627,74.3847636145183,37.3830448937458,-1.16517559567529
37.42,0.195820065889545,0.0907590747103109,0.478044231193445,0.000713921469492256,0.011064169198776,0.0225375661443753,83.2558171032252,0.24735778883246,0.0775868273916365,0.00303545445322702,0.0140593038596925,0.707104659121723,-0.0177762426038731,-10.509579983927,-2.05850974727246e-14,-0.0429869122185295,1.24938539551573e-13,0,0,0,0,1,0.673086199299627,0.673086199299627,74.3733954337177,37.3999880898931,-1.1704802695451
37.43,0.195849283391675,0.0908237137397112,0.478287844635699,0.000712053398508685,0.0110581985933618,0.0225414173093076,83.2533394732198,0.247350461096208,0.0775873766444622,0.00303743687509828,0.0141233672532776,0.707149430549637,-0.0177911152563982,-10.5089778618949,-2.05850974727246e-14,-0.0429869122185295,1.24938539551573e-13,0,0,0,0,1,0.673086199299627,0.673086199299627,74.3620173268241,37.4169274217568,-1.17577839887701
37.44,0.195878500592737,0.0908882795452168,0.478531487663084,0.000710189764871351,0.0110522127393952,0.0225452697755533,83.250856422253,0.247343117402931,0.0775879270956661,0.00303941693868548,0.0141873566638013,0.70719429900931,-0.0178059619472915,-10.5083744049002,-2.05850974727246e-14,-0.0429869122185295,1.24938539551573e-13,0,0,0,0,1,0.673086199299627,0.673086199299627,74.3506293051766,37.4338628875985,-1.18106997052399
37.45,0.195907717521026,0.0909527719733219,0.478775160254291,0.000708330554273487,0.011046211660195,0.0225491235481174,83.2483679594719,0.247335757779599,0.0775884787436103,0.00304139465400253,0.0142512719379942,0.707239264322271,-0.0178207827616749,-10.5077696153389,-2.05850974727246e-14,-0.0429869122185295,1.24938539551573e-13,0,0,0,0,1,0.673086199299627,0.673086199299627,74.3392313801234,37.4507944856985,-1.18635497136409
37.46,0.195936934204652,0.0910171908707342,0.479018862388085,0.000706475752472882,0.0110401953790523,0.0225529786319714,83.245874094035,0.247328382253215,0.0775890315866539,0.0030433700310144,0.0143151129228094,0.70728432630983,-0.0178355777842808,-10.5071634956099,-2.05850974727246e-14,-0.0429869122185295,1.24938539551573e-13,0,0,0,0,1,0.673086199299627,0.673086199299627,74.327823563022,37.4677222143552,-1.19163338830056
37.47,0.195966150671543,0.0910815360843751,0.479262594043308,0.000704625345291617,0.0110341639192323,0.0225568350320527,83.2433748351124,0.247320990850817,0.0775895856231526,0.00304534307963732,0.0143788794654235,0.707329484793071,-0.017850347099455,-10.5065560481148,-2.05850974727246e-14,-0.0429869122185295,1.24938539551573e-13,0,0,0,0,1,0.673086199299627,0.673086199299627,74.316405865239,37.4846460718857,-1.19690520826184
37.48,0.195995366949445,0.0911458074613793,0.479506355198878,0.000702779318615804,0.0110281173039749,0.0225606927532652,83.2408701918859,0.247313583599476,0.077590140851458,0.00304731380973896,0.0144425714132364,0.707374739592849,-0.0178650907911568,-10.5059472752577,-2.05850974727246e-14,-0.0429869122185295,1.24938539551573e-13,0,0,0,0,1,0.673086199299627,0.673086199299627,74.3049782981501,37.5015660566254,-1.20217041820157
37.49,0.196024583065922,0.0912100048490948,0.479750145833785,0.000700937658395325,0.0110220555564967,0.022564551800479,83.2383601735486,0.247306160526296,0.0775906972699173,0.00304928223113864,0.0145061886138717,0.707420090529778,-0.0178798089429609,-10.5053371794454,-2.05850974727246e-14,-0.0429869122185295,1.24938539551573e-13,0,0,0,0,1,0.673086199299627,0.673086199299627,74.29354087314,37.5184821669284,-1.20742900509865
37.5,0.196053799048357,0.0912741280950828,0.479993965927095,0.000699100350643564,0.0110159786999918,0.0225684121785308,83.2358447893051,0.247298721658417,0.0775912548768726,0.00305124835360751,0.0145697309151771,0.707465537424229,-0.01789450163806,-10.5047257630871,-2.05850974727246e-14,-0.0429869122185295,1.24938539551573e-13,0,0,0,0,1,0.673086199299627,0.673086199299627,74.2820936016023,37.5353944011668,-1.21268095595726
37.51,0.196083014923953,0.0913381770471172,0.480237815457946,0.000697267381437152,0.0110098867576334,0.0225722738922238,83.2333240483718,0.24729126702301,0.0775918136706608,0.00305321218686871,0.0146331981652246,0.707511080096324,-0.0179091689592638,-10.5041130285945,-2.05850974727246e-14,-0.0429869122185295,1.24938539551573e-13,0,0,0,0,1,0.673086199299627,0.673086199299627,74.2706364949398,37.5523027577314,-1.21792625780686
37.52,0.196112230719735,0.0914021515531852,0.480481694405551,0.000695438736915703,0.0110037797525749,0.0225761369463283,83.2307979599761,0.247283796647282,0.077592373649613,0.00305517374059761,0.0146965902123108,0.707556718365929,-0.0179238109890044,-10.5034989783817,-2.05850974727246e-14,-0.0429869122185295,1.24938539551573e-13,0,0,0,0,1,0.673086199299627,0.673086199299627,74.259169564564,37.5692072350313,-1.22316489770226
37.53,0.196141446462547,0.0914660514614866,0.480725602749197,0.000693614403281555,0.0109976577079514,0.0225800013455809,83.2282665333571,0.247276310558472,0.077592934812054,0.00305713302442194,0.0147599069049573,0.707602452052647,-0.0179384278093337,-10.5028836148651,-2.05850974727246e-14,-0.0429869122185295,1.24938539551573e-13,0,0,0,0,1,0.673086199299627,0.673086199299627,74.247692821895,37.586107831494,-1.22839686272358
37.54,0.196170662179056,0.0915298766204338,0.48096954046824,0.000691794366799511,0.0109915206468809,0.0225838670946855,83.2257297777651,0.247268808783853,0.0775934971563023,0.00305909004792203,0.0148231480919106,0.707648280975817,-0.0179530195019284,-10.5022669404634,-2.05850974727246e-14,-0.0429869122185295,1.24938539551573e-13,0,0,0,0,1,0.673086199299627,0.673086199299627,74.2362062783621,37.6030045455652,-1.23362213997635
37.55,0.196199877895751,0.0915936268786522,0.481213507542112,0.00068997861379658,0.0109853685924654,0.0225877341983128,83.2231877024619,0.247261291350731,0.0775940606806692,0.00306104482063093,0.0148863136221428,0.707694204954509,-0.0179675861480893,-10.5016489575978,-2.05850974727246e-14,-0.0429869122185295,1.24938539551573e-13,0,0,0,0,1,0.673086199299627,0.673086199299627,74.2247099454032,37.619897375709,-1.23884071659146
37.56,0.196229093638946,0.0916573020849795,0.481457503950315,0.00068816713066172,0.0109792015677928,0.0225916026611009,83.2206403167206,0.247253758286446,0.0775946253834588,0.00306299735203465,0.0149494033448518,0.707740223807512,-0.0179821278287432,-10.5010296686913,-2.05850974727246e-14,-0.0429869122185295,1.24938539551573e-13,0,0,0,0,1,0.673086199299627,0.673086199299627,74.2132038344647,37.6367863204079,-1.24405257972525
37.57,0.196258309434776,0.0917209020884662,0.481701529672424,0.000686359903845581,0.0109730195959374,0.022595472487655,83.2180876298255,0.247246209618371,0.0775951912629679,0.00306494765157233,0.0150124171094613,0.707786337353341,-0.0179966446244463,-10.5004090761694,-2.05850974727246e-14,-0.0429869122185295,1.24938539551573e-13,0,0,0,0,1,0.673086199299627,0.673086199299627,74.2016879570019,37.6536713781625,-1.24925771655947
37.58,0.196287525309202,0.0917844267383751,0.481945584688083,0.000684556919860247,0.0109668226999621,0.0225993436825475,83.2155296510725,0.247238645373911,0.0775957583174849,0.00306689572863639,0.0150753547656211,0.707832545410224,-0.0180111366153826,-10.4997871824597,-2.05850974727246e-14,-0.0429869122185295,1.24938539551573e-13,0,0,0,0,1,0.673086199299627,0.673086199299627,74.1901623244785,37.6705525474919,-1.25445611430137
37.59,0.19631674128801,0.0918478758841817,0.482189668977011,0.000682758165278985,0.0109606109029187,0.0226032162503186,83.2129663897684,0.247231065580506,0.0775963265452905,0.00306884159257277,0.0151382161632076,0.707878847796103,-0.0180256038813681,-10.4991639899917,-2.05850974727246e-14,-0.0429869122185295,1.24938539551573e-13,0,0,0,0,1,0.673086199299627,0.673086199299627,74.1786269483667,37.6874298269334,-1.25964776018364
37.6,0.196345957396812,0.0919112493755741,0.482433782518993,0.000680963626735984,0.0109543842278501,0.0226070901954757,83.2103978552313,0.247223470265628,0.0775968959446566,0.00307078525268104,0.0152010011523239,0.707925244328629,-0.0180400465018505,-10.4985395011972,-2.05850974727246e-14,-0.0429869122185295,1.24938539551573e-13,0,0,0,0,1,0.673086199299627,0.673086199299627,74.1670818401473,37.7043032150424,-1.26483264146451
37.61,0.196375173661046,0.0919745470624526,0.482677925293888,0.000679173290926109,0.0109481426977909,0.0226109655224942,83.2078240567906,0.247215859456781,0.0775974665138465,0.00307272671821463,0.0152637095832999,0.70797173482516,-0.0180544645559123,-10.49791371851,-2.05850974727246e-14,-0.0429869122185295,1.24938539551573e-13,0,0,0,0,1,0.673086199299627,0.673086199299627,74.1555270113096,37.7211727103925,-1.27001074542773
37.62,0.196404390105975,0.0920377687949304,0.482922097281622,0.000677387144604639,0.010941886335769,0.022614842235817,83.205245003787,0.247208233181504,0.0775980382511145,0.00307466599838102,0.0153263413066928,0.708018319102754,-0.0180688581222705,-10.4972866443657,-2.05850974727246e-14,-0.0429869122185295,1.24938539551573e-13,0,0,0,0,1,0.673086199299627,0.673086199299627,74.143962473351,37.7380383115758,-1.27518205938257
37.63,0.196433606756695,0.0921009144233331,0.483166298462193,0.000675605174587023,0.0109356151648068,0.022618720339855,83.202660705572,0.247200591467366,0.0775986111547058,0.00307660310234186,0.0153888961732872,0.708064996978171,-0.0180832272792795,-10.4966582812021,-2.05850974727246e-14,-0.0429869122185295,1.24938539551573e-13,0,0,0,0,1,0.673086199299627,0.673086199299627,74.1323882377776,37.7549000172023,-1.28034657066391
37.64,0.196462823638124,0.0921639837981988,0.483410528815667,0.000673827367748623,0.0109293292079223,0.022622599838987,83.2000711715086,0.247192934341972,0.0775991852228561,0.0030785380392132,0.0154513740340952,0.708111768267869,-0.0180975721049323,-10.4960286314588,-2.05850974727246e-14,-0.0429869122185295,1.24938539551573e-13,0,0,0,0,1,0.673086199299627,0.673086199299627,74.1208043161034,37.7717578259004,-1.28550426663218
37.65,0.196492040775013,0.0922269767702786,0.483654788322181,0.000672053711024466,0.0109230284881306,0.02262648073756,83.1974764109706,0.247185261832956,0.0775997604537914,0.00308047081806566,0.015513774740357,0.708158632787999,-0.0181118926768613,-10.4953976975774,-2.05850974727246e-14,-0.0429869122185295,1.24938539551573e-13,0,0,0,0,1,0.673086199299627,0.673086199299627,74.109210719851,37.7886117363164,-1.29065513467345
37.66,0.196521258191942,0.0922898931905362,0.483899076961937,0.000670284191408996,0.0109167130284448,0.022630363039889,83.1948764333431,0.247177573967987,0.0776003368457281,0.00308240144792456,0.0155760981435406,0.708205590354408,-0.0181261890723403,-10.4947654820013,-2.05850974727246e-14,-0.0429869122185295,1.24938539551573e-13,0,0,0,0,1,0.673086199299627,0.673086199299627,74.097607460551,37.8054617471148,-1.29579916219939
37.67,0.196550475913319,0.0923527329101478,0.484143394715208,0.000668518795955818,0.0109103828518774,0.0226342467502574,83.1922712480221,0.247169870774766,0.0776009143968725,0.00308432993777018,0.0156383440953427,0.708252640782632,-0.0181404613682858,-10.4941319871758,-2.05850974727246e-14,-0.0429869122185295,1.24938539551573e-13,0,0,0,0,1,0.673086199299627,0.673086199299627,74.0859945497421,37.8223078569785,-1.30093633664731
37.68,0.196579693963386,0.0924154957805031,0.484387741562336,0.00066675751177746,0.0109040379814417,0.0226381318729169,83.1896608644146,0.247162152281026,0.0776014931054208,0.00308625629653785,0.0157005124476882,0.708299783887896,-0.0181547096412592,-10.493497215548,-2.05850974727246e-14,-0.0429869122185295,1.24938539551573e-13,0,0,0,0,1,0.673086199299627,0.673086199299627,74.0743719989711,37.8391500646081,-1.30606664548023
37.69,0.196608912366214,0.0924781816532044,0.484632117483729,0.000665000326045119,0.0108976784401523,0.0226420184120878,83.1870452919389,0.247154418514533,0.077602072969559,0.00308818053311818,0.0157626030527309,0.708347019485115,-0.0181689339674671,-10.4928611695669,-2.05850974727246e-14,-0.0429869122185295,1.24938539551573e-13,0,0,0,0,1,0.673086199299627,0.673086199299627,74.0627398197929,37.8559883687225,-1.31119007618679
37.7,0.196638131145706,0.0925407903800673,0.484876522459862,0.000663247225988415,0.0108913042510269,0.0226459063719589,83.1844245400238,0.247146669503084,0.0776026539874627,0.00309010265635721,0.0158246157628536,0.708394347388889,-0.0181831344227627,-10.4922238516834,-2.05850974727246e-14,-0.0429869122185295,1.24938539551573e-13,0,0,0,0,1,0.673086199299627,0.673086199299627,74.0510980237705,37.8728227680587,-1.31630661628138
37.71,0.1966673503256,0.0926033218131206,0.485120956471278,0.00066149819889515,0.0108849154370874,0.0226497957566877,83.1817986181094,0.247138905274509,0.077603236157297,0.00309202267505659,0.0158865504306684,0.708441767413506,-0.018197311082649,-10.4915852643498,-2.05850974727246e-14,-0.0429869122185295,1.24938539551573e-13,0,0,0,0,1,0.673086199299627,0.673086199299627,74.0394466224745,37.8896532613716,-1.32141625330408
37.72,0.196696569929465,0.0926657758046064,0.485365419498589,0.000659753232111058,0.0108785120213605,0.0226536865704004,83.1791675356466,0.247131125856669,0.0776038194772162,0.00309394059797375,0.0159484069090166,0.708489279372935,-0.0182114640222779,-10.4909454100205,-2.05850974727246e-14,-0.0429869122185295,1.24938539551573e-13,0,0,0,0,1,0.673086199299627,0.673086199299627,74.0277856274836,37.9064798474342,-1.32651897482072
37.73,0.196725789980704,0.0927281522069806,0.485609911522469,0.000658012313039567,0.0108720940268794,0.0226575788171922,83.1765313020972,0.247123331277459,0.0776044039453643,0.00309585643382207,0.0160101850509692,0.708536883080832,-0.0182255933164528,-10.4903042911516,-2.05850974727246e-14,-0.0429869122185295,1.24938539551573e-13,0,0,0,0,1,0.673086199299627,0.673086199299627,74.0161150503845,37.9233025250375,-1.33161476842289
37.74,0.196755010502556,0.0927904508729124,0.485854432523663,0.000656275429141551,0.0108656614766846,0.0226614725011271,83.1738899269338,0.247115521564805,0.0776049895598741,0.00309777019127105,0.0160718847098271,0.708584578350536,-0.0182396990396312,-10.4896619102008,-2.05850974727246e-14,-0.0429869122185295,1.24938539551573e-13,0,0,0,0,1,0.673086199299627,0.673086199299627,74.0044349027714,37.9401212929905,-1.33670362172793
37.75,0.196784231518094,0.0928526716552853,0.486098982482979,0.000654542567935094,0.0108592143938251,0.0226653676262385,83.1712434196399,0.247107696746664,0.0776055763188679,0.0030996818789465,0.0161335057391213,0.708632364995067,-0.018253781265923,-10.4890182696276,-2.05850974727246e-14,-0.0429869122185295,1.24938539551573e-13,0,0,0,0,1,0.673086199299627,0.673086199299627,73.9927451962463,37.9569361501203,-1.34178552237899
37.76,0.196813453050227,0.0929148144071966,0.486343561381292,0.000652813716995242,0.0108527528013592,0.0226692641965287,83.16859178971,0.247099856851026,0.0776061642204569,0.00310159150543067,0.0161950479926129,0.708680242827131,-0.0182678400690947,-10.4883733718932,-2.05850974727246e-14,-0.0429869122185295,1.24938539551573e-13,0,0,0,0,1,0.673086199299627,0.673086199299627,73.981045942419,37.9737470952717,-1.34686045804502
37.77,0.196842675121699,0.0929768789819576,0.486588169199543,0.00065108886395377,0.0108462767223559,0.0226731622159693,83.1659350466489,0.247092001905912,0.0776067532627415,0.00310349907926246,0.0162565113242935,0.708728211659115,-0.0182818755225704,-10.4877272194606,-2.05850974727246e-14,-0.0429869122185295,1.24938539551573e-13,0,0,0,0,1,0.673086199299627,0.673086199299627,73.9693371529069,37.9905541273076,-1.35192841642078
37.78,0.196871897755094,0.0930388652330945,0.486832805918735,0.00064936799649894,0.0108397861798957,0.0226770616885014,83.1632731999727,0.247084131939373,0.0776073434438109,0.00310540460893755,0.0163178955883857,0.708776271303091,-0.0182958876994315,-10.4870798147943,-2.05850974727246e-14,-0.0429869122185295,1.24938539551573e-13,0,0,0,0,1,0.673086199299627,0.673086199299627,73.957618839335,38.0073572451088,-1.35698938522689
37.79,0.19690112097283,0.0931007730143478,0.487077471519941,0.000647651102375262,0.0108332811970715,0.0226809626180355,83.1606062592079,0.247076246979496,0.0776079347617437,0.00310730810290861,0.0163792006393424,0.708824421570813,-0.0183098766724201,-10.4864311603606,-2.05850974727246e-14,-0.0429869122185295,1.24938539551573e-13,0,0,0,0,1,0.673086199299627,0.673086199299627,73.9458910133358,38.024156447574,-1.36204335220983
37.8,0.196930344797165,0.0931626021796728,0.487322165984295,0.000645938169383258,0.01082676179699,0.0226848650084516,83.1579342338919,0.247068347054395,0.0776085272146071,0.00310920956958542,0.0164404263318482,0.708872662273716,-0.0183238425139389,-10.4857812586273,-2.05850974727246e-14,-0.0429869122185295,1.24938539551573e-13,0,0,0,0,1,0.673086199299627,0.673086199299627,73.9341536865493,38.0409517336197,-1.36709030514192
37.81,0.196959569250196,0.0932243525832401,0.487566889292996,0.000644229185379228,0.0108202280027721,0.0226887688635994,83.1552571335725,0.247060432192217,0.0776091208004575,0.00311110901733508,0.0165015725208186,0.708920993222926,-0.0183377852960537,-10.4851301120641,-2.05850974727246e-14,-0.0429869122185295,1.24938539551573e-13,0,0,0,0,1,0.673086199299627,0.673086199299627,73.9224068706229,38.0577431021805,-1.37213023182141
37.82,0.196988794353858,0.0932860240794355,0.487811641427309,0.000642524138275011,0.0108136798375542,0.0226926741872986,83.1525749678085,0.247052502421142,0.0776097155173403,0.00311300645448215,0.0165626390614008,0.70896941422925,-0.0183517050904938,-10.4844777231423,-2.05850974727246e-14,-0.0429869122185295,1.24938539551573e-13,0,0,0,0,1,0.673086199299627,0.673086199299627,73.9106505772116,38.0745305522087,-1.37716312007243
37.83,0.197018020129928,0.0933476165228602,0.488056422368559,0.000640823016037752,0.0108071173244891,0.0226965809833383,83.1498877461692,0.247044557769377,0.0776103113632899,0.00311490188930881,0.0166236258089737,0.709017925103181,-0.0183656019686543,-10.4838240943348,-2.05850974727246e-14,-0.0429869122185295,1.24938539551573e-13,0,0,0,0,1,0.673086199299627,0.673086199299627,73.8988848179774,38.0913140826742,-1.38218895774505
37.84,0.19704724660002,0.0934091297683313,0.48830123209814,0.000639125806689672,0.0108005404867467,0.022700489255478,83.1471954782344,0.247036598265165,0.0776109083363297,0.00311679533005504,0.016684532619148,0.709066525654901,-0.0183794760015971,-10.483169228116,-2.05850974727246e-14,-0.0429869122185295,1.24938539551573e-13,0,0,0,0,1,0.673086199299627,0.673086199299627,73.8871096045899,38.1080936925652,-1.38720773271526
37.85,0.197076473785593,0.0934705636708821,0.488546070597505,0.00063743249830783,0.0107939493475151,0.022704399007447,83.1444981735945,0.247028623936778,0.0776115064344721,0.00311868678491879,0.0167453593477667,0.709115215694278,-0.0183933272600509,-10.4825131269622,-2.05850974727246e-14,-0.0429869122185295,1.24938539551573e-13,0,0,0,0,1,0.673086199299627,0.673086199299627,73.8753249487259,38.1248693808873,-1.39221943288504
37.86,0.197105701707945,0.0935319180857619,0.488790937848171,0.000635743079023897,0.0107873439300013,0.0227083102429448,83.1417958418506,0.247020634812517,0.0776121056557188,0.0031205762620561,0.016806105850905,0.709163995030875,-0.0184071558144155,-10.4818557933512,-2.05850974727246e-14,-0.0429869122185295,1.24938539551573e-13,0,0,0,0,1,0.673086199299627,0.673086199299627,73.8635308620692,38.141641146664,-1.39722404618229
37.87,0.197134930388217,0.0935931928684369,0.48903583383172,0.000634057537023922,0.0107807242574321,0.0227122229656411,83.1390884926143,0.247012630920717,0.0776127059980606,0.00312246376958132,0.0168667719848709,0.709212863473937,-0.0184209617347602,-10.4811972297626,-2.05850974727246e-14,-0.0429869122185295,1.24938539551573e-13,0,0,0,0,1,0.673086199299627,0.673086199299627,73.851727356311,38.1584089889366,-1.40222156056095
37.88,0.197164159847393,0.09365438787459,0.489280758529794,0.000632375860548104,0.0107740903530548,0.0227161371791761,83.1363761355075,0.247004612289742,0.0776133074594774,0.00312434931556724,0.0169273576062049,0.70926182083241,-0.0184347450908273,-10.4805374386774,-2.05850974727246e-14,-0.0429869122185295,1.24938539551573e-13,0,0,0,0,1,0.673086199299627,0.673086199299627,73.8399144431494,38.175172906764,-1.40721196400093
37.89,0.1971933901063,0.0937155029601212,0.489525711924099,0.000630698037890564,0.0107674422401383,0.0227200528871602,83.1336587801628,0.246996578947989,0.0776139100379387,0.00312623290804523,0.0169878625716805,0.709310866914929,-0.0184485059520313,-10.4798764225783,-2.05850974727246e-14,-0.0429869122185295,1.24938539551573e-13,0,0,0,0,1,0.673086199299627,0.673086199299627,73.8280921342897,38.1919328992231,-1.41219524450818
37.9,0.19722262118561,0.0937765379811482,0.489770693996403,0.000629024057399118,0.0107607799419734,0.0227239700931744,83.1309364362231,0.246988530923882,0.0776145137314029,0.00312811455500545,0.0170482867383045,0.709360001529828,-0.0184622443874621,-10.4792141839499,-2.05850974727246e-14,-0.0429869122185295,1.24938539551573e-13,0,0,0,0,1,0.673086199299627,0.673086199299627,73.816260441444,38.2086889654083,-1.41717139011467
37.91,0.197251853105837,0.0938374927940064,0.490015704728535,0.000627353907475049,0.0107541034818739,0.0227278888007705,83.1282091133418,0.246980468245878,0.0776151185378182,0.00312999426439699,0.0171086299633169,0.709409224485134,-0.0184759604658862,-10.4785507252781,-2.05850974727246e-14,-0.0429869122185295,1.24938539551573e-13,0,0,0,0,1,0.673086199299627,0.673086199299627,73.8044193763316,38.2254411044316,-1.42214038887842
37.92,0.197281085887344,0.093898367255249,0.490260744102387,0.000625687576572881,0.0107474128831772,0.0227318090134707,83.1254768211826,0.246972390942466,0.0776157244551223,0.00313187204412798,0.0171688921041917,0.709458535588581,-0.0184896542557468,-10.4778860490506,-2.05850974727246e-14,-0.0429869122185295,1.24938539551573e-13,0,0,0,0,1,0.673086199299627,0.673086199299627,73.7925689506785,38.2421893154229,-1.42710222888355
37.93,0.197310319550337,0.0939591612216481,0.490505812099911,0.000624025053200157,0.0107407081692452,0.0227357307347683,83.1227395694197,0.246964299042161,0.0776163314812423,0.00313374790206584,0.0172290730186362,0.709507934647598,-0.0185033258251657,-10.4772201577568,-2.05850974727246e-14,-0.0429869122185295,1.24938539551573e-13,0,0,0,0,1,0.673086199299627,0.673086199299627,73.7807091762177,38.2589335975295,-1.43205689824022
37.94,0.197339554114868,0.0940198745501942,0.490750908703121,0.000622366325917215,0.0107339893634644,0.0227396539681273,83.1199973677377,0.246956192573514,0.0776169396140952,0.00313562184603735,0.0172891725645919,0.70955742146932,-0.0185169752419446,-10.4765530538877,-2.05850974727246e-14,-0.0429869122185295,1.24938539551573e-13,0,0,0,0,1,0.673086199299627,0.673086199299627,73.7688400646889,38.2756739499165,-1.43700438508473
37.95,0.197368789600837,0.0940805070980968,0.490996033894092,0.000620711383336964,0.0107272564892473,0.0227435787169827,83.1172502258312,0.246948071565101,0.0776175488515877,0.00313749388382887,0.0173491906002349,0.709606995860589,-0.018530602573567,-10.475884739936,-2.05850974727246e-14,-0.0429869122185295,1.24938539551573e-13,0,0,0,0,1,0.673086199299627,0.673086199299627,73.7569616278386,38.2924103717667,-1.44194467757946
37.96,0.197398026027992,0.094141058722785,0.491241187654961,0.000619060214124662,0.0107205095700325,0.0227475049847407,83.1144981534053,0.246939936045532,0.0776181591916165,0.00313936402318646,0.0174091269839752,0.709656657627953,-0.0185442078871987,-10.4752152183958,-2.05850974727246e-14,-0.0429869122185295,1.24938539551573e-13,0,0,0,0,1,0.673086199299627,0.673086199299627,73.7450738774199,38.3091428622802,-1.44687776391296
37.97,0.197427263415926,0.0942015292819077,0.491486369967923,0.000617412806997699,0.0107137486292857,0.0227514327747787,83.1117411601755,0.246931786043445,0.0776187706320683,0.00314123227181604,0.0174689815744579,0.709706406577672,-0.018557791249689,-10.4745444917633,-2.05850974727246e-14,-0.0429869122185295,1.24938539551573e-13,0,0,0,0,1,0.673086199299627,0.673086199299627,73.7331768251928,38.3258714206749,-1.4518036322999
37.98,0.197456501784085,0.0942619186333336,0.491731580815235,0.000615769150725374,0.0107069736904999,0.0227553620904451,83.1089792558672,0.246923621587509,0.0776193831708199,0.00314309863738357,0.0175287542305626,0.709756242515719,-0.018571352727573,-10.473872562536,-2.05850974727246e-14,-0.0429869122185295,1.24938539551573e-13,0,0,0,0,1,0.673086199299627,0.673086199299627,73.7212704829236,38.3425960461863,-1.45672227098111
37.99,0.19748574115176,0.0943222266351521,0.491976820179213,0.000614129234128677,0.0107001847771963,0.0227592929350599,83.1062124502163,0.246915442706424,0.0776199968057384,0.00314496312751517,0.0175884448114044,0.709806165247779,-0.0185848923870712,-10.4731994332134,-2.05850974727246e-14,-0.0429869122185295,1.24938539551573e-13,0,0,0,0,1,0.673086199299627,0.673086199299627,73.7093548623854,38.3593167380671,-1.46163366822363
38,0.197514981538093,0.0943824531456733,0.492222088042235,0.000612493046080074,0.0106933819129247,0.0227632253119145,83.1034407529688,0.246907249428917,0.0776206115346813,0.00314682574979728,0.0176480531763334,0.709856174579262,-0.0185984102940929,-10.4725251062963,-2.05850974727246e-14,-0.0429869122185295,1.24938539551573e-13,0,0,0,0,1,0.673086199299627,0.673086199299627,73.6974299753576,38.376033495588,-1.46653781232067
38.01,0.197544222962078,0.0944425980234285,0.492467384386736,0.000610860575503286,0.0106865651212641,0.0227671592242718,83.1006641738808,0.246899041783747,0.0776212273554966,0.00314868651177686,0.0177075791849355,0.709906270315291,-0.018611906514236,-10.4718495842875,-2.05850974727246e-14,-0.0429869122185295,1.24938539551573e-13,0,0,0,0,1,0.673086199299627,0.673086199299627,73.6854958336263,38.3927463180368,-1.47143469159167
38.02,0.197573465442557,0.0945026611271706,0.492712709195213,0.000609231811373077,0.010679734425823,0.0227710946753663,83.0978827227185,0.246890819799703,0.0776218442660231,0.00315054542096145,0.0177670226970322,0.709956452260717,-0.0186253811127877,-10.4711728696914,-2.05850974727246e-14,-0.0429869122185295,1.24938539551573e-13,0,0,0,0,1,0.673086199299627,0.673086199299627,73.6735524489838,38.4094552047191,-1.47632429438229
38.03,0.197602708998224,0.0945626423158743,0.492958062450221,0.000607606742715038,0.0106728898502403,0.0227750316684043,83.0950964092582,0.246882583505602,0.0776224622640902,0.00315240248481943,0.017826383572681,0.710006720220113,-0.0186388341547277,-10.470494965014,-2.05850974727246e-14,-0.0429869122185295,1.24938539551573e-13,0,0,0,0,1,0.673086199299627,0.673086199299627,73.6615998332288,38.4261601549576,-1.48120660906443
38.04,0.197631953647626,0.0946225414487367,0.493203444134373,0.000605985358605376,0.0106660314181854,0.0227789702065639,83.0923052432866,0.246874332930293,0.0776230813475181,0.00315425771078007,0.0178856616721757,0.710057073997784,-0.0186522657047284,-10.4698158727632,-2.05850974727246e-14,-0.0429869122185295,1.24938539551573e-13,0,0,0,0,1,0.673086199299627,0.673086199299627,73.6496379981664,38.4428611680928,-1.48608162403627
38.05,0.197661199409162,0.0946823583851775,0.493448854230343,0.000604367648170693,0.0106591591533588,0.0227829102929949,83.0895092346,0.246866068102653,0.0776237015141186,0.00315611110623377,0.0179448568560466,0.710107513397766,-0.0186656758271551,-10.4691355954485,-2.05850974727246e-14,-0.0429869122185295,1.24938539551573e-13,0,0,0,0,1,0.673086199299627,0.673086199299627,73.6376669556079,38.4595582434825,-1.49094932772225
38.06,0.197690446301084,0.0947420929848397,0.493694292720862,0.000602753600587787,0.0106522730794924,0.0227868519308193,83.086708393005,0.246857789051588,0.0776243227616941,0.00315796267853214,0.0180039689850604,0.710158038223825,-0.0186790645860696,-10.4684541355812,-2.05850974727246e-14,-0.0429869122185295,1.24938539551573e-13,0,0,0,0,1,0.673086199299627,0.673086199299627,73.6256867173707,38.4762513805018,-1.49580970857311
38.07,0.197719694341496,0.0948017451075894,0.493939759588721,0.00060114320508343,0.0106453732203501,0.0227907951231312,83.083902728318,0.246849495806034,0.0776249450880388,0.00315981243498818,0.018062997920221,0.71020864827947,-0.018692432045229,-10.4677714956742,-2.05850974727246e-14,-0.0429869122185295,1.24938539551573e-13,0,0,0,0,1,0.673086199299627,0.673086199299627,73.6136972952785,38.4929405785434,-1.50066275506589
38.08,0.197748943548357,0.0948613146135168,0.494185254816767,0.000599536450934164,0.0106384595997283,0.0227947398729967,83.0810922503657,0.246841188394956,0.0776255684909382,0.00316166038287643,0.0181219435227692,0.710259343367948,-0.0187057782680888,-10.4670876782422,-2.05850974727246e-14,-0.0429869122185295,1.24938539551573e-13,0,0,0,0,1,0.673086199299627,0.673086199299627,73.6016987011611,38.5096258370173,-1.50550845570398
38.09,0.197778193939482,0.0949208013629363,0.494430778387907,0.000597933327466092,0.0106315322414557,0.0227986861834543,83.0782769689843,0.24683286684735,0.0776261929681696,0.00316350652943312,0.0181808056541834,0.710310123292246,-0.0187191033178031,-10.4664026858018,-2.05850974727246e-14,-0.0429869122185295,1.24938539551573e-13,0,0,0,0,1,0.673086199299627,0.673086199299627,73.5896909468544,38.5263071553507,-1.51034679901711
38.1,0.197807445532538,0.094980205216387,0.494676330285105,0.000596333824054668,0.0106245911693943,0.0228026340575146,83.0754568940203,0.246824531192238,0.0776268185175019,0.00316535088185629,0.0182395841761794,0.7103609878551,-0.0187324072572261,-10.4657165208711,-2.05850974727246e-14,-0.0429869122185295,1.24938539551573e-13,0,0,0,0,1,0.673086199299627,0.673086199299627,73.5776740442001,38.5429845329882,-1.51517777356134
38.11,0.197836698345051,0.0950395260346331,0.494921910491384,0.000594737930124493,0.0106176364074394,0.0228065834981609,83.0726320353299,0.246816181458674,0.0776274451366962,0.00316719344730598,0.0182982789507108,0.710411936858993,-0.0187456901489131,-10.4650291859702,-2.05850974727246e-14,-0.0429869122185295,1.24938539551573e-13,0,0,0,0,1,0.673086199299627,0.673086199299627,73.5656480050461,38.559657969392,-1.52000136791914
38.12,0.197865952394402,0.095098763678664,0.495167518989821,0.000593145635149104,0.0106106679795198,0.0228105345083489,83.0698024027793,0.24680781767574,0.0776280728235056,0.00316903423290434,0.0183568898399696,0.710462970106163,-0.0187589520551224,-10.4643406836209,-2.05850974727246e-14,-0.0429869122185295,1.24938539551573e-13,0,0,0,0,1,0.673086199299627,0.673086199299627,73.5536128412461,38.5763274640413,-1.52481757069936
38.13,0.197895207697826,0.0951579180096953,0.495413155763555,0.000591556928650778,0.0106036859095985,0.0228144870910068,83.0669680062443,0.246799439872545,0.0776287015756757,0.0031708732457358,0.0184154167063857,0.710514087398597,-0.0187721930378149,-10.4636510163467,-2.05850974727246e-14,-0.0429869122185295,1.24938539551573e-13,0,0,0,0,1,0.673086199299627,0.673086199299627,73.5415685646597,38.5929930164327,-1.52962637053727
38.14,0.19792446427242,0.0952169888891687,0.495658820795779,0.000589971800200318,0.0105966902216727,0.0228184412490356,83.0641288556107,0.246791048078229,0.0776293313909441,0.00317271049284718,0.0184738594126278,0.710565288538047,-0.0187854131586584,-10.4629601866731,-2.05850974727246e-14,-0.0429869122185295,1.24938539551573e-13,0,0,0,0,1,0.673086199299627,0.673086199299627,73.5295151871522,38.60965462608,-1.53442775609454
38.15,0.197953722135134,0.0952759761787528,0.495904514069743,0.000588390239416858,0.0105896809397739,0.0228223969853091,83.0612849607741,0.246782642321961,0.0776299622670415,0.0031745459812479,0.0185322178216033,0.710616573326021,-0.0187986124790244,-10.4622681971271,-2.05850974727246e-14,-0.0429869122185295,1.24938539551573e-13,0,0,0,0,1,0.673086199299627,0.673086199299627,73.5174527205948,38.6263122925142,-1.53922171605932
38.16,0.197982981302781,0.0953348797403431,0.496150235568755,0.000586812235967656,0.0105826580879685,0.0228263543026737,83.0584363316398,0.246774222632938,0.0776305942016911,0.00317637971791005,0.0185904917964587,0.710667941563793,-0.018811791059994,-10.4615750502377,-2.05850974727246e-14,-0.0429869122185295,1.24938539551573e-13,0,0,0,0,1,0.673086199299627,0.673086199299627,73.5053811768644,38.6429660152838,-1.5440082391462
38.17,0.198012241792029,0.0953936994360629,0.496395985276179,0.000585237779567895,0.010575621690358,0.0228303132039491,83.0555829781229,0.246765789040385,0.077631227192609,0.00317821170976856,0.0186486812005797,0.710719393052403,-0.0188249489623548,-10.4608807485359,-2.05850974727246e-14,-0.0429869122185295,1.24938539551573e-13,0,0,0,0,1,0.673086199299627,0.673086199299627,73.4933005678436,38.6596157939541,-1.54878731409625
38.18,0.198041503619406,0.0954524351282632,0.496641763175434,0.000583666859980484,0.0105685717710788,0.0228342736919278,83.0527249101479,0.246757341573556,0.0776318612375045,0.00318004196372138,0.0187067858975916,0.710770927592664,-0.0188380862466052,-10.4601852945541,-2.05850974727246e-14,-0.0429869122185295,1.24938539551573e-13,0,0,0,0,1,0.673086199299627,0.673086199299627,73.4812109054204,38.676261628108,-1.55355892967705
38.19,0.198070766801303,0.0955110866795236,0.496887569249997,0.000582099467015856,0.0105615083543028,0.0228382357693755,83.0498621376495,0.246748880261733,0.0776324963340802,0.00318187048662957,0.0187648057513595,0.710822544985159,-0.0188512029729543,-10.459488690827,-2.05850974727246e-14,-0.0429869122185295,1.24938539551573e-13,0,0,0,0,1,0.673086199299627,0.673086199299627,73.4691122014885,38.6929035173454,-1.55832307468266
38.2,0.198100031353967,0.0955696539526524,0.497133403483401,0.00058053559053177,0.0105544314642375,0.0228421994390309,83.0469946705717,0.246740405134228,0.0776331324800319,0.00318369728531745,0.0188227406259885,0.710874245030248,-0.0188642992013229,-10.4587909398908,-2.05850974727246e-14,-0.0429869122185295,1.24938539551573e-13,0,0,0,0,1,0.673086199299627,0.673086199299627,73.4570044679472,38.7095414612833,-1.56307973793369
38.21,0.198129297293508,0.0956281368106872,0.497379265859233,0.000578975220433118,0.010547341125126,0.0228461647036062,83.0441225188681,0.246731916220379,0.0776337696730491,0.00318552236657278,0.0188805903858238,0.710926027528072,-0.0188773749913449,-10.4580920442838,-2.05850974727246e-14,-0.0429869122185295,1.24938539551573e-13,0,0,0,0,1,0.673086199299627,0.673086199299627,73.4448877167012,38.7261754595558,-1.56782890827732
38.22,0.198158564635898,0.0956865351168954,0.497625156361138,0.000577418346671723,0.0105402373612473,0.0228501315657869,83.0412456925021,0.246723413549555,0.077634407910815,0.00318734573714686,0.0189383548954515,0.710977892278551,-0.018890430402369,-10.457392006546,-2.05850974727246e-14,-0.0429869122185295,1.24938539551573e-13,0,0,0,0,1,0.673086199299627,0.673086199299627,73.4327619596605,38.7428055118143,-1.57257057458724
38.23,0.19818783339697,0.0957448487347742,0.497871074972814,0.000575864959246147,0.0105331201969163,0.0228541000282319,83.0383642014465,0.246714897151149,0.0776350471910068,0.00318916740375468,0.0189960340196983,0.711029839081399,-0.0189034654934592,-10.4566908292193,-2.05850974727246e-14,-0.0429869122185295,1.24938539551573e-13,0,0,0,0,1,0.673086199299627,0.673086199299627,73.4206272087407,38.7594316177273,-1.57730472576378
38.24,0.19821710359242,0.0958030775280515,0.498117021678015,0.000574315048201494,0.0105259896564841,0.0228580700935736,83.0354780556837,0.246706367054586,0.0776356875112956,0.00319098737307506,0.0190536276236317,0.711081867736107,-0.0189164803233958,-10.4559885148476,-2.05850974727246e-14,-0.0429869122185295,1.24938539551573e-13,0,0,0,0,1,0.673086199299627,0.673086199299627,73.4084834758625,38.7760537769801,-1.58203135073382
38.25,0.198246375237805,0.0958612213606864,0.498362996460553,0.000572768603629221,0.010518845764338,0.022862041764418,83.0325872652057,0.246697823289318,0.0776363288693468,0.00319280565175079,0.019111135572561,0.711133978041966,-0.0189294749506767,-10.4552850659766,-2.05850974727246e-14,-0.0429869122185295,1.24938539551573e-13,0,0,0,0,1,0.673086199299627,0.673086199299627,73.3963307729519,38.7926719892754,-1.58675043845088
38.26,0.19827564834855,0.0959192800968688,0.49860899930429,0.00057122561566694,0.0105116885449014,0.022866015043345,83.029691840014,0.246689265884823,0.07763697126282,0.00319462224638879,0.0191685577320367,0.711186169798061,-0.0189424494335202,-10.4545804851539,-2.05850974727246e-14,-0.0429869122185295,1.24938539551573e-13,0,0,0,0,1,0.673086199299627,0.673086199299627,73.3841691119403,38.8092862543327,-1.59146197789511
38.27,0.198304922939938,0.0959772536010211,0.498855030193146,0.000569686074498227,0.0105045180226343,0.022869989932908,83.0267917901193,0.246680694870609,0.0776376146893696,0.00319643716356019,0.0192258939678513,0.71123844280327,-0.0189554038298625,-10.4538747749292,-2.05850974727246e-14,-0.0429869122185295,1.24938539551573e-13,0,0,0,0,1,0.673086199299627,0.673086199299627,73.3719985047641,38.8258965718888,-1.59616595807332
38.28,0.198334199027122,0.0960351417377975,0.499101089111096,0.000568149970352436,0.0104973342220328,0.0228739664356344,83.023887125542,0.246672110276211,0.0776382591466445,0.00319825040980052,0.0192831441460393,0.711290796856276,-0.0189683381973628,-10.4531679378537,-2.05850974727246e-14,-0.0429869122185295,1.24938539551573e-13,0,0,0,0,1,0.673086199299627,0.673086199299627,73.3598189633647,38.8425029416972,-1.60086236801898
38.29,0.198363476625116,0.096092944372085,0.499347176042166,0.000566617293504502,0.0104901371676298,0.0228779445540254,83.0209778563119,0.246663512131192,0.0776389046322884,0.00320006199160984,0.0193403081328775,0.711343231755564,-0.0189812525934012,-10.452459976481,-2.05850974727246e-14,-0.0429869122185295,1.24938539551573e-13,0,0,0,0,1,0.673086199299627,0.673086199299627,73.3476304996889,38.8591053635286,-1.60555119679225
38.3,0.198392755748801,0.0961506613690038,0.499593290970441,0.000565088034274758,0.0104829268839943,0.0228819242905564,83.0180639924681,0.24665490046514,0.07763955114394,0.00320187191545285,0.0193973857948856,0.711395747299428,-0.0189941470750822,-10.4517508933664,-2.05850974727246e-14,-0.0429869122185295,1.24938539551573e-13,0,0,0,0,1,0.673086199299627,0.673086199299627,73.3354331256882,38.8757038371707,-1.61023243347999
38.31,0.198422036412925,0.0962082925939076,0.499839433880055,0.000563562183028742,0.0104757033957321,0.0228859056476768,83.0151455440591,0.246646275307675,0.0776401986792334,0.00320368018775904,0.0194543769988258,0.711448343285968,-0.0190070216992346,-10.451040691067,-2.05850974727246e-14,-0.0429869122185295,1.24938539551573e-13,0,0,0,0,1,0.673086199299627,0.673086199299627,73.3232268533193,38.8922983624279,-1.61490606719578
38.32,0.198451318632101,0.0962658379123841,0.5000856047552,0.000562039730177013,0.0104684667274854,0.02288988862781,83.0122225211425,0.246637636688441,0.0776408472357976,0.00320548681492283,0.0195112816117038,0.711501019513099,-0.0190198765224126,-10.4503293721423,-2.05850974727246e-14,-0.0429869122185295,1.24938539551573e-13,0,0,0,0,1,0.673086199299627,0.673086199299627,73.3110116945437,38.9088889391219,-1.61957208707996
38.33,0.198480602420809,0.0963232971902555,0.50033180358012,0.000560520666174964,0.010461216903933,0.022893873233354,83.0092949337857,0.246628984637111,0.0776414968112573,0.00320729180330369,0.0195680995007686,0.71155377577855,-0.0190327116008975,-10.4496169391532,-2.05850974727246e-14,-0.0429869122185295,1.24938539551573e-13,0,0,0,0,1,0.673086199299627,0.673086199299627,73.2987876613276,38.9254755670909,-1.6242304822996
38.34,0.198509887793397,0.0963806702935786,0.500578030339112,0.000559004981522633,0.01045395394979,0.0228978594666809,83.0063627920649,0.246620319183384,0.0776421474032327,0.0032090951592263,0.0196248305335129,0.711606611879872,-0.0190455269906986,-10.4489033946631,-2.05850974727246e-14,-0.0429869122185295,1.24938539551573e-13,0,0,0,0,1,0.673086199299627,0.673086199299627,73.2865547656425,38.9420582461905,-1.62888124204858
38.35,0.198539174764081,0.0964379570886457,0.500824285016528,0.000557492666764525,0.010446677889808,0.0229018473301372,83.0034261060659,0.246611640356987,0.0776427990093396,0.00321089688898064,0.0196814745776732,0.711659527614432,-0.0190583227475534,-10.4481887412369,-2.05850974727246e-14,-0.0429869122185295,1.24938539551573e-13,0,0,0,0,1,0.673086199299627,0.673086199299627,73.2743130194641,38.9586369762927,-1.63352435554754
38.36,0.198568463346945,0.0964951574419848,0.501070567596772,0.00055598371248942,0.0104393887487753,0.022905836826044,83.0004848858833,0.246602948187674,0.07764345162719,0.00321269699882217,0.0197380315012306,0.711712522779424,-0.0190710989269304,-10.4474729814418,-2.05850974727246e-14,-0.0429869122185295,1.24938539551573e-13,0,0,0,0,1,0.673086199299627,0.673086199299627,73.2620624347732,38.9752117572867,-1.63815981204395
38.37,0.198597753555943,0.09655227122036,0.501316878064302,0.000554478109330197,0.0104320865515163,0.022909827956697,82.9975391416214,0.246594242705226,0.0776441052543915,0.00321449549497192,0.0197945011724104,0.71176559717187,-0.0190838555840288,-10.4467561178469,-2.05850974727246e-14,-0.0429869122185295,1.24938539551573e-13,0,0,0,0,1,0.673086199299627,0.673086199299627,73.2498030235552,38.9917825890784,-1.64278760081211
38.38,0.198627045404897,0.096609298290772,0.501563216403628,0.000552975847963648,0.0104247713228918,0.0229138207243663,82.9945888833933,0.246585523939452,0.0776447598885482,0.00321629238361666,0.0198508834596831,0.711818750588617,-0.0190965927737801,-10.4460381530232,-2.05850974727246e-14,-0.0429869122185295,1.24938539551573e-13,0,0,0,0,1,0.673086199299627,0.673086199299627,73.2375347978,39.0083494715906,-1.64740771115318
38.39,0.1986563389075,0.0966662385204584,0.501809582599313,0.000551476919110298,0.0104174430877989,0.022917815131297,82.9916341213214,0.246576791920185,0.0776454155272604,0.003218087670909,0.0199071782317637,0.71187198282635,-0.0191093105508495,-10.4453190895439,-2.05850974727246e-14,-0.0429869122185295,1.24938539551573e-13,0,0,0,0,1,0.673086199299627,0.673086199299627,73.2252577695021,39.0249124047628,-1.65202013239516
38.4,0.198685634077315,0.0967230917768944,0.502055976635973,0.000549981313534224,0.0104101018711707,0.0229218111797089,82.9886748655371,0.246568046677287,0.0776460721681246,0.00321988136296753,0.0199633853576131,0.711925293681584,-0.0191220089696355,-10.4445989299839,-2.05850974727246e-14,-0.0429869122185295,1.24938539551573e-13,0,0,0,0,1,0.673086199299627,0.673086199299627,73.2129719506606,39.0414713885513,-1.65662485389295
38.41,0.198714930927776,0.0967798579277929,0.502302398498276,0.000548489022042874,0.0104027476979768,0.0229258088717967,82.985711126181,0.246559288240647,0.0776467298087343,0.00322167346587695,0.0200195047064376,0.711978682950676,-0.0191346880842739,-10.4438776769205,-2.05850974727246e-14,-0.0429869122185295,1.24938539551573e-13,0,0,0,0,1,0.673086199299627,0.673086199299627,73.2006773532791,39.0580264229294,-1.66122186502836
38.42,0.198744229472188,0.0968365368411052,0.502548848170942,0.000547000035486893,0.0103953805932224,0.0229298082097299,82.9827429134028,0.24655051664018,0.0776473884466792,0.00322346398568822,0.0200755361476894,0.71203215042982,-0.0191473479486354,-10.4431553329326,-2.05850974727246e-14,-0.0429869122185295,1.24938539551573e-13,0,0,0,0,1,0.673086199299627,0.673086199299627,73.1883739893654,39.074577507887,-1.66581115521012
38.43,0.198773529723729,0.0968931283850212,0.502795325638746,0.00054551434475994,0.0103880005819487,0.0229338091956532,82.9797702373611,0.246541731905826,0.0776480480795461,0.00322525292841864,0.0201314795510672,0.712085695915052,-0.0191599886163291,-10.4424319006014,-2.05850974727246e-14,-0.0429869122185295,1.24938539551573e-13,0,0,0,0,1,0.673086199299627,0.673086199299627,73.1760618709318,39.0911246434305,-1.67039271387388
38.44,0.198802831695447,0.09694963242797,0.50304183088651,0.000544031940798511,0.0103806076892328,0.0229378118316865,82.9767931082235,0.246532934067555,0.0776487087049188,0.00322704030005203,0.0201873347865156,0.71213931920226,-0.0191726101407028,-10.4417073825101,-2.05850974727246e-14,-0.0429869122185295,1.24938539551573e-13,0,0,0,0,1,0.673086199299627,0.673086199299627,73.1637410099951,39.1076678295835,-1.67496653048226
38.45,0.198832135400265,0.0970060488386203,0.503288363899111,0.000542552814581768,0.0103732019401875,0.0229418161199246,82.9738115361666,0.246524123155359,0.0776493703203779,0.00322882610653883,0.0202431017242266,0.712193020087171,-0.0191852125748443,-10.4409817812437,-2.05850974727246e-14,-0.0429869122185295,1.24938539551573e-13,0,0,0,0,1,0.673086199299627,0.673086199299627,73.1514114185761,39.1242070663859,-1.67953259452486
38.46,0.198861440850979,0.0970623774858807,0.503534924661479,0.000541076957131355,0.0103657833599609,0.0229458220624377,82.9708255313762,0.246515299199261,0.0776500329235015,0.00323061035379623,0.020298780234639,0.712246798365372,-0.0191977959715812,-10.4402550993896,-2.05850974727246e-14,-0.0429869122185295,1.24938539551573e-13,0,0,0,0,1,0.673086199299627,0.673086199299627,73.1390731086998,39.1407423538946,-1.68409089551829
38.47,0.198890748060258,0.0971186182389001,0.503781513158591,0.000539604359511233,0.0103583519737368,0.0229498296612715,82.9678351040466,0.246506462229306,0.0776506965118648,0.0032323930477083,0.0203543701884389,0.712300653832291,-0.0192103603834843,-10.4395273395369,-2.05850974727246e-14,-0.0429869122185295,1.24938539551573e-13,0,0,0,0,1,0.673086199299627,0.673086199299627,73.1267260923957,39.1572736921827,-1.68864142300614
38.48,0.198920057040646,0.0971747709670684,0.504028129375479,0.000538135012827496,0.0103509078067342,0.0229538389184468,82.9648402643812,0.246497612275568,0.0776513610830404,0.00323417419412612,0.0204098714565601,0.712354586283225,-0.0192229058628662,-10.4387985042769,-2.05850974727246e-14,-0.0429869122185295,1.24938539551573e-13,0,0,0,0,1,0.673086199299627,0.673086199299627,73.114370381697,39.1738010813406,-1.69318416655904
38.49,0.198949367804561,0.0972308355400167,0.504274773297226,0.000536668908228206,0.0103434508842071,0.0229578498359601,82.9618410225925,0.246488749368146,0.0776520266345986,0.00323595379886789,0.0204652839101843,0.712408595513318,-0.0192354324617838,-10.4380685962029,-2.05850974727246e-14,-0.0429869122185295,1.24938539551573e-13,0,0,0,0,1,0.673086199299627,0.673086199299627,73.1020059886412,39.1903245214747,-1.6977191157747
38.5,0.198978680364296,0.0972868118276175,0.504521444908965,0.000535206036903217,0.0103359812314446,0.0229618624157834,82.9588373889013,0.246479873537164,0.0776526931641073,0.00323773186771907,0.0205206074207416,0.712462681317579,-0.0192479402320394,-10.4373376179102,-2.05850974727246e-14,-0.0429869122185295,1.24938539551573e-13,0,0,0,0,1,0.673086199299627,0.673086199299627,73.0896329252698,39.2068440127084,-1.70224626027785
38.51,0.19900799473202,0.0973426996999856,0.504768144195878,0.000533746390084003,0.0103284988737705,0.0229658766598643,82.9558293735378,0.246470984812775,0.077653360669132,0.0032395084064325,0.0205758418599104,0.712516843490878,-0.019260429225181,-10.4366055719963,-2.05850974727246e-14,-0.0429869122185295,1.24938539551573e-13,0,0,0,0,1,0.673086199299627,0.673086199299627,73.0772512036284,39.2233595551816,-1.70676558972034
38.52,0.199037310919779,0.0973984990274782,0.505014871143203,0.000532289959043488,0.0103210038365436,0.0229698925701262,82.9528169867405,0.246462083225153,0.0776540291472362,0.00324128342072854,0.0206309870996181,0.71257108182795,-0.019272899492503,-10.4358724610607,-2.05850974727246e-14,-0.0429869122185295,1.24938539551573e-13,0,0,0,0,1,0.673086199299627,0.673086199299627,73.0648608357661,39.2398711490506,-1.71127709378113
38.53,0.199066628939494,0.0974542096806953,0.505261625736223,0.000530836735095876,0.0103134961451568,0.0229739101484681,82.949800238757,0.246453168804503,0.0776546985959814,0.00324305691629516,0.0206860430120409,0.712625396123396,-0.0192853510850495,-10.4351382877048,-2.05850974727246e-14,-0.0429869122185295,1.24938539551573e-13,0,0,0,0,1,0.673086199299627,0.673086199299627,73.0524618337363,39.2563787944886,-1.71578076216626
38.54,0.199095948802964,0.0975098315304803,0.505508407960275,0.000529386709596481,0.0103059758250374,0.022977929396765,82.9467791398435,0.246444241581052,0.0776553690129271,0.00324482889878809,0.0207410094696046,0.712679786171688,-0.0192977840536121,-10.4344030545321,-2.05850974727246e-14,-0.0429869122185295,1.24938539551573e-13,0,0,0,0,1,0.673086199299627,0.673086199299627,73.0400542095961,39.2728824916849,-1.72027658460896
38.55,0.199125270521865,0.0975653644479202,0.505755217800745,0.000527939873941562,0.0102984429016471,0.0229819503168678,82.9437537002649,0.246435301585054,0.0776560403956309,0.00324659937383092,0.0207958863449847,0.712734251767167,-0.019310198448733,-10.4336667641484,-2.05850974727246e-14,-0.0429869122185295,1.24938539551573e-13,0,0,0,0,1,0.673086199299627,0.673086199299627,73.0276379754062,39.2893822408458,-1.7247645508696
38.56,0.199154594107753,0.0976208083043461,0.506002055243069,0.000526496219568147,0.0102908974004813,0.0229859729106034,82.9407239302948,0.246426348846789,0.0776567127416488,0.00324836834701526,0.0208506735111067,0.712788792704048,-0.019322594320706,-10.4329294191611,-2.05850974727246e-14,-0.0429869122185295,1.24938539551573e-13,0,0,0,0,1,0.673086199299627,0.673086199299627,73.0152131432312,39.3058780421937,-1.72924465073571
38.57,0.199183919572058,0.0976761629713336,0.506248920272734,0.000525055737953875,0.0102833393470692,0.0229899971797748,82.9376898402154,0.246417383396561,0.077657386048535,0.00325013582390081,0.0209053708411464,0.712843408776421,-0.0193349717195768,-10.4321910221802,-2.05850974727246e-14,-0.0429869122185295,1.24938539551573e-13,0,0,0,0,1,0.673086199299627,0.673086199299627,73.0027797251392,39.3223698959676,-1.73371687402205
38.58,0.199213246926093,0.0977314283207031,0.506495812875276,0.000523618420616825,0.0102757687669738,0.0229940231261609,82.9346514403176,0.246408405264699,0.0776580603138423,0.00325190181001554,0.0209599782085299,0.712898099778256,-0.019347330695144,-10.4314515758173,-2.05850974727246e-14,-0.0429869122185295,1.24938539551573e-13,0,0,0,0,1,0.673086199299627,0.673086199299627,72.9903377332022,39.3388578024231,-1.73818121057056
38.59,0.199242576181048,0.0977866042245203,0.50674273303628,0.00052218425911535,0.0102681856857912,0.0229980507515172,82.9316087409007,0.246399414481561,0.077658735535122,0.00325366631085575,0.0210144954869345,0.712952865503395,-0.0193596712969607,-10.4307110826862,-2.05850974727246e-14,-0.0429869122185295,1.24938539551573e-13,0,0,0,0,1,0.673086199299627,0.673086199299627,72.9778871794954,39.3553417618322,-1.74263765025045
38.6,0.199271907347995,0.0978416905550968,0.506989680741383,0.000520753245047915,0.0102605901291508,0.0230020800575751,82.928561752273,0.246390411077525,0.0776594117099238,0.00325542933188625,0.0210689225502886,0.71300770574557,-0.0193719935743346,-10.4299695454029,-2.05850974727246e-14,-0.0429869122185295,1.24938539551573e-13,0,0,0,0,1,0.673086199299627,0.673086199299627,72.9654280760979,39.371821774483,-1.74708618295816
38.61,0.199301240437883,0.09789668718499,0.507236655976268,0.000519325370052929,0.0102529821227152,0.0230061110460427,82.9255104847508,0.246381395082998,0.0776600888357963,0.00325719087854041,0.0211232592727719,0.713062620298392,-0.0193842975763298,-10.4292269665852,-2.05850974727246e-14,-0.0429869122185295,1.24938539551573e-13,0,0,0,0,1,0.673086199299627,0.673086199299627,72.9529604350919,39.3882978406805,-1.75152679861738
38.62,0.199330575461545,0.0979515939870038,0.507483658726671,0.000517900625808586,0.0102453616921796,0.0230101437186043,82.9224549486594,0.24637236652841,0.0776607669102869,0.00325895095622034,0.021177505528816,0.713117608955356,-0.0193965833517683,-10.4284833488532,-2.05850974727246e-14,-0.0429869122185295,1.24938539551573e-13,0,0,0,0,1,0.673086199299627,0.673086199299627,72.9404842685633,39.4047699607458,-1.75595948717912
38.63,0.199359912429693,0.0980064108341891,0.507730688978373,0.000516479004032699,0.0102377288632717,0.0230141780769207,82.9193951543322,0.246363325444217,0.0776614459309417,0.00326070957029701,0.0212316611931047,0.713172671509846,-0.0194088509492292,-10.427738694829,-2.05850974727246e-14,-0.0429869122185295,1.24938539551573e-13,0,0,0,0,1,0.673086199299627,0.673086199299627,72.9279995886013,39.4212381350164,-1.76038423862169
38.64,0.199389251352921,0.0980611375998439,0.507977746717208,0.000515060496482538,0.0102300836617518,0.0230182141226294,82.9163311121112,0.2463542718609,0.0776621258953059,0.0032624667261103,0.0212857261405738,0.713227807755133,-0.0194211004170509,-10.4269930071365,-2.05850974727246e-14,-0.0429869122185295,1.24938539551573e-13,0,0,0,0,1,0.673086199299627,0.673086199299627,72.9155064072982,39.4377023638461,-1.7648010429507
38.65,0.199418592241705,0.0981157741575138,0.508224831929056,0.000513645094954671,0.0102224261134122,0.0230222518573445,82.913262832347,0.246345205808963,0.0776628068009235,0.0032642224289692,0.0213397002464121,0.713283017484379,-0.0194333318033325,-10.426246288402,-2.05850974727246e-14,-0.0429869122185295,1.24938539551573e-13,0,0,0,0,1,0.673086199299627,0.673086199299627,72.9030047367499,39.4541626476053,-1.76920989019913
38.66,0.199447935106404,0.0981703203809925,0.508471944599847,0.000512232791284801,0.0102147562440773,0.0230262912826566,82.9101903253983,0.246336127318936,0.0776634886453377,0.00326597668415186,0.0213935833860613,0.71333830049064,-0.0194455451559334,-10.4254985412537,-2.05850974727246e-14,-0.0429869122185295,1.24938539551573e-13,0,0,0,0,1,0.673086199299627,0.673086199299627,72.8904945890553,39.4706189866803,-1.7736107704273
38.67,0.199477279957259,0.0982247761443219,0.50871908471556,0.000510823577347608,0.0102070740796031,0.0230303324001333,82.9071136016324,0.246327036421375,0.0776641714260907,0.00326772949690577,0.0214473754352162,0.71339365656686,-0.0194577405224758,-10.4247497683218,-2.05850974727246e-14,-0.0429869122185295,1.24938539551573e-13,0,0,0,0,1,0.673086199299627,0.673086199299627,72.8779759763166,39.4870713814742,-1.77800367372292
38.68,0.199506626804396,0.098279141321793,0.50896625226222,0.000509417445056589,0.0101993796458773,0.0230343752113189,82.9040326714249,0.246317933146858,0.0776648551407241,0.00326948087244782,0.0215010762698253,0.713449085505886,-0.0194699179503441,-10.4239999722385,-2.05850974727246e-14,-0.0429869122185295,1.24938539551573e-13,0,0,0,0,1,0.673086199299627,0.673086199299627,72.8654489106389,39.5035198324058,-1.78238859020108
38.69,0.199535975657822,0.0983334157879455,0.509213447225902,0.000508014386363897,0.0101916729688187,0.0230384197177348,82.9009475451596,0.246308817525988,0.0776655397867785,0.00327123081596444,0.0215546857660911,0.713504587100454,-0.0194820774866868,-10.4232491556382,-2.05850974727246e-14,-0.0429869122185295,1.24938539551573e-13,0,0,0,0,1,0.673086199299627,0.673086199299627,72.8529134041306,39.5199643399106,-1.78676551000431
38.7,0.199565326527432,0.0983875994175689,0.509460669592731,0.000506614393260188,0.0101839540743774,0.0230424659208792,82.8978582332287,0.246299689589395,0.0776662253617941,0.00327297933261173,0.02160820380047,0.713560161143207,-0.0194942191784186,-10.4224973211573,-2.05850974727246e-14,-0.0429869122185295,1.24938539551573e-13,0,0,0,0,1,0.673086199299627,0.673086199299627,72.840369468903,39.5364049044402,-1.79113442330253
38.71,0.199594679423002,0.0984416920857024,0.509707919348875,0.000505217457774459,0.0101762229885343,0.0230465138222273,82.8947647460327,0.246290549367729,0.0776669118633102,0.00327472642751554,0.021661630249673,0.713615807426678,-0.0195063430722184,-10.4217444714342,-2.05850974727246e-14,-0.0429869122185295,1.24938539551573e-13,0,0,0,0,1,0.673086199299627,0.673086199299627,72.8278171170705,39.5528415264624,-1.79549532029315
38.72,0.199624034354195,0.0984956936676356,0.509955196480555,0.000503823571973895,0.0101684797373009,0.0230505634232316,82.8916670939803,0.246281396891667,0.0776675992888657,0.00327647210577163,0.0217149649906659,0.713671525743311,-0.0195184492145327,-10.4209906091092,-2.05850974727246e-14,-0.0429869122185295,1.24938539551573e-13,0,0,0,0,1,0.673086199299627,0.673086199299627,72.8152563607502,39.5692742064611,-1.79984819120102
38.73,0.199653391330559,0.0985496040389086,0.510202500974037,0.000502432727963711,0.0101607243467193,0.0230546147253218,82.8885652874883,0.246272232191911,0.0776682876359988,0.00327821637244572,0.0217682079006694,0.713727315885447,-0.019530537651576,-10.4202357368248,-2.05850974727246e-14,-0.0429869122185295,1.24938539551573e-13,0,0,0,0,1,0.673086199299627,0.673086199299627,72.8026872120622,39.5857029449367,-1.80419302627849
38.74,0.199682750361528,0.0986034230753124,0.510449832815633,0.000501044917886997,0.0101529568428616,0.0230586677299045,82.8854593369818,0.246263055299184,0.0776689769022475,0.00327995923257369,0.02182135885716,0.713783177645334,-0.0195426084293311,-10.4194798572256,-2.05850974727246e-14,-0.0429869122185295,1.24938539551573e-13,0,0,0,0,1,0.673086199299627,0.673086199299627,72.7901096831294,39.6021277424054,-1.8085298158054
38.75,0.199712111456423,0.0986571506528894,0.510697191991707,0.000499660133924564,0.0101451772518301,0.023062722438364,82.882349252894,0.246253866244235,0.077669667085149,0.0032817006911616,0.0218744177378694,0.713839110815121,-0.0195546615935505,-10.4187229729579,-2.05850974727246e-14,-0.0429869122185295,1.24938539551573e-13,0,0,0,0,1,0.673086199299627,0.673086199299627,72.7775237860774,39.6185485993997,-1.81285855008911
38.76,0.199741474624451,0.0987107866479338,0.510944578488666,0.00049827836829479,0.0101373855997568,0.0230667788520617,82.8792350456663,0.246244665057837,0.0776703581822404,0.00328344075318589,0.0219273844207855,0.713895115186873,-0.0195666971897583,-10.4179650866703,-2.05850974727246e-14,-0.0429869122185295,1.24938539551573e-13,0,0,0,0,1,0.673086199299627,0.673086199299627,72.7649295330347,39.6349655164684,-1.81717921946453
38.77,0.199770839874707,0.0987643309369916,0.511191992292967,0.000496899613253464,0.0101295819128033,0.0230708369723367,82.8761167257481,0.246235451770786,0.0776710501910584,0.0032851794235934,0.0219802587841524,0.713951190552552,-0.0195787152632489,-10.4172062010133,-2.05850974727246e-14,-0.0429869122185295,1.24938539551573e-13,0,0,0,0,1,0.673086199299627,0.673086199299627,72.7523269361323,39.651378494176,-1.8214918142941
38.78,0.199800207216173,0.0988177833968614,0.511439433391111,0.00049552386109364,0.0101217662171604,0.0230748968005055,82.872994303597,0.246226226413901,0.0776717431091393,0.00328691670730159,0.0220330407064711,0.714007336704039,-0.0195907158590897,-10.4164463186394,-2.05850974727246e-14,-0.0429869122185295,1.24938539551573e-13,0,0,0,0,1,0.673086199299627,0.673086199299627,72.7397160075039,39.6677875331034,-1.82579632496785
38.79,0.199829576657718,0.0988711439045944,0.511686901769649,0.000494151104145478,0.0101139385390482,0.023078958337862,82.8698677896784,0.246216989018028,0.0776724369340191,0.00328865260919854,0.0220857300664989,0.71406355343312,-0.0196026990221213,-10.4156854422032,-2.05850974727246e-14,-0.0429869122185295,1.24938539551573e-13,0,0,0,0,1,0.673086199299627,0.673086199299627,72.7270967592856,39.6841926338476,-1.8300927419034
38.8,0.199858948208103,0.098924412337495,0.511934397415176,0.000492781334776093,0.0101060989047156,0.023083021585678,82.866737194466,0.246207739614032,0.0776731316632338,0.00329038713414314,0.0221383267432509,0.714119840531496,-0.0196146647969595,-10.414923574361,-2.05850974727246e-14,-0.0429869122185295,1.24938539551573e-13,0,0,0,0,1,0.673086199299627,0.673086199299627,72.7144692036162,39.7005937970215,-1.83438105554595
38.81,0.199888321875974,0.0989775885731209,0.512181920314335,0.000491414545389411,0.0100982473404403,0.0230870865452029,82.8636025284414,0.246198478232805,0.0776738272943189,0.00329212028696518,0.0221908306159992,0.71417619779078,-0.019626613227995,-10.4141607177715,-2.05850974727246e-14,-0.0429869122185295,1.24938539551573e-13,0,0,0,0,1,0.673086199299627,0.673086199299627,72.701833352637,39.716991023254,-1.83866125636836
38.82,0.19991769766987,0.0990306724892838,0.512429470453816,0.00049005072842601,0.0100903838725283,0.023091153217664,82.860463802094,0.246189204905261,0.0776745238248099,0.00329385207246545,0.0222432415642739,0.714232625002498,-0.0196385443593936,-10.413396875095,-2.05850974727246e-14,-0.0429869122185295,1.24938539551573e-13,0,0,0,0,1,0.673086199299627,0.673086199299627,72.6891892184916,39.7333843131902,-1.84293333487109
38.83,0.199947075598216,0.0990836639640492,0.512677047820355,0.000488689876362977,0.010082508527314,0.0230952216042661,82.8573210259212,0.246179919662337,0.0776752212522422,0.00329558249541584,0.0222955594678633,0.714289121958095,-0.0196504582351001,-10.412632048994,-2.05850974727246e-14,-0.0429869122185295,1.24938539551573e-13,0,0,0,0,1,0.673086199299627,0.673086199299627,72.676536813326,39.7497736674909,-1.84719728158229
38.84,0.19997645566933,0.0991365628757375,0.512924652400731,0.000487331981713754,0.0100746213311598,0.0230992917061922,82.8541742104285,0.246170622534993,0.0776759195741508,0.00329731156055948,0.0223477842068139,0.714345688448927,-0.0196623548988355,-10.411866242133,-2.05850974727246e-14,-0.0429869122185295,1.24938539551573e-13,0,0,0,0,1,0.673086199299627,0.673086199299627,72.6638761492885,39.7661590868332,-1.85145308705777
38.85,0.200005837891419,0.0991893691029234,0.513172284181774,0.000485977037027995,0.0100667223104559,0.0231033635246032,82.8510233661291,0.246161313554214,0.077676618788071,0.00329903927261082,0.0223999156614309,0.714402324266271,-0.0196742343941012,-10.4110994571782,-2.05850974727246e-14,-0.0429869122185295,1.24938539551573e-13,0,0,0,0,1,0.673086199299627,0.673086199299627,72.6512072385297,39.78254057191,-1.85570074188102
38.86,0.200035222272583,0.0992420825244371,0.513419943150357,0.000484625034891412,0.01005881149162,0.0231074370606381,82.847868503544,0.246151992751007,0.0776773188915377,0.00330076563625576,0.0224519537122788,0.714459029201322,-0.019686096764178,-10.410331696798,-2.05850974727246e-14,-0.0429869122185295,1.24938539551573e-13,0,0,0,0,1,0.673086199299627,0.673086199299627,72.6385300932023,39.7989181234301,-1.85994023666325
38.87,0.200064608820812,0.0992947030193642,0.513667629293399,0.000483275967925634,0.0100508889010975,0.0231115123154137,82.8447096332021,0.246142660156402,0.0776780198820858,0.00330249065615175,0.0225038982401809,0.714515803045194,-0.0196979420521267,-10.4095629636627,-2.05850974727246e-14,-0.0429869122185295,1.24938539551573e-13,0,0,0,0,1,0.673086199299627,0.673086199299627,72.6258447254614,39.8152917421183,-1.86417156204338
38.88,0.200093997543987,0.099347230467046,0.513915342597865,0.000481929828788054,0.0100429545653608,0.0231155892900254,82.84154676564,0.24613331580145,0.0776787217572505,0.00330421433692789,0.0225557491262204,0.714572645588921,-0.0197097703007908,-10.4087932604444,-2.05850974727246e-14,-0.0429869122185295,1.24938539551573e-13,0,0,0,0,1,0.673086199299627,0.673086199299627,72.6131511474641,39.8316614287153,-1.86839470868809
38.89,0.200123388449884,0.09939966474708,0.514163083050766,0.00048058661017169,0.0100350085109092,0.0231196679855463,82.8383799114023,0.246123959717229,0.0776794245145665,0.00330593668318504,0.0226075062517403,0.714629556623458,-0.0197215815527961,-10.4080225898173,-2.05850974727246e-14,-0.0429869122185295,1.24938539551573e-13,0,0,0,0,1,0.673086199299627,0.673086199299627,72.6004493713695,39.8480271839775,-1.87260966729179
38.9,0.200152781546168,0.09945200573932,0.514410850639156,0.000479246304805033,0.0100270507642689,0.0231237484030283,82.8352090810412,0.246114591934835,0.0776801281515687,0.00330765769949594,0.022659169498344,0.714686535939683,-0.0197333758505516,-10.4072509544575,-2.05850974727246e-14,-0.0429869122185295,1.24938539551573e-13,0,0,0,0,1,0.673086199299627,0.673086199299627,72.5877394093387,39.8643890086774,-1.87681642857668
38.91,0.2001821768404,0.0995042533238769,0.514658645350137,0.000477908905451906,0.0100190813519928,0.0231278305435012,82.8320342851164,0.246105212485391,0.0776808326657921,0.00330937739040529,0.022710738747895,0.714743583328396,-0.0197451532362502,-10.4064783570428,-2.05850974727246e-14,-0.0429869122185295,1.24938539551573e-13,0,0,0,0,1,0.673086199299627,0.673086199299627,72.575021273535,39.8807469036032,-1.88101498329275
38.92,0.200211574340034,0.0995564073811183,0.514906467170855,0.000476574404911319,0.0100111003006599,0.0231319144079736,82.8288555341955,0.24609582140004,0.0776815380547716,0.00331109576042988,0.022762213882518,0.714800698580323,-0.0197569137518713,-10.4057048002533,-2.05850974727246e-14,-0.0429869122185295,1.24938539551573e-13,0,0,0,0,1,0.673086199299627,0.673086199299627,72.5622949761234,39.897100869559,-1.88520532221777
38.93,0.200240974052418,0.0996084677916696,0.5151543160885,0.000475242796017323,0.0100031076368756,0.0231359999974322,82.8256728388538,0.246086418709948,0.0776822443160422,0.00331281281405871,0.0228135947845983,0.71485788148611,-0.0197686574391791,-10.4049302867705,-2.05850974727246e-14,-0.0429869122185295,1.24938539551573e-13,0,0,0,0,1,0.673086199299627,0.673086199299627,72.5495605292708,39.9134509073646,-1.88938743615735
38.94,0.200270375984792,0.0996604344364136,0.515402192090308,0.00047391407163887,0.00999510338727105,0.0231400873128425,82.8224862096741,0.246077004446303,0.0776829514471389,0.00331452855575302,0.0228648813367831,0.714915131836333,-0.0197803843397258,-10.4041548192783,-2.05850974727246e-14,-0.0429869122185295,1.24938539551573e-13,0,0,0,0,1,0.673086199299627,0.673086199299627,72.536817945146,39.9297970178557,-1.89356131594493
38.95,0.200299780144293,0.0997123071964912,0.51565009516356,0.000472588224679669,0.00998708757850347,0.0231441763551484,82.8192956572468,0.246067578640317,0.0776836594455968,0.00331624298994649,0.0229160734219809,0.714972449421494,-0.0197920944948506,-10.4033784004621,-2.05850974727246e-14,-0.0429869122185295,1.24938539551573e-13,0,0,0,0,1,0.673086199299627,0.673086199299627,72.5240672359195,39.9461392018836,-1.8977269524418
38.96,0.200329186537953,0.099764085953302,0.515898025295581,0.000471265248078045,0.00997906023725546,0.0231482671252726,82.81610119217,0.246058141323222,0.0776843683089508,0.0033179561210453,0.0229671709233624,0.715029834032017,-0.0198037879456817,-10.4026010330094,-2.05850974727246e-14,-0.0429869122185295,1.24938539551573e-13,0,0,0,0,1,0.673086199299627,0.673086199299627,72.5113084137636,39.9624774603156,-1.90188433653713
38.97,0.2003585951727,0.0998157705885038,0.516145982473738,0.000469945134806794,0.00997102139023509,0.0231523596241164,82.812902825049,0.246048692526274,0.0776850780347362,0.0033196679534282,0.0230181737243605,0.715087285458258,-0.0198154647331376,-10.4018227196093,-2.05850974727246e-14,-0.0429869122185295,1.24938539551573e-13,0,0,0,0,1,0.673086199299627,0.673086199299627,72.498541490852,39.9788117940344,-1.90603345914796
38.98,0.200388006055355,0.0998673609840137,0.516393966685447,0.000468627877873045,0.00996297106417562,0.0231564538525599,82.8097005664971,0.246039232280751,0.0776857886204881,0.00332137849144668,0.0230690817086706,0.715144803490501,-0.0198271248979265,-10.4010434629532,-2.05850974727246e-14,-0.0429869122185295,1.24938539551573e-13,0,0,0,0,1,0.673086199299627,0.673086199299627,72.4857664793606,39.9951422039387,-1.91017431121921
38.99,0.200417419192639,0.0999188570220079,0.516641977918164,0.000467313470318121,0.00995490928583533,0.0231605498114622,82.8064944271347,0.24602976061795,0.0776865000637419,0.00332308773942502,0.0231198947602509,0.715202387918958,-0.0198387684805475,-10.4002632657338,-2.05850974727246e-14,-0.0429869122185295,1.24938539551573e-13,0,0,0,0,1,0.673086199299627,0.673086199299627,72.4729833914662,40.0114686909427,-1.91430688372375
39,0.200446834591167,0.0999702585849223,0.516890016159392,0.000466001905217395,0.00994683608199735,0.0231646475016609,82.8032844175898,0.246020277569195,0.0776872123620327,0.00332479570166044,0.023170612763323,0.71526003853377,-0.0198503955212935,-10.3994821306461,-2.05850974727246e-14,-0.0429869122185295,1.24938539551573e-13,0,0,0,0,1,0.673086199299627,0.673086199299627,72.4601922393475,40.0277912559763,-1.91843116766235
39.01,0.200476252257452,0.100021565555453,0.517138081396675,0.000464693175680153,0.00993875147946945,0.023168746923973,82.8000705484978,0.246010783165828,0.0776879255128959,0.00332650238242314,0.0232212356023719,0.715317755125009,-0.019862006060249,-10.3987000603866,-2.05850974727246e-14,-0.0429869122185295,1.24938539551573e-13,0,0,0,0,1,0.673086199299627,0.673086199299627,72.4473930351847,40.0441098999851,-1.92254715406373
39.02,0.200505672197905,0.100072777816555,0.517386173617603,0.000463387274849455,0.0099306555050839,0.0231728480791942,82.7968528305015,0.246001277439213,0.077688639513867,0.00332820778595647,0.023271763162146,0.715375537482678,-0.0198736001372927,-10.3979170576538,-2.05850974727246e-14,-0.0429869122185295,1.24938539551573e-13,0,0,0,0,1,0.673086199299627,0.673086199299627,72.4345857911592,40.0604246239303,-1.92665483398458
39.03,0.200535094418835,0.100123895251446,0.517634292809809,0.000462084195901997,0.00992254818569725,0.0231769509680994,82.793631274251,0.245991760420738,0.0776893543624812,0.00332991191647698,0.0233221953276581,0.71543338539671,-0.0198851777920987,-10.3971331251479,-2.05850974727246e-14,-0.0429869122185295,1.24938539551573e-13,0,0,0,0,1,0.673086199299627,0.673086199299627,72.421770519454,40.0767354287887,-1.93075419850955
39.04,0.200564518926447,0.100174917743602,0.517882438960969,0.000460783932047972,0.00991442954819019,0.0231810555914426,82.790405890404,0.245982232141811,0.0776900700562742,0.00333161477817453,0.0233725319841852,0.715491298656972,-0.0198967390641363,-10.396348265571,-2.05850974727246e-14,-0.0429869122185295,1.24938539551573e-13,0,0,0,0,1,0.673086199299627,0.673086199299627,72.4089472322532,40.0930423155526,-1.93484523875128
39.05,0.200593945726848,0.100225845176763,0.518130612058802,0.000459486476530936,0.00990629961946736,0.023185161949957,82.7871766896251,0.24597269263386,0.0776907865927813,0.00333331637521243,0.023422773017269,0.715549277053263,-0.0199082839926705,-10.3955624816269,-2.05850974727246e-14,-0.0429869122185295,1.24938539551573e-13,0,0,0,0,1,0.673086199299627,0.673086199299627,72.3961159417424,40.10934528523,-1.93892794585041
39.06,0.200623374826042,0.100276677434927,0.518378812091073,0.000458191822627665,0.00989815842645719,0.0231892700443551,82.7839436825866,0.245963141928338,0.077691503969538,0.00333501671172749,0.0234729183127159,0.715607320375313,-0.0199198126167648,-10.3947757760212,-2.05850974727246e-14,-0.0429869122185295,1.24938539551573e-13,0,0,0,0,1,0.673086199299627,0.673086199299627,72.3832766601083,40.1256443388444,-1.94300231097559
39.07,0.200652806229933,0.100327414402355,0.518627039045585,0.000456899963648027,0.00989000599611174,0.0231933798753285,82.7807068799678,0.245953580056717,0.0776922221840798,0.00333671579183013,0.0235229677565976,0.715665428412789,-0.0199313249752806,-10.3939881514613,-2.05850974727246e-14,-0.0429869122185295,1.24938539551573e-13,0,0,0,0,1,0.673086199299627,0.673086199299627,72.3704293995388,40.1419394774348,-1.94706832532352
39.08,0.200682239944323,0.100378055963573,0.518875292910189,0.000455610892934837,0.00988184235540651,0.0231974914435485,82.7774662924552,0.245944007050491,0.0776929412339422,0.00333841361960451,0.0235729212352515,0.715723600955288,-0.0199428211068778,-10.3931996106563,-2.05850974727246e-14,-0.0429869122185295,1.24938539551573e-13,0,0,0,0,1,0.673086199299627,0.673086199299627,72.3575741722229,40.1582307020558,-1.95112598011893
39.09,0.200711675974918,0.100428602003364,0.519123573672777,0.000454324603863732,0.00987366753134032,0.0232016047496654,82.7742219307428,0.245934422941174,0.0776936611166607,0.00334011019910861,0.0236227786352803,0.715781837792346,-0.0199543010500161,-10.392410156317,-2.05850974727246e-14,-0.0429869122185295,1.24938539551573e-13,0,0,0,0,1,0.673086199299627,0.673086199299627,72.3447109903506,40.1745180137773,-1.95517526661461
39.1,0.200741114327322,0.100479052406777,0.519371881321282,0.000453041089843027,0.00986548155093511,0.0232057197943095,82.7709738055313,0.245924827760302,0.0776943818297707,0.00334180553437431,0.0236725398435532,0.715840138713428,-0.0199657648429562,-10.391619791156,-2.05850974727246e-14,-0.0429869122185295,1.24938539551573e-13,0,0,0,0,1,0.673086199299627,0.673086199299627,72.3318398661131,40.1908014136849,-1.95921617609143
39.11,0.200770555007039,0.100529407059124,0.519620215843682,0.000451760344313587,0.00985728444123584,0.02320983657809,82.767721927529,0.245915221539432,0.0776951033708076,0.0033434996294075,0.0237222047472055,0.715898503507942,-0.01997721252376,-10.3908285178877,-2.05850974727246e-14,-0.0429869122185295,1.24938539551573e-13,0,0,0,0,1,0.673086199299627,0.673086199299627,72.3189608117027,40.2070809028795,-1.96324869985832
39.12,0.200799998019477,0.100579665845977,0.519868577227996,0.000450482360748692,0.00984907622931026,0.0232139551015964,82.7644663074511,0.245905604310143,0.0776958257373067,0.00334519248818821,0.0237717732336393,0.715956931965226,-0.0199886441302919,-10.390036339228,-2.05850974727246e-14,-0.0429869122185295,1.24938539551573e-13,0,0,0,0,1,0.673086199299627,0.673086199299627,72.306073839312,40.2233564824773,-1.96727282925236
39.13,0.200829443369945,0.100629828653175,0.520116965462286,0.0004492071326539,0.00984085694224883,0.0232180753653972,82.7612069560199,0.245895976104032,0.0776965489268032,0.00334688411467067,0.0238212451905233,0.716015423874558,-0.0200000597002192,-10.3892432578947,-2.05850974727246e-14,-0.0429869122185295,1.24938539551573e-13,0,0,0,0,1,0.673086199299627,0.673086199299627,72.2931789611353,40.2396281536103,-1.97128855563869
39.14,0.200858891063652,0.100679895366818,0.520365380534656,0.000447934653566921,0.00983262660716457,0.0232221973700411,82.7579438839647,0.24588633695272,0.0776972729368324,0.00334857451278339,0.0238706205057938,0.716073979025149,-0.0200114592710135,-10.3884492766073,-2.05850974727246e-14,-0.0429869122185295,1.24938539551573e-13,0,0,0,0,1,0.673086199299627,0.673086199299627,72.2802761893672,40.2558959174255,-1.97529587041061
39.15,0.200888341105713,0.100729865873271,0.520613822433253,0.000446664917057479,0.00982438525119285,0.0232263211160563,82.7546771020219,0.245876686887847,0.0776979977649292,0.00335026368642934,0.0239198990676544,0.71613259720615,-0.0200228428799503,-10.3876543980867,-2.05850974727246e-14,-0.0429869122185295,1.24938539551573e-13,0,0,0,0,1,0.673086199299627,0.673086199299627,72.2673655362031,40.2721597750854,-1.97929476498956
39.16,0.200917793501142,0.100779740059165,0.520862291146264,0.000445397916727185,0.00981613290149133,0.0232304466039508,82.7514066209351,0.245867025941073,0.0776987234086286,0.00335195163948593,0.0239690807645765,0.716191278206649,-0.0200342105641117,-10.3868586250558,-2.05850974727246e-14,-0.0429869122185295,1.24938539551573e-13,0,0,0,0,1,0.673086199299627,0.673086199299627,72.2544470138394,40.288419727768,-1.98328523082511
39.17,0.200947248254859,0.100829517811392,0.521110786661919,0.0004441336462094,0.00980786958523976,0.0232345738342127,82.7481324514544,0.24585735414408,0.0776994498654654,0.00335363837580521,0.0240181654852993,0.71625002181567,-0.0200455623603852,-10.3860619602389,-2.05850974727246e-14,-0.0429869122185295,1.24938539551573e-13,0,0,0,0,1,0.673086199299627,0.673086199299627,72.241520634473,40.3046757766663,-1.98726725939501
39.18,0.200976705371687,0.10087919901711,0.52135930896849,0.00044287209916911,0.00979959532963991,0.0232387028073099,82.7448546043373,0.245847671528569,0.0777001771329741,0.0033553238992139,0.0240671531188308,0.71630882782218,-0.0200568983054662,-10.3852644063621,-2.05850974727246e-14,-0.0429869122185295,1.24938539551573e-13,0,0,0,0,1,0.673086199299627,0.673086199299627,72.2285864103014,40.320927922989,-1.9912408422052
39.19,0.201006164856352,0.100928783563745,0.52160785805429,0.000441613269302794,0.00979131016191534,0.0232428335236901,82.7415730903479,0.245837978126263,0.0777009052086892,0.00335700821351351,0.0241160435544472,0.716367696015078,-0.0200682184358575,-10.3844659661531,-2.05850974727246e-14,-0.0429869122185295,1.24938539551573e-13,0,0,0,0,1,0.673086199299627,0.673086199299627,72.2156443535228,40.3371761679597,-1.99520597078979
39.2,0.201035626713486,0.100978271338983,0.521856433907674,0.000440357150338291,0.00978301410931139,0.0232469659837814,82.7382879202574,0.245828273968904,0.0777016340901448,0.00335869132248046,0.0241648366816937,0.716426626183207,-0.0200795227878712,-10.3836666423412,-2.05850974727246e-14,-0.0429869122185295,1.24938539551573e-13,0,0,0,0,1,0.673086199299627,0.673086199299627,72.2026944763359,40.3534205128176,-1.99916263671112
39.21,0.201065090947625,0.10102766223078,0.522105036517038,0.000439103736034677,0.00977470719909494,0.0232511001879918,82.7349991048439,0.245818559088254,0.077702363774875,0.0033603732298661,0.0242135323903848,0.716485618115348,-0.0200908113976286,-10.3828664376572,-2.05850974727246e-14,-0.0429869122185295,1.24938539551573e-13,0,0,0,0,1,0.673086199299627,0.673086199299627,72.1897367909399,40.3696609588169,-2.00311083155971
39.22,0.201094557563209,0.101076956127356,0.522353665870818,0.00043785302018213,0.00976638945855438,0.0232552361367094,82.731706654892,0.245808833516097,0.0777030942604135,0.00336205393939689,0.0242621305706043,0.71654467160022,-0.020102084301061,-10.3820653548338,-2.05850974727246e-14,-0.0429869122185295,1.24938539551573e-13,0,0,0,0,1,0.673086199299627,0.673086199299627,72.1767713095343,40.385897507227,-2.00705054695435
39.23,0.201124026564584,0.101126152917198,0.522602321957493,0.000436604996601806,0.0097580609149994,0.0232593738303027,82.7284105811934,0.245799097284234,0.0777038255442938,0.00336373345477444,0.0243106311127058,0.716603786426485,-0.0201133415339118,-10.381263396605,-2.05850974727246e-14,-0.0429869122185295,1.24938539551573e-13,0,0,0,0,1,0.673086199299627,0.673086199299627,72.1637980443192,40.4021301593329,-2.01098177454205
39.24,0.201153497956004,0.101175252489057,0.522851004765583,0.000435359659145709,0.00974972159576096,0.0232635132691203,82.7251108945465,0.245789350424488,0.0777045576240489,0.0033654117796756,0.0243590339073129,0.716662962382743,-0.0201245831317356,-10.3804605657064,-2.05850974727246e-14,-0.0429869122185295,1.24938539551573e-13,0,0,0,0,1,0.673086199299627,0.673086199299627,72.1508170074949,40.4183589164343,-2.01490450599808
39.25,0.201182971741625,0.101224254731953,0.523099714283647,0.000434117001696563,0.0097413715281911,0.0232676544534912,82.7218076057564,0.245779592968702,0.0777052904972118,0.00336708891775262,0.0244073388453194,0.716722199257534,-0.0201358091298996,-10.3796568648754,-2.05850974727246e-14,-0.0429869122185295,1.24938539551573e-13,0,0,0,0,1,0.673086199299627,0.673086199299627,72.137828211262,40.4345837798464,-2.01881873302595
39.26,0.201212447925514,0.101273159535174,0.523348450500287,0.000432877018167688,0.00973301073966286,0.0232717973837247,82.718500725635,0.245769824948737,0.077706024161315,0.00336876487263314,0.0244555458178896,0.71678149683934,-0.0201470195635851,-10.3788522968506,-2.05850974727246e-14,-0.0429869122185295,1.24938539551573e-13,0,0,0,0,1,0.673086199299627,0.673086199299627,72.1248316678214,40.4508047508993,-2.0227244473575
39.27,0.201241926511642,0.101321966788271,0.523597213404143,0.000431639702502871,0.00972463925757018,0.0232759420601105,82.7151902650009,0.245760046396476,0.0777067586138905,0.00337043964792037,0.0245036547164589,0.716840854916587,-0.0201582144677875,-10.3780468643724,-2.05850974727246e-14,-0.0429869122185295,1.24938539551573e-13,0,0,0,0,1,0.673086199299627,0.673086199299627,72.1118273893741,40.4670218309383,-2.02662164075281
39.28,0.201271407503888,0.101370676381066,0.523846002983898,0.000430405048676241,0.00971625710932775,0.023280088482919,82.7118762346791,0.24575025734382,0.0777074938524701,0.00337211324719314,0.0245516654327335,0.716900273277637,-0.0201693938773169,-10.3772405701827,-2.05850974727246e-14,-0.0429869122185295,1.24938539551573e-13,0,0,0,0,1,0.673086199299627,0.673086199299627,72.0988153881214,40.483235021324,-2.03051030500027
39.29,0.201300890906038,0.101419288203647,0.524094819228274,0.000429173050692143,0.00970786432237096,0.023284236652401,82.7085586455016,0.245740457822691,0.0777082298745852,0.003373785674006,0.024599577858691,0.716959751710795,-0.0201805578267998,-10.3764334170248,-2.05850974727246e-14,-0.0429869122185295,1.24938539551573e-13,0,0,0,0,1,0.673086199299627,0.673086199299627,72.0857956762645,40.4994443234318,-2.03439043191661
39.3,0.201330376721788,0.101467802146372,0.524343662126033,0.000427943702585013,0.00969946092415574,0.0232883865687877,82.7052375083068,0.245730647865027,0.0777089666777666,0.00337545693188931,0.0246473918865808,0.717019290004315,-0.0201917063506782,-10.3756254076435,-2.05850974727246e-14,-0.0429869122185295,1.24938539551573e-13,0,0,0,0,1,0.673086199299627,0.673086199299627,72.0727682660048,40.5156497386524,-2.03826201334685
39.31,0.201359864954741,0.101516218099863,0.524592531665978,0.000426716998419255,0.00969104694215849,0.0232925382322912,82.7019128339397,0.24572082750279,0.0777097042595448,0.00337712702434933,0.024695107408924,0.717078887946381,-0.020202839483213,-10.3748165447853,-2.05850974727246e-14,-0.0429869122185295,1.24938539551573e-13,0,0,0,0,1,0.673086199299627,0.673086199299627,72.0597331695436,40.5318512683912,-2.04212504116435
39.32,0.201389355608407,0.101564535955015,0.524841427836952,0.000425492932289113,0.00968262240387598,0.0232966916431042,82.6985846332518,0.245710996767957,0.0777104426174497,0.00337879595486833,0.0247427243185141,0.717138545325132,-0.0202139572584816,-10.3740068311979,-2.05850974727246e-14,-0.0429869122185295,1.24938539551573e-13,0,0,0,0,1,0.673086199299627,0.673086199299627,72.0466903990822,40.5480489140691,-2.04597950727084
39.33,0.201418848686209,0.10161275560299,0.525090350627838,0.000424271498318552,0.00967418733682526,0.0233008468014001,82.6952529171012,0.245701155692528,0.0777111817490107,0.00338046372690463,0.0247902425084168,0.71719826192864,-0.0202250597103819,-10.3731962696308,-2.05850974727246e-14,-0.0429869122185295,1.24938539551573e-13,0,0,0,0,1,0.673086199299627,0.673086199299627,72.0336399668218,40.5642426771215,-2.04982540359637
39.34,0.201448344191477,0.101660876935218,0.525339300027557,0.000423052690661132,0.00966574176854354,0.0233050037073333,82.6919176963526,0.24569130430852,0.0777119216517567,0.00338213034389277,0.0248376618719707,0.717258037544927,-0.0202361468726303,-10.3723848628345,-2.05850974727246e-14,-0.0429869122185295,1.24938539551573e-13,0,0,0,0,1,0.673086199299627,0.673086199299627,72.0205818849634,40.5804325589992,-2.05366272209938
39.35,0.201477842127449,0.101708899843398,0.525588276025073,0.000421836503499884,0.00965728572658811,0.0233091623610387,82.6885789818768,0.245681442647968,0.0777126623232161,0.00338379580924351,0.0248849823027873,0.717317871961955,-0.0202472187787644,-10.3715726135614,-2.05850974727246e-14,-0.0429869122185295,1.24938539551573e-13,0,0,0,0,1,0.673086199299627,0.673086199299627,72.007516165708,40.5966185611677,-2.05749145476668
39.36,0.201507342497277,0.101756824219501,0.525837278609385,0.000420622931047191,0.00964881923853627,0.0233133227626324,82.6852367845514,0.245671570742928,0.0777134037609165,0.00338546012634398,0.0249322036947512,0.717377764967631,-0.0202582754621417,-10.370759524565,-2.05850974727246e-14,-0.0429869122185295,1.24938539551573e-13,0,0,0,0,1,0.673086199299627,0.673086199299627,71.994442821256,40.6128006851075,-2.06131159361347
39.37,0.201536845304021,0.101804649955766,0.526086307769536,0.000419411967544665,0.00964034233198522,0.0233174849122113,82.6818911152602,0.245661688625473,0.077714145962385,0.00338712329855775,0.0249793259420208,0.717437716349804,-0.0202693169559432,-10.3699455986005,-2.05850974727246e-14,-0.0429869122185295,1.24938539551573e-13,0,0,0,0,1,0.673086199299627,0.673086199299627,71.9813618638078,40.6289789323141,-2.06512313068334
39.38,0.201566350550653,0.101852376944701,0.526335363494606,0.000418203607263022,0.00963185503455198,0.0233216488098535,82.6785419848934,0.245651796327698,0.0777148889251481,0.00338878532922493,0.0250263489390282,0.717497725896269,-0.0202803432931716,-10.3691308384243,-2.05850974727246e-14,-0.0429869122185295,1.24938539551573e-13,0,0,0,0,1,0.673086199299627,0.673086199299627,71.9682733055633,40.6451533042977,-2.06892605804831
39.39,0.201595858240055,0.101900005079086,0.526584445773714,0.000416997844501968,0.00962335737387332,0.0233258144556178,82.6751894043477,0.245641893881713,0.0777156326467316,0.00339044622166222,0.0250732725804792,0.717557793394767,-0.0202913545066531,-10.3683152467942,-2.05850974727246e-14,-0.0429869122185295,1.24938539551573e-13,0,0,0,0,1,0.673086199299627,0.673086199299627,71.9551771587221,40.6613238025835,-2.07272036780877
39.4,0.201625368375021,0.10194753425197,0.526833554596019,0.000415794673590069,0.00961484937760566,0.0233299818495445,82.6718333845258,0.245631981319647,0.0777163771246605,0.00339210597916307,0.0251200967613543,0.717617918632978,-0.0203023506290378,-10.3674988264695,-2.05850974727246e-14,-0.0429869122185295,1.24938539551573e-13,0,0,0,0,1,0.673086199299627,0.673086199299627,71.9420734354834,40.6774904287117,-2.0765060520936
39.41,0.201654880958257,0.101994964356674,0.527082689950719,0.000414594088884641,0.009606331073425,0.0233341509916547,82.6684739363371,0.245622058673651,0.0777171223564593,0.00339376460499767,0.0251668213769083,0.717678101398533,-0.0203133316928019,-10.3666815802109,-2.05850974727246e-14,-0.0429869122185295,1.24938539551573e-13,0,0,0,0,1,0.673086199299627,0.673086199299627,71.9289621480457,40.6936531842371,-2.08028310306007
39.42,0.201684395992381,0.10204229528679,0.52733185182705,0.000413396084771622,0.00959780248902686,0.0233383218819511,82.6651110706969,0.24561212597589,0.0777178683396515,0.00339542210241314,0.025213446322671,0.717738341479006,-0.0203242977302456,-10.3658635107802,-2.05850974727246e-14,-0.0429869122185295,1.24938539551573e-13,0,0,0,0,1,0.673086199299627,0.673086199299627,71.9158433086073,40.7098120707294,-2.08405151289392
39.43,0.201713913479924,0.102089526936179,0.527581040214286,0.000412200655665459,0.00958926365212617,0.0233424945204174,82.6617447985268,0.24560218325855,0.0777186150717601,0.00339707847463354,0.0252599714944471,0.717798638661914,-0.0203352487734966,-10.3650446209408,-2.05850974727246e-14,-0.0429869122185295,1.24938539551573e-13,0,0,0,0,1,0.673086199299627,0.673086199299627,71.9027169293655,40.725967089773,-2.08781127380934
39.44,0.20174343342333,0.102136659198977,0.527830255101743,0.000411007796008982,0.00958071459045722,0.0233466689070186,82.6583751307549,0.245592230553835,0.077719362550307,0.00339873372485998,0.0253063967883168,0.717858992734724,-0.0203461848545092,-10.3642249134575,-2.05850974727246e-14,-0.0429869122185295,1.24938539551573e-13,0,0,0,0,1,0.673086199299627,0.673086199299627,71.8895830225173,40.7421182429672,-2.09156237804898
39.45,0.201772955824956,0.102183691969587,0.528079496478773,0.000409817500273294,0.00957215533177362,0.0233508450417011,82.6550020783151,0.245582267893966,0.0777201107728135,0.00340038785627073,0.0253527221006356,0.717919403484847,-0.0203571060050657,-10.3634043910961,-2.05850974727246e-14,-0.0429869122185295,1.24938539551573e-13,0,0,0,0,1,0.673086199299627,0.673086199299627,71.8764416002589,40.758265531926,-2.09530481788398
39.46,0.201802480687071,0.102230625142688,0.528328764334766,0.000408629762957646,0.00956358590384816,0.0233550229243929,82.6516256521475,0.245572295311183,0.0777208597367999,0.00340204087202127,0.0253989473280352,0.71797987069964,-0.020368012256777,-10.3625830566239,-2.05850974727246e-14,-0.0429869122185295,1.24938539551573e-13,0,0,0,0,1,0.673086199299627,0.673086199299627,71.8632926747859,40.7744089582781,-2.09903858561394
39.47,0.20183200801186,0.10227745861323,0.528578058659151,0.000407444578589323,0.00955500633447279,0.0233592025550032,82.6482458631986,0.245562312837744,0.0777216094397857,0.00340369277524441,0.0254450723674232,0.718040394166406,-0.0203789036410828,-10.3617609128097,-2.05850974727246e-14,-0.0429869122185295,1.24938539551573e-13,0,0,0,0,1,0.673086199299627,0.673086199299627,71.8501362582927,40.7905485236669,-2.10276367356698
39.48,0.201861537801423,0.102324192276435,0.528827379441396,0.000406261941723526,0.00954641665145857,0.0233633839334229,82.6448627224208,0.245552320505924,0.0777223598792896,0.00340534356905034,0.0254910971159836,0.718100973672395,-0.020389780189253,-10.3609379624232,-2.05850974727246e-14,-0.0429869122185295,1.24938539551573e-13,0,0,0,0,1,0.673086199299627,0.673086199299627,71.8369723629735,40.8066842297507,-2.10648007409971
39.49,0.201891070057771,0.102370826027796,0.529076726671007,0.000405081846943256,0.00953781688263556,0.0233675670595243,82.6414762407723,0.245542318348018,0.0777231110528291,0.00340699325652673,0.0255370214711769,0.718161609004808,-0.0204006419323887,-10.3601142082356,-2.05850974727246e-14,-0.0429869122185295,1.24938539551573e-13,0,0,0,0,1,0.673086199299627,0.673086199299627,71.823801001021,40.822816078202,-2.11018777959725
39.5,0.201920604782834,0.102417359763083,0.529326100337526,0.000403904288859194,0.0095292070558528,0.0233717519331614,82.6380864292179,0.245532306396336,0.077723862957921,0.00340864184073884,0.0255828453307407,0.718222299950786,-0.0204114889014221,-10.3592896530195,-2.05850974727246e-14,-0.0429869122185295,1.24938539551573e-13,0,0,0,0,1,0.673086199299627,0.673086199299627,71.8106221846275,40.8389440707084,-2.11388678247324
39.51,0.201950141978454,0.102463793378335,0.529575500430535,0.000402729262109591,0.00952058719897821,0.0233759385541699,82.6346932987278,0.245522284683207,0.077724615592081,0.00341028932472955,0.0256285685926895,0.718283046297422,-0.0204223211271172,-10.3584642995484,-2.05850974727246e-14,-0.0429869122185295,1.24938539551573e-13,0,0,0,0,1,0.673086199299627,0.673086199299627,71.797435925984,40.8550682089718,-2.11757707516983
39.52,0.20197968164639,0.102510126769866,0.529824926939652,0.000401556761360149,0.00951195733989859,0.0233801269223672,82.6312968602787,0.245512253240978,0.0777253689528239,0.00341193571151951,0.0256741911553152,0.718343847831758,-0.020433138640071,-10.3576381505973,-2.05850974727246e-14,-0.0429869122185295,1.24938539551573e-13,0,0,0,0,1,0.673086199299627,0.673086199299627,71.7842422372808,40.871188494709,-2.12125865015774
39.53,0.202009223788318,0.102556359834265,0.530074379854536,0.000400386781303905,0.0095033175065195,0.0233843170375524,82.6278971248528,0.245502212102013,0.0777261230376633,0.00341358100410716,0.0257197129171873,0.718404704340782,-0.0204439414707147,-10.3568112089423,-2.05850974727246e-14,-0.0429869122185295,1.24938539551573e-13,0,0,0,0,1,0.673086199299627,0.673086199299627,71.7710411307066,40.887304929651,-2.12493149993621
39.54,0.202038768405829,0.102602492468392,0.530323859164879,0.000399219316661119,0.00949466772676523,0.0233885088995065,82.6244941034386,0.245492161298694,0.0777268778441119,0.00341522520546885,0.0257651337771533,0.718465615611429,-0.0204547296493129,-10.355983477361,-2.05850974727246e-14,-0.0429869122185295,1.24938539551573e-13,0,0,0,0,1,0.673086199299627,0.673086199299627,71.7578326184495,40.9034175155438,-2.12859561703305
39.55,0.20206831550043,0.102648524569382,0.530573364860414,0.000398054362179158,0.00948600802857878,0.0233927025079921,82.6210878070301,0.245482100863418,0.0777276333696812,0.00341686831855892,0.0258104536343387,0.718526581430587,-0.0204655032059654,-10.3551549586317,-2.05850974727246e-14,-0.0429869122185295,1.24938539551573e-13,0,0,0,0,1,0.673086199299627,0.673086199299627,71.7446167126962,40.9195262541474,-2.13225099400459
39.56,0.202097865073547,0.102694456034647,0.530822896930909,0.000396891912632383,0.00947733843992176,0.0233968978627541,82.6176782466276,0.245472030828603,0.0777283896118818,0.00341851034630978,0.0258556723881473,0.71858760158509,-0.0204762621706082,-10.3543256555344,-2.05850974727246e-14,-0.0429869122185295,1.24938539551573e-13,0,0,0,0,1,0.673086199299627,0.673086199299627,71.7313934256323,40.9356311472369,-2.13589762343578
39.57,0.20212741712652,0.102740286761868,0.531072455366171,0.000395731962822035,0.00946865898877434,0.0234010949635191,82.6142654332367,0.245461951226681,0.077729146568223,0.00342015129163198,0.0259007899382616,0.718648675861719,-0.0204870065730127,-10.3534955708501,-2.05850974727246e-14,-0.0429869122185295,1.24938539551573e-13,0,0,0,0,1,0.673086199299627,0.673086199299627,71.7181627694421,40.9517321966014,-2.1395354979401
39.58,0.20215697166061,0.102786016649007,0.531322040156044,0.000394574507576123,0.00945996970313524,0.0234052938099958,82.6108493778693,0.245451862090103,0.0777299042362129,0.00342179115741431,0.025945806184643,0.71870980404721,-0.0204977364427879,-10.3526647073607,-2.05850974727246e-14,-0.0429869122185295,1.24938539551573e-13,0,0,0,0,1,0.673086199299627,0.673086199299627,71.7049247563085,40.9678294040447,-2.14316461015964
39.59,0.202186528676994,0.102831645594296,0.531571651290407,0.00039341954174931,0.00945127061102165,0.0234094944018748,82.6074300915428,0.245441763451335,0.0777306626133586,0.00342342994652387,0.0259907210275318,0.718770985928245,-0.0205084518093805,-10.3518330678498,-2.05850974727246e-14,-0.0429869122185295,1.24938539551573e-13,0,0,0,0,1,0.673086199299627,0.673086199299627,71.6916793984132,40.9839227713851,-2.14678495276507
39.6,0.202216088176768,0.102877173496245,0.531821288759178,0.000392267060222801,0.0094425617404692,0.0234136967388289,82.6040075852804,0.245431655342862,0.0777314216971661,0.00342506766180617,0.0260355343674478,0.718832221291456,-0.0205191527020761,-10.3510006551016,-2.05850974727246e-14,-0.0429869122185295,1.24938539551573e-13,0,0,0,0,1,0.673086199299627,0.673086199299627,71.6784267079364,41.0000123004552,-2.15039651845566
39.61,0.202245650160946,0.102922600253639,0.532070952552311,0.000391117057904234,0.00943384311953189,0.0234179008205132,82.600581870111,0.245421537797185,0.0777321814851398,0.00342670430608518,0.0260802461051903,0.718893509923429,-0.0205298391499986,-10.3501674719019,-2.05850974727246e-14,-0.0429869122185295,1.24938539551573e-13,0,0,0,0,1,0.673086199299627,0.673086199299627,71.6651666970568,41.0160979931019,-2.15399929995927
39.62,0.202275214630461,0.102967925765537,0.532320642659797,0.000389969529727563,0.00942511477628208,0.0234221066465647,82.5971529570692,0.245411410846821,0.0777329419747831,0.00342833988216344,0.0261248561418385,0.718954851610696,-0.0205405111821117,-10.3493335210373,-2.05850974727246e-14,-0.0429869122185295,1.24938539551573e-13,0,0,0,0,1,0.673086199299627,0.673086199299627,71.6518993779519,41.0321798511869,-2.1575932900324
39.63,0.202304781586166,0.103013149931276,0.532570359071664,0.000388824470652952,0.00941637673881041,0.0234263142166029,82.5937208571952,0.245401274524305,0.0777337031635983,0.00342997439282211,0.0261693643787515,0.719016246139745,-0.0205511688272207,-10.3484988052957,-2.05850974727246e-14,-0.0429869122185295,1.24938539551573e-13,0,0,0,0,1,0.673086199299627,0.673086199299627,71.6386247627972,41.0482578765858,-2.16117848146014
39.64,0.202334351028832,0.103058272650467,0.532820101777975,0.000387681875666665,0.0094076290352258,0.0234305235302294,82.5902855815349,0.245391128862188,0.0777344650490862,0.00343160784082109,0.0262137707175691,0.719077693297009,-0.0205618121139709,-10.3476633274661,-2.05850974727246e-14,-0.0429869122185295,1.24938539551573e-13,0,0,0,0,1,0.673086199299627,0.673086199299627,71.6253428637671,41.0643320711887,-2.16475486705621
39.65,0.202363922959151,0.103103293823001,0.533069870768831,0.000386541739780949,0.00939887169365535,0.0234347345870282,82.5868471411399,0.245380973893036,0.0777352276287463,0.00343324022889906,0.0262580750602111,0.719139192868879,-0.0205724410708495,-10.3468270903384,-2.05850974727246e-14,-0.0429869122185295,1.24938539551573e-13,0,0,0,0,1,0.673086199299627,0.673086199299627,71.612053693034,41.0804024369002,-2.16832243966297
39.66,0.202393497377735,0.103148213349042,0.533319666034368,0.000385404058033933,0.00939010474224438,0.0234389473865657,82.583405547067,0.245370809649435,0.0777359909000769,0.00343487155977361,0.0263022773088784,0.719200744641694,-0.020583055726187,-10.3459900967038,-2.05850974727246e-14,-0.0429869122185295,1.24938539551573e-13,0,0,0,0,1,0.673086199299627,0.673086199299627,71.5987572627687,41.0964689756388,-2.17188119215141
39.67,0.202423074285117,0.103193031129031,0.53356948756476,0.000384268825489512,0.0093813282091563,0.0234431619283908,82.579960810379,0.245360636163983,0.0777367548605749,0.00343650183614124,0.0263463773660529,0.719262348401749,-0.0205936561081562,-10.3451523493546,-2.05850974727246e-14,-0.0429869122185295,1.24938539551573e-13,0,0,0,0,1,0.673086199299627,0.673086199299627,71.5854535851403,41.1125316893378,-2.17543111742118
39.68,0.20245265368175,0.103237747063688,0.533819335350216,0.000383136037237242,0.00937254212257264,0.0234473782120346,82.5765129421439,0.245350453469297,0.0777375195077357,0.00343813106067754,0.0263903751344978,0.719324003935288,-0.0206042422447746,-10.3443138510839,-2.05850974727246e-14,-0.0429869122185295,1.24938539551573e-13,0,0,0,0,1,0.673086199299627,0.673086199299627,71.5721426723163,41.1285905799442,-2.17897220840054
39.69,0.202482235568007,0.10328236105401,0.53406920938098,0.000382005688392228,0.00936374651069298,0.023451596237011,82.5730619534352,0.24534026159801,0.0777382848390536,0.00343975923603717,0.0264342705172575,0.719385711028507,-0.0206148141639038,-10.343474604686,-2.05850974727246e-14,-0.0429869122185295,1.24938539551573e-13,0,0,0,0,1,0.673086199299627,0.673086199299627,71.558824536462,41.1446456494196,-2.18250445804644
39.7,0.202511819944185,0.10332687300127,0.534319109647334,0.000380877774095019,0.00935494140173493,0.0234558160028164,82.5696078553321,0.245330060582769,0.0777390508520213,0.00344138636485402,0.0264780634176585,0.71944746946756,-0.0206253718932505,-10.3426346129564,-2.05850974727246e-14,-0.0429869122185295,1.24938539551573e-13,0,0,0,0,1,0.673086199299627,0.673086199299627,71.545499189741,41.1606968997397,-2.18602785934449
39.71,0.202541406810501,0.10337128280702,0.534569036139594,0.000379752289511498,0.00934612682393408,0.0234600375089298,82.5661506589188,0.24531985045624,0.0777398175441302,0.00344301244974122,0.0265217537393092,0.719509279038553,-0.020635915460367,-10.3417938786913,-2.05850974727246e-14,-0.0429869122185295,1.24938539551573e-13,0,0,0,0,1,0.673086199299627,0.673086199299627,71.5321666443152,41.1767443328944,-2.18954240530896
39.72,0.202570996167096,0.103415590373089,0.534818988848113,0.000378629229832777,0.00933730280554398,0.0234642607548128,82.5626903752854,0.245309631251103,0.0777405849128701,0.00344463749329128,0.0265653413860999,0.719571139527544,-0.0206464448926526,-10.3409524046882,-2.05850974727246e-14,-0.0429869122185295,1.24938539551573e-13,0,0,0,0,1,0.673086199299627,0.673086199299627,71.5188269123442,41.1927879508877,-2.19304808898278
39.73,0.202600588014029,0.103459795601585,0.535068967763279,0.000377508590275087,0.00932846937483608,0.0234684857399097,82.559227015527,0.245299403000054,0.0777413529557295,0.00344626149807612,0.0266088262622037,0.719633050720548,-0.0206569602173542,-10.3401101937454,-2.05850974727246e-14,-0.0429869122185295,1.24938539551573e-13,0,0,0,0,1,0.673086199299627,0.673086199299627,71.5054800059858,41.2088277557378,-2.19654490343759
39.74,0.202630182351288,0.103503898394894,0.535318972875516,0.000376390366079674,0.00931962656009971,0.0234727124636477,82.5557605907442,0.245289165735804,0.0777421216701953,0.00344788446664718,0.026652208272076,0.719695012403531,-0.0206674614615647,-10.3392672486625,-2.05850974727246e-14,-0.0429869122185295,1.24938539551573e-13,0,0,0,0,1,0.673086199299627,0.673086199299627,71.4921259373957,41.224863749477,-2.20003284177368
39.75,0.202659779178778,0.10354789865568,0.535569004175283,0.000375274552512689,0.00931077438964208,0.0234769409254366,82.5522911120427,0.245278919491081,0.077742891053753,0.00344950640153546,0.0266954873204555,0.719757024362419,-0.0206779486522279,-10.3384235722396,-2.05850974727246e-14,-0.0429869122185295,1.24938539551573e-13,0,0,0,0,1,0.673086199299627,0.673086199299627,71.4787647187272,41.2408959341517,-2.20351189712006
39.76,0.202689378496332,0.103591796286888,0.535819061653073,0.000374161144865087,0.00930191289178817,0.0234811711246691,82.5488185905338,0.245268664298629,0.0777436611038867,0.00345112730525163,0.0267386633123637,0.719819086383091,-0.0206884218161347,-10.3375791672782,-2.05850974727246e-14,-0.0429869122185295,1.24938539551573e-13,0,0,0,0,1,0.673086199299627,0.673086199299627,71.465396362132,41.2569243118223,-2.20698206263441
39.77,0.202718980303703,0.103635591191739,0.536069145299418,0.000373050138452519,0.00929304209488079,0.023485403060721,82.5453430373338,0.245258400191205,0.0777444318180787,0.00345274718028611,0.0267817361531056,0.71988119825138,-0.0206988809799266,-10.3367340365806,-2.05850974727246e-14,-0.0429869122185295,1.24938539551573e-13,0,0,0,0,1,0.673086199299627,0.673086199299627,71.4520208797591,41.2729488845635,-2.21044333150312
39.78,0.202748584600571,0.103679283273736,0.536319255104881,0.000371941528615227,0.00928416202728046,0.0234896367329506,82.5418644635643,0.245248127201583,0.0777452031938099,0.00345436602910912,0.0268247057482697,0.71994335975308,-0.020709326170096,-10.33588818295,-2.05850974727246e-14,-0.0429869122185295,1.24938539551573e-13,0,0,0,0,1,0.673086199299627,0.673086199299627,71.4386382837556,41.2889696544637,-2.21389569694128
39.79,0.202778191386538,0.103722872436659,0.536569391060062,0.000370835310717938,0.00927527271736545,0.0234938721406995,82.5383828803522,0.245237845362553,0.0777459752285598,0.00345598385417077,0.0268675720037284,0.720005570673937,-0.0207197574129852,-10.3350416091907,-2.05850974727246e-14,-0.0429869122185295,1.24938539551573e-13,0,0,0,0,1,0.673086199299627,0.673086199299627,71.425248586266,41.3049866236255,-2.21733915219271
39.8,0.202807800661131,0.10376635858457,0.536819553155597,0.000369731480149762,0.00926637419353171,0.0234981092832924,82.5348982988293,0.245227554706919,0.077746747919806,0.00345760065790112,0.0269103348256381,0.720067830799657,-0.020730174734789,-10.3341943181077,-2.05850974727246e-14,-0.0429869122185295,1.24938539551573e-13,0,0,0,0,1,0.673086199299627,0.673086199299627,71.4118517994326,41.3209997941654,-2.22077369052991
39.81,0.202837412423802,0.10380974162181,0.537069741382154,0.000368630032324088,0.00925746648419284,0.0235023481600366,82.5314107301328,0.245217255267501,0.0777475212650248,0.00345921644271029,0.0269529941204394,0.720130139915902,-0.0207405781615544,-10.3333463125072,-2.05850974727246e-14,-0.0429869122185295,1.24938539551573e-13,0,0,0,0,1,0.673086199299627,0.673086199299627,71.3984479353954,41.3370091682141,-2.22419930525413
39.82,0.20286702667393,0.103853021453,0.537319955730439,0.000367530962678478,0.00924854961778009,0.023506588770223,82.5279201854048,0.245206947077132,0.0777482952616907,0.0034608312109885,0.0269955497948574,0.720192497808292,-0.0207509677191814,-10.332497595196,-2.05850974727246e-14,-0.0429869122185295,1.24938539551573e-13,0,0,0,0,1,0.673086199299627,0.673086199299627,71.3850370062919,41.3530147479158,-2.22761598969532
39.83,0.202896643410816,0.103896197983042,0.537570196191191,0.000366434266674566,0.00923962362274229,0.0235108311131254,82.5244266757927,0.245196630168662,0.0777490699072768,0.00346244496510617,0.0270380017559021,0.720254904262405,-0.0207613434334231,-10.3316481689821,-2.05850974727246e-14,-0.0429869122185295,1.24938539551573e-13,0,0,0,0,1,0.673086199299627,0.673086199299627,71.371619024257,41.369016535429,-2.23102373721216
39.84,0.202926262633689,0.103939271117117,0.537820462755183,0.000365339939797954,0.00923068852754585,0.0235150751880009,82.5209302124488,0.245186304574956,0.0777498451992543,0.00346405770741397,0.0270803499108682,0.720317359063779,-0.0207717053298871,-10.3307980366743,-2.05850974727246e-14,-0.0429869122185295,1.24938539551573e-13,0,0,0,0,1,0.673086199299627,0.673086199299627,71.3581940014233,41.385014532926,-2.23442254119208
39.85,0.202955884341704,0.103982240760689,0.538070755413223,0.000364247977558112,0.00922174436067472,0.0235193209940897,82.5174308065303,0.245175970328893,0.077750621135093,0.00346566944024292,0.0271225941673357,0.720379861997908,-0.0207820534340364,-10.329947201082,-2.05850974727246e-14,-0.0429869122185295,1.24938539551573e-13,0,0,0,0,1,0.673086199299627,0.673086199299627,71.3447619499205,41.4010087425928,-2.23781239505124
39.86,0.202985508533941,0.104025106819501,0.538321074156154,0.000363158375488271,0.00921279115063038,0.0235235685306154,82.5139284691996,0.245165627463366,0.0777513977122609,0.00346728016590444,0.0271647344331699,0.720442412850251,-0.0207923877711888,-10.3290956650159,-2.05850974727246e-14,-0.0429869122185295,1.24938539551573e-13,0,0,0,0,1,0.673086199299627,0.673086199299627,71.331322881876,41.4169991666295,-2.24119329223452
39.87,0.20301513520941,0.10406786919958,0.538571418974853,0.000362071129145326,0.00920382892593175,0.0235278177967849,82.5104232116241,0.245155276011284,0.0777521749282244,0.00346888988669045,0.0272067706165217,0.72050501140622,-0.0208027083665187,-10.3282434312873,-2.05850974727246e-14,-0.0429869122185295,1.24938539551573e-13,0,0,0,0,1,0.673086199299627,0.673086199299627,71.3178768094144,41.4329858072499,-2.24456522621556
39.88,0.203044764367043,0.104110527807231,0.538821789860231,0.000360986234109734,0.00919485771511525,0.0235320687917885,82.5069150449758,0.24514491600557,0.0777529527804482,0.00347049860487342,0.027248702625828,0.720567657451195,-0.0208130152450562,-10.3273905027084,-2.05850974727246e-14,-0.0429869122185295,1.24938539551573e-13,0,0,0,0,1,0.673086199299627,0.673086199299627,71.3044237446575,41.4489686666816,-2.24792819049675
39.89,0.203074396005702,0.104153082549043,0.539072186803234,0.000359903685985409,0.00918587754673471,0.0235363215147998,82.503403980432,0.24513454747916,0.0777537312663952,0.00347210632270644,0.0272905303698115,0.720630350770508,-0.02082330843169,-10.3265368820922,-2.05850974727246e-14,-0.0429869122185295,1.24938539551573e-13,0,0,0,0,1,0.673086199299627,0.673086199299627,71.2909636997245,41.464947747166,-2.25128217860922
39.9,0.203104030124178,0.104195533331887,0.539322609794841,0.000358823480399627,0.00917688844936135,0.023540575964976,82.4998900291746,0.245124170465008,0.0777545103835268,0.00347371304242333,0.0273322537574813,0.72069309114946,-0.0208335879511662,-10.3256825722527,-2.05850974727246e-14,-0.0429869122185295,1.24938539551573e-13,0,0,0,0,1,0.673086199299627,0.673086199299627,71.2774966867317,41.4809230509583,-2.25462718411287
39.91,0.203133666721188,0.104237880062914,0.539573058826065,0.000357745613002922,0.00916789045158377,0.0235448321414576,82.4963732023905,0.245113784996078,0.0777552901293026,0.00347531876623866,0.027373872698133,0.720755878373311,-0.0208438538280894,-10.3248275760045,-2.05850974727246e-14,-0.0429869122185295,1.24938539551573e-13,0,0,0,0,1,0.673086199299627,0.673086199299627,71.2640227177925,41.4968945803273,-2.25796320059633
39.92,0.203163305795376,0.104280122649561,0.539823533887953,0.000356670079468988,0.00915888358200793,0.023549090043369,82.4928535112712,0.24510339110535,0.0777560705011804,0.00347692349634787,0.0274153871013488,0.720818712227281,-0.0208541060869233,-10.323971896163,-2.05850974727246e-14,-0.0429869122185295,1.24938539551573e-13,0,0,0,0,1,0.673086199299627,0.673086199299627,71.2505418050175,41.5128623375557,-2.26129022167702
39.93,0.203192947345318,0.104322260999543,0.540074034971587,0.000355596875494579,0.00914986786925708,0.0235533496698177,82.4893309670133,0.24509298882582,0.0777568514966162,0.00347852723492733,0.027456796876998,0.720881592496554,-0.0208643447519917,-10.3231155355447,-2.05850974727246e-14,-0.0429869122185295,1.24938539551573e-13,0,0,0,0,1,0.673086199299627,0.673086199299627,71.2370539605143,41.5288263249398,-2.26460824100112
39.94,0.203222591369514,0.104364295020862,0.540324562068081,0.000354525996799409,0.00914084334197175,0.0235576110198953,82.4858055808178,0.245082578190495,0.0777576331130645,0.00348012998413436,0.0274981019352369,0.720944518966279,-0.0208745698474788,-10.3222584969665,-2.05850974727246e-14,-0.0429869122185295,1.24938539551573e-13,0,0,0,0,1,0.673086199299627,0.673086199299627,71.2235591963876,41.5447865447895,-2.26791725224355
39.95,0.203252237866397,0.1044062246218,0.540575115168584,0.000353457439126055,0.00913181002880977,0.0235618740926767,82.4822773638908,0.245072159232397,0.0777584153479779,0.0034817317461074,0.0275393021865091,0.721007491421566,-0.0208847813974291,-10.3214007832463,-2.05850974727246e-14,-0.0429869122185295,1.24938539551573e-13,0,0,0,0,1,0.673086199299627,0.673086199299627,71.2100575247388,41.5607429994286,-2.27121724910804
39.96,0.203281886834328,0.104448049710924,0.540825694264277,0.000352391198239855,0.00912276795844617,0.0235661388872207,82.4787463274427,0.245061731984563,0.0777591981988072,0.00348333252296599,0.0275803975415459,0.721070509647489,-0.02089497942575,-10.3205423972029,-2.05850974727246e-14,-0.0429869122185295,1.24938539551573e-13,0,0,0,0,1,0.673086199299627,0.673086199299627,71.1965489576666,41.5766956911941,-2.27450822532708
39.97,0.203311538271598,0.104489770197083,0.541076299346376,0.000351327269928817,0.00911371715957318,0.0235704054025698,82.475212482689,0.245051296480041,0.0777599816630015,0.00348493231681089,0.0276213879113663,0.721133573429091,-0.0209051639562098,-10.3196833416554,-2.05850974727246e-14,-0.0429869122185295,1.24938539551573e-13,0,0,0,0,1,0.673086199299627,0.673086199299627,71.1830335072661,41.592644622437,-2.2777901746619
39.98,0.203341192176426,0.104531385989412,0.541326930406129,0.000350265650003513,0.00910465766090023,0.0235746736377503,82.4716758408495,0.245040852751896,0.077760765738008,0.00348653112972413,0.0276622732072773,0.721196682551372,-0.0209153350124398,-10.3188236194242,-2.05850974727246e-14,-0.0429869122185295,1.24938539551573e-13,0,0,0,0,1,0.673086199299627,0.673086199299627,71.1695111856298,41.6085897955218,-2.28106309090257
39.99,0.203370848546964,0.104572896997326,0.541577587434819,0.000349206334296988,0.00909558949115388,0.0235789435917724,82.4681364131487,0.245030400833205,0.0777615504212723,0.00348812896376911,0.0277030533408743,0.721259836799304,-0.0209254926179357,-10.31796323333,-2.05850974727246e-14,-0.0429869122185295,1.24938539551573e-13,0,0,0,0,1,0.673086199299627,0.673086199299627,71.1559820048464,41.6245312128263,-2.2843269678679
40,0.203400507381292,0.104614303130528,0.54182827042376,0.000348149318664659,0.0090865126790778,0.0235832152636301,82.4645942108158,0.245019940757057,0.0777623357102379,0.00348972582099062,0.0277437282240407,0.721323035957823,-0.0209356367960565,-10.3171021861944,-2.05850974727246e-14,-0.0429869122185295,1.24938539551573e-13,0,0,0,0,1,0.673086199299627,0.673086199299627,71.1424459770017,41.6404688767421,-2.28758179940549
40.01,0.203430168677422,0.104655604299002,0.542078979364301,0.000347094598984221,0.00907742725343278,0.0235874886523013,82.4610492450843,0.245009472556557,0.0777631216023468,0.00349132170341496,0.0277842977689489,0.721386279811829,-0.0209457675700254,-10.3162404808399,-2.05850974727246e-14,-0.0429869122185295,1.24938539551573e-13,0,0,0,0,1,0.673086199299627,0.673086199299627,71.1289031141781,41.6564027896742,-2.29082757939173
40.02,0.203459832433297,0.10469680041302,0.542329714247823,0.00034604217115555,0.00906833324299665,0.0235917637567479,82.4575015271925,0.244998996264823,0.0777639080950391,0.00349291661304998,0.0278247618880601,0.721449568146194,-0.0209558849629309,-10.3153781200893,-2.05850974727246e-14,-0.0429869122185295,1.24938539551573e-13,0,0,0,0,1,0.673086199299627,0.673086199299627,71.1153534284546,41.6723329540411,-2.2940643017318
40.03,0.203489498646792,0.104737891383136,0.542580475065741,0.000344992031100606,0.00905923067656427,0.0235960405759158,82.4539510683831,0.244988511914983,0.0777646951857529,0.00349451055188516,0.0278651204941244,0.721512900745752,-0.0209659889977283,-10.3145151067665,-2.05850974727246e-14,-0.0429869122185295,1.24938539551573e-13,0,0,0,0,1,0.673086199299627,0.673086199299627,71.1017969319068,41.6882593722748,-2.29729196035966
40.04,0.203519167315712,0.104778877120189,0.542831261809502,0.000343944174763339,0.00905011958294752,0.023600319108735,82.4503978799031,0.244978019540183,0.0777654828719247,0.00349610352189168,0.0279053735001813,0.721576277395308,-0.0209760796972379,-10.3136514436958,-2.05850974727246e-14,-0.0429869122185295,1.24938539551573e-13,0,0,0,0,1,0.673086199299627,0.673086199299627,71.0882336366069,41.7041820468207,-2.30051054923808
40.05,0.203548838437795,0.104819757535303,0.543082074470585,0.000342898598109594,0.00904099999097526,0.0236045993541195,82.4468419730042,0.244967519173579,0.077766271150989,0.00349769552502248,0.0279455208195597,0.721639697879635,-0.0209861570841476,-10.3127871337023,-2.05850974727246e-14,-0.0429869122185295,1.24938539551573e-13,0,0,0,0,1,0.673086199299627,0.673086199299627,71.0746635546235,41.7201009801376,-2.30372006235861
40.06,0.203578512010711,0.104860532539891,0.543332913040503,0.000341855297127013,0.00903187192949326,0.0236088813109674,82.4432833589423,0.24495701084834,0.0777670600203786,0.00349928656321235,0.027985562365878,0.721703161983474,-0.0209962211810125,-10.3119221796119,-2.05850974727246e-14,-0.0429869122185295,1.24938539551573e-13,0,0,0,0,1,0.673086199299627,0.673086199299627,71.0610866980218,41.7360161746977,-2.30692049374159
40.07,0.203608188032062,0.104901202045646,0.543583777510803,0.000340814267824946,0.00902273542736426,0.0236131649781611,82.4397220489777,0.244946494597649,0.0777678494775243,0.00350087663837797,0.028025498053045,0.721766669491539,-0.021006272010256,-10.311056584251,-2.05850974727246e-14,-0.0429869122185295,1.24938539551573e-13,0,0,0,0,1,0.673086199299627,0.673086199299627,71.0475030788633,41.7519276329867,-2.31011183743617
40.08,0.203637866499383,0.10494176596455,0.54383466787306,0.000339775506234351,0.00901359051346783,0.023617450354567,82.4361580543753,0.244935970454701,0.0777686395198551,0.00350246575241799,0.0280653277952591,0.721830220188508,-0.0210163095941702,-10.3101903504466,-2.05850974727246e-14,-0.0429869122185295,1.24938539551573e-13,0,0,0,0,1,0.673086199299627,0.673086199299627,71.0339127092058,41.7678353575035,-2.31329408752031
40.09,0.203667547410143,0.10498222420887,0.544085584118886,0.000338739008407705,0.00900443721670045,0.023621737439036,82.4325913864039,0.244925438452705,0.0777694301447982,0.0035040539072131,0.0281050515070092,0.721893813859035,-0.0210263339549161,-10.3093234810265,-2.05850974727246e-14,-0.0429869122185295,1.24938539551573e-13,0,0,0,0,1,0.673086199299627,0.673086199299627,71.0203156011036,41.7837393507602,-2.31646723810073
40.1,0.203697230761743,0.105022576691161,0.544336526239924,0.000337704770418907,0.00899527556597539,0.0236260262304032,82.4290220563369,0.244914898624881,0.0777702213497789,0.00350564110462612,0.0281446691030746,0.721957450287742,-0.0210363451145247,-10.308455978819,-2.05850974727246e-14,-0.0429869122185295,1.24938539551573e-13,0,0,0,0,1,0.673086199299627,0.673086199299627,71.0067117666073,41.7996396152826,-2.31963128331299
40.11,0.203726916551518,0.105062823324261,0.544587494227848,0.000336672788363189,0.00898610559022272,0.0236303167274878,82.4254500754518,0.244904351004462,0.0777710131322206,0.00350722734650202,0.0281841804985255,0.722021129259223,-0.0210463430948974,-10.3075878466532,-2.05850974727246e-14,-0.0429869122185295,1.24938539551573e-13,0,0,0,0,1,0.673086199299627,0.673086199299627,70.9931012177635,41.8155361536094,-2.32278621732144
40.12,0.203756604776737,0.105102964021297,0.544838488074366,0.000335643058357017,0.00897692731838929,0.0236346089290937,82.4218754550305,0.244893795624695,0.0777718054895448,0.00350881263466801,0.0282235856087228,0.722084850558045,-0.0210563279178066,-10.3067190873586,-2.05850974727246e-14,-0.0429869122185295,1.24938539551573e-13,0,0,0,0,1,0.673086199299627,0.673086199299627,70.9794839666151,41.8314289682927,-2.32593203431923
40.13,0.203786295434603,0.105142998695683,0.545089507771217,0.000334615576538006,0.00896774077943867,0.0236389028340089,82.418298206359,0.244883232518836,0.0777725984191713,0.00351039697093364,0.0282628843493187,0.722148613968747,-0.0210662996048963,-10.3058497037655,-2.05850974727246e-14,-0.0429869122185295,1.24938539551573e-13,0,0,0,0,1,0.673086199299627,0.673086199299627,70.9658600252013,41.8473180618979,-2.32906872852831
40.14,0.203815988522254,0.105182927261118,0.545340553310173,0.000333590339064821,0.00895854600235113,0.0236431984410062,82.4147183407273,0.244872661720158,0.0777733919185178,0.00351198035709081,0.0283020766362567,0.72221241927584,-0.0210762581776817,-10.3049796987046,-2.05850974727246e-14,-0.0429869122185295,1.24938539551573e-13,0,0,0,0,1,0.673086199299627,0.673086199299627,70.9522294055571,41.8632034370035,-2.33219629419946
40.15,0.203845684036761,0.105222749631591,0.545591624683037,0.000332567342117091,0.00894934301612364,0.0236474957488426,82.4111358694298,0.244862083261941,0.0777741859850003,0.00351356279491386,0.0283411623857716,0.722276266263814,-0.021086203657552,-10.3041090750074,-2.05850974727246e-14,-0.0429869122185295,1.24938539551573e-13,0,0,0,0,1,0.673086199299627,0.673086199299627,70.9385921197137,41.8790850962012,-2.33531472561224
40.16,0.203875381975131,0.105262465721375,0.545842721881645,0.000331546581895314,0.00894013184976975,0.0236517947562597,82.407550803765,0.244851497177482,0.0777749806160326,0.00351514428615965,0.0283801415143901,0.722340154717126,-0.0210961360657682,-10.3032378355058,-2.05850974727246e-14,-0.0429869122185295,1.24938539551573e-13,0,0,0,0,1,0.673086199299627,0.673086199299627,70.9249481796984,41.8949630420958,-2.33842401707503
40.17,0.203905082334308,0.105302075445033,0.546093844897864,0.000330528054620767,0.00893091253231967,0.0236560954619837,82.4039631550353,0.244840903500086,0.0777757758090271,0.00351672483256762,0.0284190139389308,0.722404084420211,-0.021106055423466,-10.3023659830323,-2.05850974727246e-14,-0.0429869122185295,1.24938539551573e-13,0,0,0,0,1,0.673086199299627,0.673086199299627,70.9112975975343,41.9108372773055,-2.341524162925
40.18,0.203934785111168,0.105341578717415,0.546344993723593,0.000329511756535417,0.00892168509282015,0.0236603978647253,82.4003729345473,0.244830302263073,0.0777765715613939,0.00351830443585984,0.0284577795765046,0.722468055157483,-0.021115961751655,-10.3014935204201,-2.05850974727246e-14,-0.0429869122185295,1.24938539551573e-13,0,0,0,0,1,0.673086199299627,0.673086199299627,70.8976403852404,41.9267078044614,-2.34461515752817
40.19,0.203964490302526,0.105380975453661,0.546596168350763,0.000328497683901828,0.0089124495603345,0.0236647019631801,82.3967801536115,0.244819693499773,0.0777773678705413,0.0035198830977411,0.0284964383445143,0.722532066713326,-0.0211258550712198,-10.3006204505029,-2.05850974727246e-14,-0.0429869122185295,1.24938539551573e-13,0,0,0,0,1,0.673086199299627,0.673086199299627,70.8839765548319,41.9425746262076,-2.34769699527933
40.2,0.203994197905131,0.105420265569195,0.546847368771336,0.00032748583300307,0.0089032059639425,0.0236690077560281,82.3931848235426,0.244809077243529,0.0777781647338758,0.00352146081989893,0.0285349901606556,0.722596118872104,-0.0211357354029205,-10.2997467761148,-2.05850974727246e-14,-0.0429869122185295,1.24938539551573e-13,0,0,0,0,1,0.673086199299627,0.673086199299627,70.8703061183193,41.9584377452015,-2.35076967060209
40.21,0.204023907915669,0.105459448979733,0.547098594977307,0.000326476200142635,0.00889395433274043,0.0236733152419342,82.3895869556591,0.244798453527694,0.077778962148802,0.00352303760400374,0.0285734349429167,0.722660211418156,-0.0211456027673925,-10.2988725000905,-2.05850974727246e-14,-0.0429869122185295,1.24938539551573e-13,0,0,0,0,1,0.673086199299627,0.673086199299627,70.8566290877093,41.9742971641134,-2.35383317794887
40.22,0.204053620330763,0.105498525601279,0.547349846960701,0.000325468781644341,0.00888469469584099,0.0236776244195479,82.3859865612835,0.244787822385634,0.0777797601127223,0.00352461345170881,0.0286117726095789,0.722724344135803,-0.021155457185148,-10.2979976252653,-2.05850974727246e-14,-0.0429869122185295,1.24938539551573e-13,0,0,0,0,1,0.673086199299627,0.673086199299627,70.8429454750041,41.9901528856266,-2.3568875118009
40.23,0.204083335146973,0.105537495350124,0.547601124713574,0.000324463573852248,0.00887542708237331,0.0236819352875036,82.3823836517421,0.244777183850727,0.0777805586230377,0.00352618836465039,0.0286500030792164,0.722788516809339,-0.021165298676577,-10.297122154475,-2.05850974727246e-14,-0.0429869122185295,1.24938539551573e-13,0,0,0,0,1,0.673086199299627,0.673086199299627,70.8292552922017,42.0060049124376,-2.35993266666823
40.24,0.204113052360794,0.105576358142851,0.547852428228016,0.000323460573130566,0.00886615152148284,0.0236862478444206,82.3787782383652,0.244766537956361,0.0777813576771469,0.00352776234444778,0.0286881262706969,0.722852729223039,-0.0211751272619462,-10.2962460905559,-2.05850974727246e-14,-0.0429869122185295,1.24938539551573e-13,0,0,0,0,1,0.673086199299627,0.673086199299627,70.8155585512958,42.0218532472555,-2.36296863708969
40.25,0.20414277196866,0.105615113896329,0.548103757496145,0.000322459775863567,0.00885686804233138,0.023690562088903,82.3751703324869,0.244755884735936,0.0777821572724469,0.00352933539270336,0.0287261421031815,0.722916981161157,-0.0211849429614005,-10.2953694363447,-2.05850974727246e-14,-0.0429869122185295,1.24938539551573e-13,0,0,0,0,1,0.673086199299627,0.673086199299627,70.8018552642755,42.0376978928028,-2.36599541763295
40.26,0.204172493966945,0.10565376252772,0.548355112510113,0.000321461178455501,0.00884757667409703,0.0236948780195398,82.3715599454453,0.244745224222863,0.0777829574063325,0.00353090751100267,0.028764050496125,0.72298127240793,-0.0211947457949635,-10.2944921946787,-2.05850974727246e-14,-0.0429869122185295,1.24938539551573e-13,0,0,0,0,1,0.673086199299627,0.673086199299627,70.7881454431257,42.0535388518147,-2.36901300289447
40.27,0.204202218351956,0.105692303954472,0.548606493262101,0.000320464777330501,0.00883827744597413,0.023699195634905,82.3679470885819,0.244734556450565,0.0777837580761971,0.00353247870091448,0.0288018513692761,0.723045602747569,-0.0212045357825384,-10.2936143683956,-2.05850974727246e-14,-0.0429869122185295,1.24938539551573e-13,0,0,0,0,1,0.673086199299627,0.673086199299627,70.7744290998266,42.0693761270391,-2.37202138749953
40.28,0.204231945119941,0.105730738094325,0.548857899744322,0.000319470568932503,0.00882897038717326,0.0237035149335574,82.3643317732423,0.244723881452475,0.0777845592794316,0.00353404896399082,0.0288395446426777,0.723109971964274,-0.0212143129439071,-10.2927359603336,-2.05850974727246e-14,-0.0429869122185295,1.24938539551573e-13,0,0,0,0,1,0.673086199299627,0.673086199299627,70.7607062463541,42.0852097212371,-2.37502056610222
40.29,0.204261674267088,0.105769064865309,0.549109331949021,0.000318478549725154,0.00881965552692116,0.0237078359140412,82.3607140107757,0.244713199262037,0.0777853610134255,0.00353561830176711,0.0288771302366667,0.723174379842219,-0.0212240772987338,-10.2918569733315,-2.05850974727246e-14,-0.0429869122185295,1.24938539551573e-13,0,0,0,0,1,0.673086199299627,0.673086199299627,70.7469768946792,42.1010396371826,-2.37801053338541
40.3,0.204291405789521,0.105807284185744,0.549360789868471,0.000317488716191726,0.00881033289446072,0.0237121585748854,82.3570938125351,0.244702509912708,0.077786163275566,0.00353718671576214,0.0289146080718748,0.723238826165565,-0.0212338288665607,-10.2909774102283,-2.05850974727246e-14,-0.0429869122185295,1.24938539551573e-13,0,0,0,0,1,0.673086199299627,0.673086199299627,70.7332410567686,42.1168658776621,-2.3809912840608
40.31,0.204321139683303,0.105845395974239,0.549612273494979,0.000316501064835033,0.00880100251905094,0.0237164829146041,82.3534711898769,0.244691813437953,0.0777869660632388,0.00353875420747821,0.0289519780692281,0.723303310718458,-0.0212435676668134,-10.2900972738636,-2.05850974727246e-14,-0.0429869122185295,1.24938539551573e-13,0,0,0,0,1,0.673086199299627,0.673086199299627,70.7194987445842,42.1326884454753,-2.3839628128689
40.32,0.204350875944438,0.105883400149697,0.549863782820881,0.00031551559217734,0.00879166442996687,0.0237208089316967,82.3498461541615,0.24468110987125,0.0777877693738272,0.00354032077840115,0.0289892401499478,0.72336783328502,-0.0212532937187989,-10.2892165670774,-2.05850974727246e-14,-0.0429869122185295,1.24938539551573e-13,0,0,0,0,1,0.673086199299627,0.673086199299627,70.7057499700832,42.1485073434343,-2.38692511457902
40.33,0.204380614568868,0.105921296631308,0.550115317838545,0.00031453229476028,0.0087823186564996,0.0237251366246475,82.3462187167526,0.244670399246085,0.077788573204713,0.00354188643000036,0.0290263942355498,0.723432393649364,-0.0212630070417057,-10.2883352927102,-2.05850974727246e-14,-0.0429869122185295,1.24938539551573e-13,0,0,0,0,1,0.673086199299627,0.673086199299627,70.6919947452179,42.1643225743642,-2.38987818398926
40.34,0.204410355552477,0.105959085338555,0.550366878540368,0.000313551169144769,0.00877296522795621,0.0237294659919264,82.3425888890178,0.244659681595958,0.0777893775532758,0.00354345116372895,0.0290634402478456,0.723496991595583,-0.0212727076546063,-10.2874534536028,-2.05850974727246e-14,-0.0429869122185295,1.24938539551573e-13,0,0,0,0,1,0.673086199299627,0.673086199299627,70.6782330819361,42.1801341411026,-2.39282201592654
40.35,0.204440098891085,0.105996766191212,0.550618464918778,0.00031257221191092,0.0087636041736597,0.0237337970319882,82.338956682328,0.244648956954376,0.0777901824168936,0.00354501498102372,0.0291003781089419,0.72356162690776,-0.0212823955764557,-10.2865710525965,-2.05850974727246e-14,-0.0429869122185295,1.24938539551573e-13,0,0,0,0,1,0.673086199299627,0.673086199299627,70.6644649921805,42.1959420465002,-2.39575660524656
40.36,0.204469844580457,0.106034339109345,0.550870076966235,0.000311595419657957,0.00875423552294901,0.0237381297432732,82.3353221080577,0.24463822535486,0.0777909877929422,0.00354657788330526,0.0291372077412411,0.723626299369957,-0.0212920708260939,-10.285688092533,-2.05850974727246e-14,-0.0429869122185295,1.24938539551573e-13,0,0,0,0,1,0.673086199299627,0.673086199299627,70.6506904878891,42.21174629342,-2.39868194683385
40.37,0.204499592616295,0.106071804013311,0.551121714675228,0.000310620789004132,0.00874485930517892,0.023742464124207,82.331685177585,0.244627486830938,0.0777917936787956,0.00354813987197801,0.0291739290674412,0.72369100876623,-0.0213017334222441,-10.2848045762542,-2.05850974727246e-14,-0.0429869122185295,1.24938539551573e-13,0,0,0,0,1,0.673086199299627,0.673086199299627,70.6369095809948,42.2275468847378,-2.40159803560172
40.38,0.204529342994243,0.106109160823759,0.551373378038277,0.00030964831658664,0.00873547554972004,0.0237468001732005,82.3280459022913,0.24461674141615,0.077792600071826,0.00354970094843033,0.0292105420105365,0.723755754880617,-0.0213113833835152,-10.2839205066026,-2.05850974727246e-14,-0.0429869122185295,1.24938539551573e-13,0,0,0,0,1,0.673086199299627,0.673086199299627,70.6231222834257,42.2433438233422,-2.40450486649227
40.39,0.204559095709887,0.106146409461629,0.551625067047932,0.000308677999061536,0.00872608428595875,0.02375113788865,82.3244042935615,0.244605989144046,0.0777934069694035,0.00355126111403454,0.0292470464938174,0.723820537497146,-0.0213210207284013,-10.2830358864211,-2.05850974727246e-14,-0.0429869122185295,1.24938539551573e-13,0,0,0,0,1,0.673086199299627,0.673086199299627,70.6093286071047,42.2591371121341,-2.40740243447642
40.4,0.204588850758752,0.106183549848155,0.551876781696773,0.000307709833103652,0.00871668554329718,0.0237554772689373,82.320760362784,0.244595230048185,0.0777942143688964,0.00355282037014698,0.0292834424408704,0.723885356399832,-0.0213306454752827,-10.2821507185529,-2.05850974727246e-14,-0.0429869122185295,1.24938539551573e-13,0,0,0,0,1,0.673086199299627,0.673086199299627,70.5955285639498,42.2749267540274,-2.41029073455386
40.41,0.204618608136307,0.106220581904862,0.55212852197741,0.00030674381540651,0.00870727935115315,0.0237598183124296,82.3171141213504,0.244584464162139,0.0777950222676712,0.0035543787181081,0.0293197297755787,0.723950211372678,-0.0213402576424261,-10.2812650058414,-2.05850974727246e-14,-0.0429869122185295,1.24938539551573e-13,0,0,0,0,1,0.673086199299627,0.673086199299627,70.5817221658739,42.290712751948,-2.41316976175309
40.42,0.204648367837962,0.106257505553568,0.552380287882485,0.000305779942682244,0.00869786573896013,0.0237641610174798,82.3134655806559,0.244573691519485,0.0777958306630922,0.00355593615924248,0.0293559084221224,0.724015102199679,-0.0213498572479846,-10.2803787511305,-2.05850974727246e-14,-0.0429869122185295,1.24938539551573e-13,0,0,0,0,1,0.673086199299627,0.673086199299627,70.5679094247845,42.306495108835,-2.41603951113138
40.43,0.204678129859067,0.106294320716384,0.552632079404668,0.000304818211661514,0.00868844473616719,0.023768505382426,82.3098147520987,0.244562912153815,0.0777966395525222,0.00355749269485894,0.0293919783049782,0.724080028664818,-0.0213594443099999,-10.2794919572646,-2.05850974727246e-14,-0.0429869122185295,1.24938539551573e-13,0,0,0,0,1,0.673086199299627,0.673086199299627,70.5540903525842,42.3222738276396,-2.41889997777482
40.44,0.204707894194918,0.106331027315715,0.552883896536659,0.000303858619093425,0.00867901637223898,0.0237728514055922,82.3061616470805,0.244552126098726,0.0777974489333218,0.00355904832625055,0.0294279393489202,0.724144990552069,-0.021369018846401,-10.2786046270881,-2.05850974727246e-14,-0.0429869122185295,1.24938539551573e-13,0,0,0,0,1,0.673086199299627,0.673086199299627,70.5402649611703,42.3380489113255,-2.42175115679826
40.45,0.204737660840752,0.106367625274256,0.55313573927119,0.000302901161745444,0.00866958067665565,0.0237771990852879,82.3025062770064,0.244541333387828,0.0777982588028497,0.00356060305469471,0.0294637914790195,0.724209987645398,-0.021378580875005,-10.2777167634459,-2.05850974727246e-14,-0.0429869122185295,1.24938539551573e-13,0,0,0,0,1,0.673086199299627,0.673086199299627,70.5264332624347,42.353820362869,-2.42459304334534
40.46,0.204767429791746,0.106404114514999,0.553387607601021,0.000301945836403321,0.00866013767891284,0.0237815484198082,82.2988486532843,0.244530534054739,0.077799069158463,0.00356215688145322,0.0294995346206448,0.724275019728761,-0.0213881304135193,-10.2768283691833,-2.05850974727246e-14,-0.0429869122185295,1.24938539551573e-13,0,0,0,0,1,0.673086199299627,0.673086199299627,70.5125952682641,42.3695881852589,-2.42742563258848
40.47,0.204797201043025,0.106440494961226,0.553639501518941,0.000300992639871002,0.00865068740852158,0.023785899407434,82.2951887873257,0.244519728133087,0.0777998799975166,0.00356370980777233,0.0295351686994624,0.72434008658611,-0.0213976674795394,-10.2759394471457,-2.05850974727246e-14,-0.0429869122185295,1.24938539551573e-13,0,0,0,0,1,0.673086199299627,0.673086199299627,70.4987509905397,42.3853523814963,-2.43024891972889
40.48,0.204826974589654,0.106476766536517,0.553891421017772,0.000300041568970555,0.00864122989500833,0.0237902520464319,82.2915266905451,0.244508915656509,0.0778006913173636,0.00356526183488279,0.0295706936414364,0.724405188001386,-0.0214071920905513,-10.275050000179,-2.05850974727246e-14,-0.0429869122185295,1.24938539551573e-13,0,0,0,0,1,0.673086199299627,0.673086199299627,70.4849004411375,42.4011129545947,-2.43306289999655
40.49,0.204856750426643,0.106512929164743,0.554143366090362,0.000299092620542083,0.00863176516791485,0.0237946063350542,82.2878623743602,0.244498096658652,0.0778015031153553,0.00356681296399992,0.029606109372829,0.724470323758526,-0.0214167042639321,-10.2741600311292,-2.05850974727246e-14,-0.0429869122185295,1.24938539551573e-13,0,0,0,0,1,0.673086199299627,0.673086199299627,70.4710436319279,42.41686990758,-2.43586756865022
40.5,0.204886528548945,0.106548982770069,0.554395336729592,0.000298145791443647,0.0086222932567982,0.0237989622715391,82.2841958501918,0.244487271173171,0.0778023153888411,0.00356836319632367,0.0296414158202006,0.724535493641461,-0.0214262040169488,-10.2732695428427,-2.05850974727246e-14,-0.0429869122185295,1.24938539551573e-13,0,0,0,0,1,0.673086199299627,0.673086199299627,70.4571805747757,42.4326232434905,-2.43866292097742
40.51,0.204916308951457,0.106584927276955,0.554647332928369,0.000297201078551184,0.00861281419123066,0.0238033198541105,82.2805271294636,0.24447643923373,0.0778031281351683,0.00356991253303869,0.0296766129104096,0.724600697434116,-0.0214356913667605,-10.2723785381661,-2.05850974727246e-14,-0.0429869122185295,1.24938539551573e-13,0,0,0,0,1,0.673086199299627,0.673086199299627,70.4433112815404,42.4483729653768,-2.44144895229444
40.52,0.20494609162902,0.106620762610156,0.554899354679633,0.00029625847875843,0.00860332800079975,0.0238076790809782,82.2768562236027,0.244465600874005,0.0778039413516826,0.00357146097531435,0.0297117005706135,0.724665934920413,-0.0214451663304186,-10.2714870199465,-2.05850974727246e-14,-0.0429869122185295,1.24938539551573e-13,0,0,0,0,1,0.673086199299627,0.673086199299627,70.4294357640759,42.4641190763018,-2.44422565794637
40.53,0.204975876576423,0.106656488694721,0.555151401976351,0.000295317988976836,0.00859383471510807,0.023812039950338,82.273183144039,0.244454756127676,0.0778047550357276,0.00357300852430482,0.029746678728268,0.724731205884268,-0.0214546289248661,-10.2705949910309,-2.05850974727246e-14,-0.0429869122185295,1.24938539551573e-13,0,0,0,0,1,0.673086199299627,0.673086199299627,70.4155540342302,42.4798615793406,-2.44699303330702
40.54,0.205005663788394,0.106692105455995,0.55540347481152,0.000294379606135492,0.00858433436377335,0.0238164024603716,82.2695079022055,0.244443905028437,0.0778055691846453,0.00357455518114916,0.029781547311128,0.724796510109596,-0.021464079166939,-10.2697024542667,-2.05850974727246e-14,-0.0429869122185295,1.24938539551573e-13,0,0,0,0,1,0.673086199299627,0.673086199299627,70.4016661038459,42.4956004775806,-2.44975107377897
40.55,0.205035453259611,0.106727612819615,0.555655573178167,0.000293443327181046,0.00857482697642838,0.0238207666092467,82.2658305095379,0.244433047609986,0.0778063837957756,0.00357610094697131,0.0298163062472475,0.724861847380307,-0.0214735170733675,-10.2688094125017,-2.05850974727246e-14,-0.0429869122185295,1.24938539551573e-13,0,0,0,0,1,0.673086199299627,0.673086199299627,70.3877719847599,42.5113357741217,-2.45249977479359
40.56,0.205065244984694,0.106763010711518,0.555907697069347,0.000292509149077627,0.0085653125827209,0.0238251323951168,82.2621509774753,0.244422183906034,0.0778071988664566,0.00357764582288022,0.0298509554649793,0.724927217480311,-0.021482942660775,-10.2679158685837,-2.05850974727246e-14,-0.0429869122185295,1.24938539551573e-13,0,0,0,0,1,0.673086199299627,0.673086199299627,70.3738716888031,42.5270674720754,-2.45523913181096
40.57,0.205095038958211,0.106798299057932,0.556159846478146,0.000291577068806765,0.00855579121231365,0.0238294998161218,82.2584693174594,0.244411313950297,0.0778080143940244,0.00357918980996983,0.0298854948929762,0.724992620193514,-0.0214923559456794,-10.2670218253608,-2.05850974727246e-14,-0.0429869122185295,1.24938539551573e-13,0,0,0,0,1,0.673086199299627,0.673086199299627,70.3599652278008,42.542795574566,-2.45796914031994
40.58,0.205124835174674,0.106833477785383,0.556412021397677,0.000290647083367314,0.00854626289488421,0.0238338688703875,82.2547855409347,0.244400437776502,0.0778088303758135,0.00358073290931921,0.0299199244601903,0.725058055303826,-0.0215017569444932,-10.2661272856813,-2.05850974727246e-14,-0.0429869122185295,1.24938539551573e-13,0,0,0,0,1,0.673086199299627,0.673086199299627,70.3460526135724,42.5585200847295,-2.46068979583813
40.59,0.205154633628543,0.106868546820692,0.556664221821084,0.000289719189775374,0.00853672766012505,0.0238382395560256,82.2510996593488,0.244389555418383,0.0778096468091564,0.00358227512199256,0.0299542440958733,0.725123522595152,-0.0215111456735252,-10.2652322523938,-2.05850974727246e-14,-0.0429869122185295,1.24938539551573e-13,0,0,0,0,1,0.673086199299627,0.673086199299627,70.3321338579314,42.5742410057144,-2.46340109391187
40.6,0.205184434314221,0.106903506090976,0.556916447741538,0.00028879338506421,0.00852718553774342,0.0238426118711343,82.2474116841519,0.244378666909682,0.0778104636913836,0.00358381644903926,0.0299884537295773,0.725189021851397,-0.0215205221489788,-10.2643367283469,-2.05850974727246e-14,-0.0429869122185295,1.24938539551573e-13,0,0,0,0,1,0.673086199299627,0.673086199299627,70.3182089726856,42.5899583406811,-2.46610303011626
40.61,0.20521423722606,0.106938355523649,0.557168699152242,0.000287869666284183,0.0085176365574613,0.0238469858137978,82.2437216267972,0.244367772284152,0.077811281019824,0.003585356891494,0.030022553291154,0.725254552856471,-0.0215298863869542,-10.2634407163897,-2.05850974727246e-14,-0.0429869122185295,1.24938539551573e-13,0,0,0,0,1,0.673086199299627,0.673086199299627,70.3042779696364,42.6056720928019,-2.4687956000551
40.62,0.205244042358359,0.10697309504642,0.557420976046424,0.000286948030502663,0.00850808074901537,0.0238513613820866,82.2400294987405,0.24435687157555,0.0778120987918045,0.00358689645037674,0.0300565427107558,0.725320115394282,-0.0215392384034483,-10.2625442193711,-2.05850974727246e-14,-0.0429869122185295,1.24938539551573e-13,0,0,0,0,1,0.673086199299627,0.673086199299627,70.2903408605796,42.6213822652616,-2.47147879936096
40.63,0.205273849705363,0.107007724587296,0.557673278417345,0.000286028474803958,0.00849851814215695,0.0238557385740574,82.2363353114404,0.244345964817645,0.0778129170046502,0.00358843512669282,0.0300904219188352,0.725385709248743,-0.0215485782143554,-10.2616472401405,-2.05850974727246e-14,-0.0429869122185295,1.24938539551573e-13,0,0,0,0,1,0.673086199299627,0.673086199299627,70.2763976573046,42.6370888612568,-2.47415262369512
40.64,0.205303659261264,0.10704224407458,0.557925606258291,0.000285110996289239,0.00848894876665196,0.0238601173877531,82.2326390763581,0.244335052044211,0.0778137356556844,0.00358997292143303,0.0301241908461457,0.725451334203768,-0.021557905835467,-10.2607497815473,-2.05850974727246e-14,-0.0429869122185295,1.24938539551573e-13,0,0,0,0,1,0.673086199299627,0.673086199299627,70.2624483715951,42.652791883996,-2.47681706874759
40.65,0.205333471020202,0.10707665343687,0.558177959562578,0.000284195592076458,0.00847937265228081,0.0238644978212031,82.2289408049576,0.244324133289031,0.0778145547422283,0.00359150983557363,0.0301578494237412,0.725516990043273,-0.0215672212824731,-10.259851846441,-2.05850974727246e-14,-0.0429869122185295,1.24938539551573e-13,0,0,0,0,1,0.673086199299627,0.673086199299627,70.2484930152283,42.6684913366998,-2.47947213023711
40.66,0.205363284976265,0.107110952603065,0.558430338323553,0.000283282259300278,0.00846978982883844,0.023868879872423,82.2252405087055,0.244313208585897,0.0778153742616016,0.0035930458700764,0.0301913975829769,0.725582676551183,-0.0215765245709619,-10.2589534376715,-2.05850974727246e-14,-0.0429869122185295,1.24938539551573e-13,0,0,0,0,1,0.673086199299627,0.673086199299627,70.2345315999754,42.6841872226008,-2.48211780391112
40.67,0.205393101123487,0.107145141502358,0.558682742534589,0.000282370995111992,0.00846020032613417,0.0238732635394148,82.221538199071,0.244302277968607,0.0778161942111219,0.00359458102588874,0.0302248352555089,0.725648393511422,-0.021585815716421,-10.2580545580885,-2.05850974727246e-14,-0.0429869122185295,1.24938539551573e-13,0,0,0,0,1,0.673086199299627,0.673086199299627,70.2205641376013,42.6998795449435,-2.4847540855458
40.68,0.205422919455853,0.10717922006424,0.558935172189087,0.000281461796679455,0.00845060417399173,0.0238776488201671,82.2178338875259,0.244291341470966,0.0778170145881052,0.00359611530394369,0.0302581623732947,0.72571414070792,-0.0215950947342379,-10.2571552105421,-2.05850974727246e-14,-0.0429869122185295,1.24938539551573e-13,0,0,0,0,1,0.673086199299627,0.673086199299627,70.2065906398647,42.7155683069842,-2.48738097094601
40.69,0.205452739967294,0.107213188218501,0.55918762728048,0.000280554661186999,0.00844100140224915,0.0238820357126548,82.2141275855445,0.24428039912679,0.0778178353898656,0.00359764870516,0.0302913788685933,0.725779917924619,-0.021604361639699,-10.2562553978824,-2.05850974727246e-14,-0.0429869122185295,1.24938539551573e-13,0,0,0,0,1,0.673086199299627,0.673086199299627,70.192611118518,42.7312535119913,-2.48999845594533
40.7,0.205482562651691,0.107247045895228,0.559440107802225,0.000279649585835369,0.00843139204075872,0.0238864242148393,82.2104193046036,0.244269450969899,0.0778186566137151,0.00359918123044217,0.0303244846739653,0.72584572494546,-0.0216136164479922,-10.2553551229596,-2.05850974727246e-14,-0.0429869122185295,1.24938539551573e-13,0,0,0,0,1,0.673086199299627,0.673086199299627,70.1786255853072,42.746935163245,-2.49260653640605
40.71,0.205512387502874,0.107280793024805,0.559692613747811,0.000278746567841639,0.00842177611938695,0.0238908143246684,82.2067090561827,0.244258497034121,0.0778194782569642,0.00360071288068051,0.030357479722273,0.725911561554395,-0.0216228591742052,-10.254454388624,-2.05850974727246e-14,-0.0429869122185295,1.24938539551573e-13,0,0,0,0,1,0.673086199299627,0.673086199299627,70.164634051972,42.7626132640371,-2.49520520821914
40.72,0.205542214514621,0.107314429537915,0.559945145110754,0.000277845604439144,0.0084121536680145,0.0238952060400768,82.2029968517635,0.244247537353293,0.0778203003169215,0.0036022436567512,0.0303903639466808,0.725977427535382,-0.0216320898333284,-10.2535531977262,-2.05850974727246e-14,-0.0429869122185295,1.24938539551573e-13,0,0,0,0,1,0.673086199299627,0.673086199299627,70.1506365302455,42.7782878176714,-2.49779446730425
40.73,0.20557204368066,0.10734795536554,0.560197701884599,0.000276946692877403,0.0084025247165361,0.0238995993589854,82.1992827028303,0.244236571961258,0.0778211227908938,0.00360377355951637,0.0304231372806552,0.726043322672387,-0.0216413084402531,-10.2526515531167,-2.05850974727246e-14,-0.0429869122185295,1.24938539551573e-13,0,0,0,0,1,0.673086199299627,0.673086199299627,70.1366330318544,42.7939588274636,-2.50037430960976
40.74,0.205601874994669,0.107381370438959,0.560450284062917,0.000276049830422049,0.00839288929486056,0.0239039942793021,82.1955666208698,0.244225600891865,0.077821945676186,0.00360530258982408,0.030455799657965,0.726109246749387,-0.0216505150097728,-10.2517494576459,-2.05850974727246e-14,-0.0429869122185295,1.24938539551573e-13,0,0,0,0,1,0.673086199299627,0.673086199299627,70.122623568519,42.809626296741,-2.50294473111269
40.75,0.205631708450274,0.10741467468975,0.560702891639309,0.000275155014354749,0.00838324743291066,0.023908390798921,82.191848617371,0.244214624178973,0.0778227689701012,0.00360683074850845,0.0304883510126814,0.726175199550367,-0.0216597095565838,-10.2508469141647,-2.05850974727246e-14,-0.0429869122185295,1.24938539551573e-13,0,0,0,0,1,0.673086199299627,0.673086199299627,70.1086081519529,42.8252902288427,-2.50550572781875
40.76,0.205661544041054,0.107447868049791,0.560955524607405,0.000274262241973138,0.00837359916062309,0.0239127889157233,82.1881287038252,0.244203641856444,0.0778235926699407,0.00360835803638969,0.0305207912791783,0.726241180859321,-0.0216688920952856,-10.2499439255238,-2.05850974727246e-14,-0.0429869122185295,1.24938539551573e-13,0,0,0,0,1,0.673086199299627,0.673086199299627,70.0945867938632,42.8409506271194,-2.50805729576234
40.77,0.205691381760535,0.107480950451258,0.561208182960861,0.000273371510590741,0.00836394450794845,0.0239171886275767,82.1844068917262,0.244192653958151,0.0778244167730041,0.00360988445427411,0.0305531203921323,0.726307190460256,-0.0216780626403815,-10.249040494574,-2.05850974727246e-14,-0.0429869122185295,1.24938539551573e-13,0,0,0,0,1,0.673086199299627,0.673086199299627,70.0805595059503,42.8566074949336,-2.51059943100649
40.78,0.205721221602195,0.107513921826626,0.561460866693362,0.000272482817536905,0.00835428350485111,0.0239215899323358,82.1806831925699,0.244181660517971,0.077825241276589,0.00361141000295425,0.0305853382865229,0.726373228137189,-0.0216872212062786,-10.248136624166,-2.05850974727246e-14,-0.0429869122185295,1.24938539551573e-13,0,0,0,0,1,0.673086199299627,0.673086199299627,70.0665262999078,42.8722608356595,-2.51313212964291
40.79,0.205751063559463,0.107546782108669,0.561713575798622,0.00027159616015672,0.00834461618130924,0.0239259928278418,82.1769576178546,0.244170661569788,0.0778260661779915,0.00361293468320888,0.030617444897633,0.726439293674149,-0.0216963678072883,-10.2472323171509,-2.05850974727246e-14,-0.0429869122185295,1.24938539551573e-13,0,0,0,0,1,0.673086199299627,0.673086199299627,70.0524871874228,42.8879106526828,-2.515655387792
40.8,0.20578090762572,0.107579531230463,0.561966310270381,0.000270711535810954,0.00833494256731467,0.0239303973119228,82.1732301790807,0.244159657147493,0.0778268914745056,0.00361445849580305,0.0306494401610484,0.726505386855176,-0.0217055024576272,-10.2463275763795,-2.05850974727246e-14,-0.0429869122185295,1.24938539551573e-13,0,0,0,0,1,0.673086199299627,0.673086199299627,70.0384421801756,42.903556949401,-2.51816920160275
40.81,0.205810753794295,0.107612169125379,0.562219070102408,0.000269828941875977,0.0083252626928729,0.0239348033823939,82.169500887751,0.244148647284984,0.0778277171634236,0.00361598144148818,0.0306813240126586,0.726571507464326,-0.0217146251714166,-10.2454224047028,-2.05850974727246e-14,-0.0429869122185295,1.24938539551573e-13,0,0,0,0,1,0.673086199299627,0.673086199299627,70.0243912898394,42.9191997292229,-2.52067356725284
40.82,0.20584060205847,0.107644695727093,0.5624718552885,0.000268948375743692,0.008315576588003,0.0239392110370569,82.1657697553702,0.244137632016164,0.0778285432420361,0.00361750352100209,0.0307130963886565,0.726637655285667,-0.0217237359626848,-10.2445168049717,-2.05850974727246e-14,-0.0429869122185295,1.24938539551573e-13,0,0,0,0,1,0.673086199299627,0.673086199299627,70.010334528081,42.9348389955691,-2.52316848094857
40.83,0.205870452411481,0.107677110969578,0.562724665822481,0.00026806983482146,0.00830588428273757,0.0239436202737005,82.1620367934453,0.244126611374945,0.0778293697076319,0.00361902473506905,0.0307447572255387,0.72670383010328,-0.0217328348453655,-10.2436107800372,-2.05850974727246e-14,-0.0429869122185295,1.24938539551573e-13,0,0,0,0,1,0.673086199299627,0.673086199299627,69.99627190656,42.9504747518717,-2.52565393892488
40.84,0.205900304846511,0.107709414787107,0.562977501698204,0.000267193316532033,0.00829618580712266,0.0239480310901004,82.1583020134854,0.244115585395242,0.077830196557498,0.00362054508439983,0.030776306460106,0.726770031701264,-0.0217419218332987,-10.2427043327503,-2.05850974727246e-14,-0.0429869122185295,1.24938539551573e-13,0,0,0,0,1,0.673086199299627,0.673086199299627,69.9822034369292,42.9661070015742,-2.52812993744535
40.85,0.205930159356699,0.107741607114255,0.563230362909548,0.000266318818313482,0.00828648119121776,0.0239524434840194,82.1545654270016,0.244104554110978,0.0778310237889194,0.00362206456969177,0.030807744029463,0.72683625986373,-0.0217509969402323,-10.2417974659619,-2.05850974727246e-14,-0.0429869122185295,1.24938539551573e-13,0,0,0,0,1,0.673086199299627,0.673086199299627,69.9681291308343,42.9817357481318,-2.53059647280216
40.86,0.205960015935135,0.107773687885896,0.563483249450421,0.000265446337619125,0.00827677046509568,0.0239568574532072,82.1508270455073,0.244093517556081,0.0778318513991798,0.00362358319162881,0.0308390698710185,0.726902514374808,-0.0217600601798211,-10.2408901825229,-2.05850974727246e-14,-0.0429869122185295,1.24938539551573e-13,0,0,0,0,1,0.673086199299627,0.673086199299627,69.9540489999141,42.997360995011,-2.53305354131613
40.87,0.205989874574861,0.107805657037206,0.563736161314757,0.000264575871917457,0.00826705365884252,0.0239612729954005,82.1470868805175,0.244082475764487,0.0778326793855607,0.00362510095088156,0.0308702839224859,0.726968795018643,-0.0217691115656278,-10.2399824852843,-2.05850974727246e-14,-0.0429869122185295,1.24938539551573e-13,0,0,0,0,1,0.673086199299627,0.673086199299627,69.9399630558003,43.0129827456897,-2.53550113933667
40.88,0.206019735268872,0.10783751450366,0.56398909849652,0.000263707418692084,0.00825733080255761,0.0239656901083231,82.1433449435495,0.244071428770136,0.0778335077453419,0.00362661784810734,0.0309013861218828,0.727035101579398,-0.0217781511111243,-10.2390743770968,-2.05850974727246e-14,-0.0429869122185295,1.24938539551573e-13,0,0,0,0,1,0.673086199299627,0.673086199299627,69.9258713101175,43.0286010036572,-2.53793926324181
40.89,0.206049598010117,0.107869260221036,0.5642420609897,0.000262840975441647,0.00824760192635347,0.0239701087896861,82.1396012461225,0.244060376606975,0.0778343364758017,0.00362813388395024,0.0309323764075318,0.727101433841252,-0.0217871788296903,-10.2381658608115,-2.05850974727246e-14,-0.0429869122185295,1.24938539551573e-13,0,0,0,0,1,0.673086199299627,0.673086199299627,69.9117737744833,43.0442157724145,-2.54036790943818
40.9,0.206079462791497,0.107900894125413,0.564495048788313,0.000261976539679757,0.00823786706035571,0.0239745290371874,82.1358557997576,0.244049319308955,0.0778351655742164,0.00362964905904115,0.0309632547180601,0.727167791588404,-0.0217961947346153,-10.2372569392789,-2.05850974727246e-14,-0.0429869122185295,1.24938539551573e-13,0,0,0,0,1,0.673086199299627,0.673086199299627,69.8976704605078,43.0598270554735,-2.542787074361
40.91,0.206109329605866,0.107932416153169,0.564748061886405,0.000261114108934924,0.00822812623470298,0.0239789508485123,82.1321086159778,0.244038256910034,0.0778359950378606,0.00363116337399785,0.0309940209924,0.727234174605073,-0.021805198839098,-10.2363476153499,-2.05850974727246e-14,-0.0429869122185295,1.24938539551573e-13,0,0,0,0,1,0.673086199299627,0.673086199299627,69.8835613797942,43.0754348563578,-2.54519675447407
40.92,0.206139198446033,0.107963826240986,0.565001100278049,0.000260253680750489,0.00821837947954694,0.0239833742213332,82.1283597063081,0.244027189444175,0.0778368248640072,0.00363267682942502,0.0310246751697889,0.727300582675495,-0.0218141911562478,-10.235437891875,-2.05850974727246e-14,-0.0429869122185295,1.24938539551573e-13,0,0,0,0,1,0.673086199299627,0.673086199299627,69.8694465439383,43.0910391786022,-2.54759694626978
40.93,0.206169069304759,0.107995124325846,0.565254163957343,0.000259395252684556,0.00820862682505215,0.0239877991533099,82.1246090822751,0.244016116945347,0.0778376550499271,0.00363418942591433,0.0310552171897695,0.727367015583928,-0.0218231716990835,-10.234527771705,-2.05850974727246e-14,-0.0429869122185295,1.24938539551573e-13,0,0,0,0,1,0.673086199299627,0.673086199299627,69.8553259645287,43.1066400257526,-2.54998764626909
40.94,0.206198942174762,0.108026310345035,0.565507252918415,0.000258538822309919,0.00819886830139607,0.0239922256420894,82.1208567554073,0.244005039447525,0.0778384855928899,0.00363570116404443,0.03108564699219,0.727433473114652,-0.021832140480536,-10.2336172576902,-2.05850974727246e-14,-0.0429869122185295,1.24938539551573e-13,0,0,0,0,1,0.673086199299627,0.673086199299627,69.8411996531464,43.1222374013664,-2.55236885102152
40.95,0.206228817048712,0.108057384236138,0.565760367155418,0.000257684387214,0.00818910393876894,0.0239966536853058,82.1171027372352,0.243993956984687,0.077839316490163,0.00363721204438109,0.031115964517204,0.727499955051963,-0.0218410975134469,-10.232706352681,-2.05850974727246e-14,-0.0429869122185295,1.24938539551573e-13,0,0,0,0,1,0.673086199299627,0.673086199299627,69.8270676213653,43.1378313090122,-2.55474055710516
40.96,0.206258693919232,0.108088345937045,0.566013506662534,0.000256831944998778,0.00817933376737375,0.0240010832805807,82.1133470392907,0.243982869590819,0.0778401477390124,0.00363872206747716,0.031146169705271,0.727566461180185,-0.0218500428105694,-10.2317950595278,-2.05850974727246e-14,-0.0429869122185295,1.24938539551573e-13,0,0,0,0,1,0.673086199299627,0.673086199299627,69.8129298807518,43.1534217522697,-2.55710276112665
40.97,0.206288572778904,0.108119195385946,0.566266671433971,0.000255981493280719,0.00816955781742618,0.0240055144255231,82.1095896731078,0.243971777299909,0.0778409793367021,0.00364023123387268,0.0311762624971565,0.727632991283661,-0.0218589763845688,-10.2308833810807,-2.05850974727246e-14,-0.0429869122185295,1.24938539551573e-13,0,0,0,0,1,0.673086199299627,0.673086199299627,69.7987864428648,43.1690087347299,-2.55945545972119
40.98,0.206318453620262,0.108149932521334,0.566519861463964,0.000255133029690713,0.00815977611915452,0.0240099471177294,82.1058306502218,0.243960680145953,0.0778418112804946,0.0036417395440949,0.0312062428339317,0.727699545146759,-0.0218678982480236,-10.2299713201899,-2.05850974727246e-14,-0.0429869122185295,1.24938539551573e-13,0,0,0,0,1,0.673086199299627,0.673086199299627,69.7846373192556,43.1845922599948,-2.56179864955248
40.99,0.206348336435795,0.108180557282006,0.566773076746775,0.000254286551874005,0.00814998870279962,0.0240143813547832,82.10206998217,0.243949578162949,0.0778426435676504,0.00364324699865834,0.0312361106569743,0.72776612255387,-0.0218768084134244,-10.2290588797051,-2.05850974727246e-14,-0.0429869122185295,1.24938539551573e-13,0,0,0,0,1,0.673086199299627,0.673086199299627,69.7704825214682,43.2001723316778,-2.56413232731281
41,0.206378221217948,0.108211069607061,0.567026317276695,0.000253442057490126,0.00814019559861483,0.0240188171342558,82.0983076804911,0.243938471384904,0.0778434761954286,0.00364475359806485,0.0312658659079681,0.727832723289407,-0.021885706893176,-10.2281460624764,-2.05850974727246e-14,-0.0429869122185295,1.24938539551573e-13,0,0,0,0,1,0.673086199299627,0.673086199299627,69.7563220610389,43.2157489534031,-2.56645648972295
41.01,0.206408107959122,0.108241469435899,0.567279583048038,0.000252599544212831,0.00813039683686594,0.0240232544537058,82.0945437567255,0.243927359845825,0.0778443091610863,0.00364625934280364,0.0312955085289037,0.727899347137812,-0.0218945936995962,-10.2272328713533,-2.05850974727246e-14,-0.0429869122185295,1.24938539551573e-13,0,0,0,0,1,0.673086199299627,0.673086199299627,69.7421559494962,43.2313221288062,-2.56877113353221
41.02,0.206437996651673,0.108271756708226,0.567532874055149,0.000251759009730025,0.00812059244783111,0.0240276933106796,82.0907782224153,0.243916243579727,0.0778451424618789,0.00364776423335133,0.0313250384620779,0.727965993883549,-0.0219034688449174,-10.2263193091854,-2.05850974727246e-14,-0.0429869122185295,1.24938539551573e-13,0,0,0,0,1,0.673086199299627,0.673086199299627,69.7279841983612,43.2468918615336,-2.57107625551841
41.03,0.206467887287914,0.108301931364049,0.567786190292397,0.000250920451743706,0.00811078246180081,0.0240321337027107,82.0870110891039,0.243905122620628,0.0778459760950603,0.00364926827017202,0.0313544556500946,0.72803266331111,-0.0219123323412867,-10.225405378822,-2.05850974727246e-14,-0.0429869122185295,1.24938539551573e-13,0,0,0,0,1,0.673086199299627,0.673086199299627,69.7138068191471,43.2624581552427,-2.57337185248787
41.04,0.206497779860113,0.10833199334368,0.568039531754179,0.000250083867969891,0.00810096690907774,0.0240365756273206,82.0832423683365,0.243893997002551,0.0778468100578825,0.00365077145371731,0.0313837600358645,0.728099355205012,-0.0219211842007655,-10.2244910831123,-2.05850974727246e-14,-0.0429869122185295,1.24938539551573e-13,0,0,0,0,1,0.673086199299627,0.673086199299627,69.6996238233596,43.2780210136023,-2.57565792127541
41.05,0.206527674360495,0.108361942587734,0.568292898434918,0.000249249256138554,0.00809114581997682,0.0240410190820183,82.0794720716594,0.243882866759524,0.0778476443475957,0.00365227378442638,0.0314129515626053,0.728166069349802,-0.0219300244353315,-10.2235764249054,-2.05850974727246e-14,-0.0429869122185295,1.24938539551573e-13,0,0,0,0,1,0.673086199299627,0.673086199299627,69.6854352224964,43.2935804402916,-2.57793445874434
41.06,0.206557570781242,0.108391779037128,0.568546290329065,0.000248416613993562,0.00808131922482506,0.0240454640643001,82.0757002106208,0.243871731925578,0.0778484789614487,0.00365377526272601,0.0314420301738419,0.72823280553005,-0.0219388530568776,-10.2226614070501,-2.05850974727246e-14,-0.0429869122185295,1.24938539551573e-13,0,0,0,0,1,0.673086199299627,0.673086199299627,69.6712410280473,43.3091364390012,-2.58020146178644
41.07,0.206587469114492,0.108421502633086,0.568799707431097,0.000247585939292605,0.00807148715396154,0.0240499105716505,82.0719267967699,0.24386059253475,0.0778493138966882,0.00365527588903066,0.0314709958134068,0.728299563530357,-0.0219476700772127,-10.221746032395,-2.05850974727246e-14,-0.0429869122185295,1.24938539551573e-13,0,0,0,0,1,0.673086199299627,0.673086199299627,69.6570412514946,43.3246890134326,-2.58245892732198
41.08,0.206617369352341,0.108451113317134,0.569053149735516,0.000246757229807134,0.00806164963773735,0.0240543586015413,82.0681518416578,0.243849448621079,0.0778501491505596,0.00365677566374246,0.0314998484254396,0.728366343135356,-0.0219564755080632,-10.2208303037887,-2.05850974727246e-14,-0.0429869122185295,1.24938539551573e-13,0,0,0,0,1,0.673086199299627,0.673086199299627,69.6428359043122,43.3402381672979,-2.58470685229968
41.09,0.206647271486841,0.108480611031101,0.569306617236853,0.000245930483322297,0.00805180670651548,0.0240588081514323,82.0643753568364,0.243838300218609,0.0778509847203062,0.00365827458725135,0.0315285879543877,0.728433144129703,-0.0219652693610711,-10.2199142240793,-2.05850974727246e-14,-0.0429869122185295,1.24938539551573e-13,0,0,0,0,1,0.673086199299627,0.673086199299627,69.6286249979666,43.3557839043204,-2.58694523369675
41.1,0.206677175510003,0.108509995717123,0.569560109929665,0.000245105697636872,0.00804195839067083,0.0240632592187707,82.0605973538593,0.243827147361389,0.0778518206031699,0.00365977265993503,0.0315572143450064,0.728499966298088,-0.0219740516477974,-10.2189977961149,-2.05850974727246e-14,-0.0429869122185295,1.24938539551573e-13,0,0,0,0,1,0.673086199299627,0.673086199299627,69.6144085439159,43.371326228234,-2.58917406851881
41.11,0.206707081413794,0.108539267317639,0.569813627808534,0.000244282870563205,0.00803210472059007,0.024067711800992,82.0568178442815,0.243815990083471,0.0778526567963909,0.00366126988215908,0.0315857275423587,0.728566809425231,-0.0219828223797191,-10.2180810227432,-2.05850974727246e-14,-0.0429869122185295,1.24938539551573e-13,0,0,0,0,1,0.673086199299627,0.673086199299627,69.6001865536104,43.3868651427838,-2.59139335379995
41.12,0.20673698919014,0.108568425775393,0.57006717086807,0.000243461999927143,0.00802224572667162,0.024072165895519,82.0530368396588,0.243804828418911,0.0778534932972074,0.00366276625427696,0.0316141274918158,0.728633673295884,-0.0219915815682329,-10.217163906812,-2.05850974727246e-14,-0.0429869122185295,1.24938539551573e-13,0,0,0,0,1,0.673086199299627,0.673086199299627,69.5859590384921,43.4024006517252,-2.59360308660268
41.13,0.206766898830925,0.108597471033432,0.570320739102909,0.000242643083567973,0.0080123814393256,0.0240766214997626,82.0492543515488,0.243793662401767,0.0778543301028562,0.0036642617766301,0.0316424141390568,0.728700557694827,-0.0220003292246529,-10.2162464511684,-2.05850974727246e-14,-0.0429869122185295,1.24938539551573e-13,0,0,0,0,1,0.673086199299627,0.673086199299627,69.5717260099952,43.4179327588248,-2.59580326401794
41.14,0.206796810327991,0.108626403035111,0.570574332507714,0.000241826119338356,0.00800251188897372,0.0240810786111217,82.04547039151,0.243782492066104,0.0778551672105724,0.00366575644954791,0.0316705874300695,0.728767462406878,-0.0220090653602132,-10.2153286586597,-2.05850974727246e-14,-0.0429869122185295,1.24938539551573e-13,0,0,0,0,1,0.673086199299627,0.673086199299627,69.5574874795455,43.4334614678597,-2.59799388316509
41.15,0.206826723673138,0.108655221724087,0.570827951077173,0.000241011105104264,0.00799263710604924,0.0240855372269829,82.0416849711022,0.243771317445988,0.0778560046175893,0.00366725027334784,0.0316986473111499,0.728834387216882,-0.0220177899860661,-10.2144105321326,-2.05850974727246e-14,-0.0429869122185295,1.24938539551573e-13,0,0,0,0,1,0.673086199299627,0.673086199299627,69.5432434585609,43.4489867826179,-2.60017494119191
41.16,0.206856638858127,0.108683927044323,0.571081594806,0.000240198038744921,0.00798275712099693,0.0240899973447207,82.0378981018862,0.243760138575489,0.0778568423211386,0.00366874324833545,0.0317265937289027,0.728901331909722,-0.022026503113284,-10.2134920744337,-2.05850974727246e-14,-0.0429869122185295,1.24938539551573e-13,0,0,0,0,1,0.673086199299627,0.673086199299627,69.5289939584507,43.4645087068979,-2.60234643527456
41.17,0.206886555874675,0.10871251894009,0.571335263688938,0.000239386918152732,0.00797287196427296,0.0240944589616978,82.0341097954242,0.24374895548868,0.0778576803184502,0.00367023537480441,0.0317544266302411,0.728968296270311,-0.0220352047528599,-10.2125732884093,-2.05850974727246e-14,-0.0429869122185295,1.24938539551573e-13,0,0,0,0,1,0.673086199299627,0.673086199299627,69.5147389906164,43.480027244509,-2.60450836261759
41.18,0.20691647471446,0.10874099735596,0.571588957720752,0.000238577741233227,0.00796298166634487,0.0240989220752648,82.0303200632793,0.243737768219639,0.0778585186067525,0.00367172665303659,0.0317821459623877,0.729035280083601,-0.0220438949157065,-10.2116541769054,-2.05850974727246e-14,-0.0429869122185295,1.24938539551573e-13,0,0,0,0,1,0.673086199299627,0.673086199299627,69.5004785664508,43.4955423992713,-2.60666072045397
41.19,0.206946395369118,0.108769362236813,0.571842676896238,0.000237770505904995,0.00795308625769147,0.0241033866827602,82.0265289170158,0.243726576802446,0.0778593571832721,0.00367321708330209,0.0318097516728735,0.729102283134575,-0.0220525736126579,-10.2107347427678,-2.05850974727246e-14,-0.0429869122185295,1.24938539551573e-13,0,0,0,0,1,0.673086199299627,0.673086199299627,69.4862126973385,43.5110541750152,-2.60880350604501
41.2,0.206976317830245,0.108797613527836,0.572096421210213,0.000236965210099624,0.00794318576880284,0.0241078527815106,82.0227363681988,0.243715381271183,0.077860196045234,0.00367470666585927,0.031837243709539,0.729169305208252,-0.0220612408544694,-10.2098149888419,-2.05850974727246e-14,-0.0429869122185295,1.24938539551573e-13,0,0,0,0,1,0.673086199299627,0.673086199299627,69.4719413946558,43.5265625755818,-2.6109367166804
41.21,0.207006242089398,0.108825751174518,0.572350190657525,0.000236161851761636,0.0079332802301802,0.0241123203688309,82.0189424283948,0.243704181659937,0.0778610351898615,0.00367619540095483,0.0318646220205337,0.729236346089691,-0.0220698966518172,-10.2088949179729,-2.05850974727246e-14,-0.0429869122185295,1.24938539551573e-13,0,0,0,0,1,0.673086199299627,0.673086199299627,69.4576646697707,43.542067604823,-2.61306034967818
41.22,0.207036168138092,0.108853775122658,0.572603985233045,0.000235360428848428,0.00792336967233586,0.0241167894420239,82.0151471091709,0.243692978002797,0.0778618746143762,0.00367768328882383,0.0318918865543167,0.729303405563984,-0.0220785410153003,-10.2079745330055,-2.05850974727246e-14,-0.0429869122185295,1.24938539551573e-13,0,0,0,0,1,0.673086199299627,0.673086199299627,69.4433825340423,43.5575692666009,-2.61517440238475
41.23,0.207066095967803,0.10888168531836,0.57285780493167,0.00023456093933021,0.00791345412579318,0.0241212599983805,82.0113504220954,0.243681770333855,0.0778627143159982,0.00367917032968974,0.0319190372596565,0.72937048341626,-0.0220871739554401,-10.2070538367842,-2.05850974727246e-14,-0.0429869122185295,1.24938539551573e-13,0,0,0,0,1,0.673086199299627,0.673086199299627,69.4290949988215,43.5730675647884,-2.61727887217484
41.24,0.207096025569967,0.108909481708032,0.573111649748325,0.000233763381189941,0.0079035336210865,0.02412573203518,82.0075523787375,0.243670558687204,0.0778635542919457,0.00368065652376451,0.0319460740856315,0.729437579431689,-0.0220957954826797,-10.2061328321532,-2.05850974727246e-14,-0.0429869122185295,1.24938539551573e-13,0,0,0,0,1,0.673086199299627,0.673086199299627,69.4148020754509,43.5885625032687,-2.61937375645152
41.25,0.207125956935983,0.108937164238391,0.573365519677958,0.000232967752423269,0.00789360818876104,0.0241302055496897,82.0037529906671,0.243659343096944,0.0778643945394354,0.00368214187124857,0.0319729969816294,0.729504693395478,-0.0221044056073861,-10.2052115219564,-2.05850974727246e-14,-0.0429869122185295,1.24938539551573e-13,0,0,0,0,1,0.673086199299627,0.673086199299627,69.4005037752641,43.6040540859356,-2.62145905264616
41.26,0.207155890057206,0.108964732856461,0.573619414715546,0.000232174051038473,0.00788367785937288,0.0241346805391653,81.9999522694552,0.243648123597173,0.0778652350556823,0.00368362637233091,0.0319998058973483,0.729571825092873,-0.0221130043398502,-10.2042899090373,-2.05850974727246e-14,-0.0429869122185295,1.24938539551573e-13,0,0,0,0,1,0.673086199299627,0.673086199299627,69.3862001095863,43.6195423166932,-2.62353475821848
41.27,0.207185824924955,0.108992187509569,0.57387333485609,0.000231382275056398,0.00787374266348887,0.0241391570008505,81.9961502266735,0.243636900221994,0.0778660758378999,0.00368511002718913,0.0320265007827961,0.729638974309157,-0.022121591690286,-10.2033679962389,-2.05850974727246e-14,-0.0429869122185295,1.24938539551573e-13,0,0,0,0,1,0.673086199299627,0.673086199299627,69.3718910897341,43.6350271994563,-2.62560087065646
41.28,0.207215761530511,0.109019528145353,0.574127280094616,0.000230592422510397,0.00786380263168657,0.0241436349319776,81.9923468738945,0.243625673005511,0.0778669168832998,0.00368659283598946,0.0320530815882909,0.729706140829656,-0.0221301676688316,-10.2024457864041,-2.05850974727246e-14,-0.0429869122185295,1.24938539551573e-13,0,0,0,0,1,0.673086199299627,0.673086199299627,69.3575767270152,43.6505087381497,-2.6276573874764
41.29,0.207245699865113,0.109046754711756,0.574381250426178,0.000229804491446269,0.00785385779455419,0.024148114329767,81.9885422226916,0.243614441981832,0.0778677581890921,0.00368807479888681,0.032079548264461,0.729773324439737,-0.0221387322855498,-10.2015232823752,-2.05850974727246e-14,-0.0429869122185295,1.24938539551573e-13,0,0,0,0,1,0.673086199299627,0.673086199299627,69.3432570327289,43.6659869367087,-2.62970430622287
41.3,0.207275639919965,0.109073867157029,0.574635245845855,0.0002290184799222,0.00784390818269052,0.0241525951914276,81.9847362846389,0.243603207185067,0.0778685997524852,0.00368955591602483,0.0321059007622455,0.729840524924806,-0.0221472855504293,-10.2006004869943,-2.05850974727246e-14,-0.0429869122185295,1.24938539551573e-13,0,0,0,0,1,0.673086199299627,0.673086199299627,69.3289320181654,43.6814617990793,-2.63174162446874
41.31,0.207305581686231,0.109100865429728,0.574889266348751,0.000228234386008703,0.00783395382670486,0.0241570775141565,81.980929071311,0.243591968649326,0.077869441570686,0.00369103618753596,0.0321321390328935,0.729907742070313,-0.0221558274733827,-10.199677403103,-2.05850974727246e-14,-0.0429869122185295,1.24938539551573e-13,0,0,0,0,1,0.673086199299627,0.673086199299627,69.3146016946063,43.6969333292172,-2.63376933981511
41.32,0.207335525155037,0.109127749478719,0.575143311929996,0.000227452207788559,0.00782399475721696,0.0241615612951394,81.9771205942835,0.243580726408723,0.0778702836408996,0.00369251561354143,0.0321582630279652,0.729974975661748,-0.0221643580642492,-10.1987540335427,-2.05850974727246e-14,-0.0429869122185295,1.24938539551573e-13,0,0,0,0,1,0.673086199299627,0.673086199299627,69.3002660733245,43.7124015310888,-2.63578744989135
41.33,0.207365470317471,0.109154519253174,0.575397382584745,0.000226671943356755,0.00781403100485697,0.0241660465315502,81.9733108651325,0.243569480497374,0.0778711259603296,0.00369399419415137,0.0321842726993313,0.730042225484644,-0.0221728773327937,-10.197830381154,-2.05850974727246e-14,-0.0429869122185295,1.24938539551573e-13,0,0,0,0,1,0.673086199299627,0.673086199299627,69.2859251655835,43.7278664086706,-2.63779595235507
41.34,0.207395417164584,0.109181174702574,0.57565147830818,0.000225893590820427,0.00780406260026532,0.0241705332205515,81.9694998954347,0.243558230949396,0.0778719685261778,0.0036954719294648,0.0322101679991737,0.73010949132458,-0.0221813852887073,-10.1969064487776,-2.05850974727246e-14,-0.0429869122185295,1.24938539551573e-13,0,0,0,0,1,0.673086199299627,0.673086199299627,69.2715789826385,43.7433279659495,-2.63979484489212
41.35,0.207425365687388,0.109207715776706,0.575905599095507,0.000225117148298801,0.00779408957409275,0.0241750213592943,81.9656876967675,0.243546977798909,0.0778728113356446,0.0036969488195697,0.0322359488799852,0.730176772967176,-0.0221898819416085,-10.1959822392533,-2.05850974727246e-14,-0.0429869122185295,1.24938539551573e-13,0,0,0,0,1,0.673086199299627,0.673086199299627,69.2572275357355,43.7587862069224,-2.64178412521659
41.36,0.20745531587686,0.109234142425666,0.576159744941959,0.000224342613923133,0.00778411195700014,0.0241795109449181,81.9618742807088,0.243535721080032,0.0778736543859286,0.00369842486454304,0.0322616152945697,0.730244070198098,-0.0221983673010422,-10.1950577554208,-2.05850974727246e-14,-0.0429869122185295,1.24938539551573e-13,0,0,0,0,1,0.673086199299627,0.673086199299627,69.2428708361112,43.7742411355965,-2.64376379107075
41.37,0.207485267723938,0.109260454599858,0.576413915842794,0.00022356998583665,0.00777412977965851,0.0241840019745508,81.958059658837,0.243524460826889,0.0778744976742268,0.00369990006445086,0.0322871671960425,0.730311382803055,-0.0222068413764813,-10.1941330001193,-2.05850974727246e-14,-0.0429869122185295,1.24938539551573e-13,0,0,0,0,1,0.673086199299627,0.673086199299627,69.2285088949938,43.7896927559891,-2.64573384022509
41.38,0.207515221219524,0.109286652249994,0.576668111793295,0.000222799262194493,0.00776414307274894,0.0241884944453093,81.9542438427311,0.243513197073604,0.0778753411977346,0.00370137441934825,0.0323126045378302,0.730378710567806,-0.0222153041773261,-10.1932079761874,-2.05850974727246e-14,-0.0429869122185295,1.24938539551573e-13,0,0,0,0,1,0.673086199299627,0.673086199299627,69.2141417236022,43.8051410721277,-2.64769427047831
41.39,0.207545176354483,0.109312735327094,0.57692233278877,0.000222030441163659,0.00775415186696251,0.0241929883542986,81.9504268439705,0.243501929854302,0.0778761849536459,0.00370284792927945,0.032337927273671,0.730446053278149,-0.0222237557129054,-10.1922826864635,-2.05850974727246e-14,-0.0429869122185295,1.24938539551573e-13,0,0,0,0,1,0.673086199299627,0.673086199299627,69.199769333146,43.8205860880498,-2.64964507965727
41.4,0.207575133119644,0.109338703782486,0.577176578824553,0.000221263520922941,0.00774415619300021,0.0241974836986127,81.9466086741351,0.24349065920311,0.0778770289391529,0.00370432059427788,0.0323631353576147,0.730513410719935,-0.022232195992476,-10.1913571337853,-2.05850974727246e-14,-0.0429869122185295,1.24938539551573e-13,0,0,0,0,1,0.673086199299627,0.673086199299627,69.185391734826,43.8360278078031,-2.65158626561702
41.41,0.207605091505798,0.109364557567809,0.577430849896005,0.00022049849966287,0.00773415608157288,0.0242019804753341,81.9427893448052,0.243479385154156,0.0778778731514461,0.00370579241436616,0.0323882287440229,0.730580782679061,-0.0222406250252247,-10.1904313209903,-2.05850974727246e-14,-0.0429869122185295,1.24938539551573e-13,0,0,0,0,1,0.673086199299627,0.673086199299627,69.1710089398337,43.8514662354452,-2.65351782624076
41.42,0.207635051503702,0.109390296635007,0.577685145998508,0.000219735375585662,0.00772415156340119,0.024206478681534,81.9389688675614,0.24346810774157,0.0778787175877145,0.00370726338955619,0.0324132073875691,0.730648168941469,-0.0222490428202665,-10.1895052509153,-2.05850974727246e-14,-0.0429869122185295,1.24938539551573e-13,0,0,0,0,1,0.673086199299627,0.673086199299627,69.1566209593511,43.8669013750438,-2.65543975943985
41.43,0.207665013104076,0.109415920936335,0.577939467127474,0.000218974146905155,0.00771414266921551,0.0242109783142722,81.935147253985,0.243456826999482,0.0778795622451454,0.00370873351984916,0.0324380712432388,0.73071556929315,-0.0222574493866461,-10.1885789263967,-2.05850974727246e-14,-0.0429869122185295,1.24938539551573e-13,0,0,0,0,1,0.673086199299627,0.673086199299627,69.1422278045515,43.8823332306768,-2.6573520631538
41.44,0.207694976297604,0.109441430424357,0.578193813278338,0.000218214811846754,0.00770412942975587,0.0242154793705976,81.9313245156571,0.243445542962023,0.0778804071209248,0.0037102028052356,0.0324628202663294,0.730782983520145,-0.0222658447333386,-10.1876523502703,-2.05850974727246e-14,-0.0429869122185295,1.24938539551573e-13,0,0,0,0,1,0.673086199299627,0.673086199299627,69.1278294865984,43.8977618064316,-2.65925473535022
41.45,0.207724941074935,0.109466825051946,0.578448184446559,0.000217457368647374,0.00769411187577191,0.0242199818475475,81.9275006641595,0.243434255663326,0.0778812522122366,0.00371167124569546,0.0324874544124509,0.730850411408546,-0.0222742288692491,-10.1867255253717,-2.05850974727246e-14,-0.0429869122185295,1.24938539551573e-13,0,0,0,0,1,0.673086199299627,0.673086199299627,69.1134260166463,43.913187106406,-2.66114777402488
41.46,0.207754907426682,0.109492104772283,0.578702580627623,0.000216701815555384,0.0076840900380228,0.0242244857421482,81.9236757110742,0.243422965137523,0.0778820975162636,0.00371313884119808,0.0325119736375252,0.730917852744489,-0.022282601803213,-10.1857984545356,-2.05850974727246e-14,-0.0429869122185295,1.24938539551573e-13,0,0,0,0,1,0.673086199299627,0.673086199299627,69.0990174058401,43.9286091347075,-2.66303117720164
41.47,0.207784875343424,0.109517269538858,0.578957001817041,0.000215948150830549,0.00767406394727716,0.0242289910514147,81.9198496679833,0.243411671418749,0.0778829430301866,0.00371460559170232,0.0325363778977871,0.730985307314165,-0.0222909635439977,-10.1848711405966,-2.05850974727246e-14,-0.0429869122185295,1.24938539551573e-13,0,0,0,0,1,0.673086199299627,0.673086199299627,69.0846036653154,43.9440278954536,-2.66490494293244
41.48,0.207814844815704,0.109542319305474,0.579211448010348,0.000215196372743976,0.00766403363431303,0.024233497772351,81.9160225464692,0.243400374541139,0.0778837887511851,0.00371607149715652,0.0325606671497838,0.731052774903816,-0.0222993141003004,-10.1839435863884,-2.05850974727246e-14,-0.0429869122185295,1.24938539551573e-13,0,0,0,0,1,0.673086199299627,0.673086199299627,69.0701848061985,43.9594433927715,-2.66676906929734
41.49,0.207844815834029,0.109567254026238,0.579465919203106,0.000214446479578052,0.00765399912991776,0.0242380059019499,81.9121943581146,0.243389074538827,0.0778846346764369,0.00371753655749861,0.0325848413503749,0.731120255299735,-0.0223076534807511,-10.1830157947444,-2.05850974727246e-14,-0.0429869122185295,1.24938539551573e-13,0,0,0,0,1,0.673086199299627,0.673086199299627,69.0557608396059,43.9748556307984,-2.66862355440446
41.5,0.207874788388875,0.109592073655572,0.5797204153909,0.000213698469626396,0.00764396046488798,0.0242425154371931,81.9083651145021,0.24337777144595,0.0778854808031183,0.00371900077265609,0.0326089004567333,0.731187748288264,-0.0223159816939118,-10.1820877684974,-2.05850974727246e-14,-0.0429869122185295,1.24938539551573e-13,0,0,0,0,1,0.673086199299627,0.673086199299627,69.041331776645,43.9902646136813,-2.67046839638998
41.51,0.207904762470679,0.109616778148204,0.579974936569341,0.000212952341193796,0.00763391767002951,0.0242470263750512,81.9045348272146,0.243366465296642,0.0778863271284038,0.00372046414254614,0.0326328444263444,0.731255253655801,-0.0223242987482758,-10.1811595104797,-2.05850974727246e-14,-0.0429869122185295,1.24938539551573e-13,0,0,0,0,1,0.673086199299627,0.673086199299627,69.0268976284132,44.0056703455769,-2.67230359341814
41.52,0.207934738069848,0.109641367459173,0.580229482734064,0.00021220809259616,0.00762387077615732,0.0242515387124839,81.9007035078351,0.243355156125041,0.0778871736494666,0.0037219266670756,0.0326566732170068,0.731322771188797,-0.0223326046522703,-10.1802310235229,-2.05850974727246e-14,-0.0429869122185295,1.24938539551573e-13,0,0,0,0,1,0.673086199299627,0.673086199299627,69.0124584059986,44.0210728306516,-2.67412914368122
41.53,0.207964715176751,0.109665841543829,0.580484053880731,0.000211465722160453,0.00761381981409542,0.0242560524464398,81.8968711679465,0.243343843965283,0.0778880203634781,0.00372338834614105,0.032680386786832,0.731390300673752,-0.0223408994142548,-10.1793023104583,-2.05850974727246e-14,-0.0429869122185295,1.24938539551573e-13,0,0,0,0,1,0.673086199299627,0.673086199299627,68.9980141204797,44.0364720730818,-2.67594504539953
41.54,0.207994693781727,0.10969020035783,0.580738650005026,0.000210725228224649,0.00760376481467684,0.0242605675738565,81.893037819132,0.243332528851505,0.0778888672676083,0.00372484917962884,0.0327039850942452,0.731457841897226,-0.0223491830425221,-10.1783733741163,-2.05850974727246e-14,-0.0429869122185295,1.24938539551573e-13,0,0,0,0,1,0.673086199299627,0.673086199299627,68.9835647829251,44.0518680770535,-2.6777512968214
41.55,0.208024673875079,0.109714443857147,0.580993271102661,0.000209986609137673,0.00759370580874355,0.0242650840916607,81.8892034729745,0.243321210817843,0.0778897143590255,0.00372630916741513,0.0327274680979845,0.73152539464583,-0.0223574555452989,-10.177444217327,-2.05850974727246e-14,-0.0429869122185295,1.24938539551573e-13,0,0,0,0,1,0.673086199299627,0.673086199299627,68.969110404394,44.0672608467621,-2.67954789622316
41.56,0.208054655447076,0.109738571998059,0.581247917169371,0.000209249863259342,0.00758364282714637,0.0242696019967681,81.8853681410571,0.243309889898435,0.0778905616348966,0.00372776830936592,0.0327508357571016,0.731592958706231,-0.0223657169307462,-10.1765148429198,-2.05850974727246e-14,-0.0429869122185295,1.24938539551573e-13,0,0,0,0,1,0.673086199299627,0.673086199299627,68.9546509959356,44.0826503864131,-2.68133484190916
41.57,0.208084638487956,0.109762584737157,0.581502588200916,0.000208514988960319,0.00757357590074494,0.0242741212860837,81.8815318349628,0.243298566127417,0.0778914090923867,0.00372922660533714,0.0327740880309618,0.731660533865153,-0.0223739672069587,-10.1755852537235,-2.05850974727246e-14,-0.0429869122185295,1.24938539551573e-13,0,0,0,0,1,0.673086199299627,0.673086199299627,68.9401865685895,44.0980367002213,-2.6831121322117
41.58,0.208114622987921,0.109786482031341,0.58175728419308,0.000207781984622052,0.00756350506040762,0.0242786419565014,81.8776945662744,0.243287239538925,0.0778922567286596,0.00373068405517462,0.0327972248792439,0.731728119909373,-0.0223822063819662,-10.1746554525664,-2.05850974727246e-14,-0.0429869122185295,1.24938539551573e-13,0,0,0,0,1,0.673086199299627,0.673086199299627,68.9257171333854,44.1134197924113,-2.68487976549107
41.59,0.208144608937142,0.109810263837823,0.582012005141674,0.000207050848636721,0.00755343033701145,0.0242831640049043,81.8738563465746,0.243275910167095,0.0778931045408772,0.00373214065871418,0.0328202462619408,0.731795716625729,-0.0223904344637336,-10.1737254422759,-2.05850974727246e-14,-0.0429869122185295,1.24938539551573e-13,0,0,0,0,1,0.673086199299627,0.673086199299627,68.9112427013432,44.1287996672172,-2.68663774013552
41.6,0.208174596325757,0.109833930114126,0.582266751042531,0.000206321579407185,0.00754335176144205,0.0242876874281649,81.8700171874462,0.243264578046064,0.0778939525262003,0.00373359641578167,0.0328431521393587,0.731863323801114,-0.0223986514601602,-10.1727952256792,-2.05850974727246e-14,-0.0429869122185295,1.24938539551573e-13,0,0,0,0,1,0.673086199299627,0.673086199299627,68.8967632834729,44.1441763288826,-2.68838605456125
41.61,0.20820458514387,0.109857480818082,0.582521521891511,0.000205594175346928,0.00753326936459361,0.0242922122231445,81.8661771004716,0.243253243209966,0.0778948006817878,0.00373505132619297,0.0328659424721185,0.731930941222476,-0.0224068573790824,-10.1718648056026,-2.05850974727246e-14,-0.0429869122185295,1.24938539551573e-13,0,0,0,0,1,0.673086199299627,0.673086199299627,68.8822788907747,44.1595497816606,-2.69012470721238
41.62,0.208234575381555,0.109880915907835,0.582776317684497,0.000204868634880004,0.00752318317736877,0.024296738386694,81.8623360972329,0.243241905692935,0.0778956490047972,0.00373650538975409,0.0328886172211544,0.731998568676827,-0.0224150522282714,-10.1709341848719,-2.05850974727246e-14,-0.0429869122185295,1.24938539551573e-13,0,0,0,0,1,0.673086199299627,0.673086199299627,68.8677895342385,44.1749200298141,-2.69185369656097
41.63,0.208264567028852,0.109904235341842,0.583031138417398,0.000204144956440985,0.00751309323067857,0.0243012659156534,81.8584941893123,0.243230565529107,0.0778964974923844,0.00373795860626117,0.0329111763477155,0.732066205951233,-0.0224232360154354,-10.1700033663121,-2.05850974727246e-14,-0.0429869122185295,1.24938539551573e-13,0,0,0,0,1,0.673086199299627,0.673086199299627,68.8532952248446,44.190287077615,-2.69357302110698
41.64,0.208294560075769,0.109927439078869,0.583285984086147,0.000203423138474907,0.00750299955544239,0.024305794806852,81.8546513882914,0.243219222752614,0.0778973461417038,0.00373941097550052,0.0329336198133646,0.732133852832823,-0.0224314087482187,-10.1690723527476,-2.05850974727246e-14,-0.0429869122185295,1.24938539551573e-13,0,0,0,0,1,0.673086199299627,0.673086199299627,68.8387959735632,44.205650929345,-2.69528267937829
41.65,0.208324554512283,0.109950527077994,0.5835408546867,0.000202703179437218,0.00749290218258787,0.0243103250571086,81.8508077057517,0.243207877397589,0.0778981949499083,0.00374086249724869,0.0329559475799793,0.732201509108781,-0.022439570434203,-10.1681411470023,-2.05850974727246e-14,-0.0429869122185295,1.24938539551573e-13,0,0,0,0,1,0.673086199299627,0.673086199299627,68.8242917913542,44.2210115892951,-2.69698266993063
41.66,0.208354550328338,0.109973499298606,0.583795750215041,0.000201985077793721,0.00748280114305087,0.024314856663231,81.8469631532744,0.243196529498164,0.077899043914149,0.00374231317127247,0.0329781596097514,0.732269174566358,-0.0224477210809073,-10.1672097518994,-2.05850974727246e-14,-0.0429869122185295,1.24938539551573e-13,0,0,0,0,1,0.673086199299627,0.673086199299627,68.8097826891678,44.2363690617657,-2.69867299134765
41.67,0.208384547513848,0.109996355700407,0.584050670667174,0.000201268832020527,0.00747269646777538,0.0243193896220167,81.8431177424402,0.243185179088468,0.0778998930315759,0.00374376299732898,0.0330002558651874,0.73233684899286,-0.0224558606957875,-10.1662781702612,-2.05850974727246e-14,-0.0429869122185295,1.24938539551573e-13,0,0,0,0,1,0.673086199299627,0.673086199299627,68.7952686779436,44.2517233510664,-2.70035364224081
41.68,0.208414546058695,0.110019096243408,0.584305616039133,0.000200554440603999,0.00746258818771344,0.0243239239302524,81.8392714848294,0.243173826202631,0.0779007422993372,0.00374521197516565,0.0330222363091085,0.732404532175657,-0.0224639892862382,-10.1653464049096,-2.05850974727246e-14,-0.0429869122185295,1.24938539551573e-13,0,0,0,0,1,0.673086199299627,0.673086199299627,68.7807497686113,44.2670744615166,-2.70202462124946
41.69,0.20844454595273,0.110041720887935,0.584560586326971,0.000199841902040699,0.00745247633382512,0.0243284595847143,81.8354243920222,0.243162470874782,0.0779015917145796,0.00374666010452031,0.0330441009046505,0.732472223902182,-0.0224721068595922,-10.1644144586656,-2.05850974727246e-14,-0.0429869122185295,1.24938539551573e-13,0,0,0,0,1,0.673086199299627,0.673086199299627,68.7662259720905,44.2824223974444,-2.70368592704077
41.7,0.208474547185771,0.110064229594624,0.584815581526768,0.000199131214837337,0.0074423609370784,0.024332996582168,81.831576475598,0.243151113139048,0.0779024412744483,0.00374810738512121,0.0330658496152644,0.732539923959928,-0.0224802134231199,-10.1634823343497,-2.05850974727246e-14,-0.0429869122185295,1.24938539551573e-13,0,0,0,0,1,0.673086199299627,0.673086199299627,68.7516972992904,44.2977671631877,-2.70533755830974
41.71,0.20850454974761,0.110086622324423,0.585070601634629,0.000198422377510721,0.00743224202844915,0.0243375349193686,81.8277277471359,0.243139753029554,0.077903290976087,0.00374955381668707,0.0330874824047157,0.732607632136452,-0.0224883089840314,-10.1625500347815,-2.05850974727246e-14,-0.0429869122185295,1.24938539551573e-13,0,0,0,0,1,0.673086199299627,0.673086199299627,68.7371637611098,44.3131087630933,-2.70697951377916
41.72,0.208534553628003,0.110108899038592,0.585325646646683,0.0001977153885877,0.00742211963892102,0.0243420745930608,81.8238782182144,0.243128390580425,0.0779041408166379,0.00375099939892709,0.0331089992370855,0.732675348219376,-0.0224963935494765,-10.1616175627801,-2.05850974727246e-14,-0.0429869122185295,1.24938539551573e-13,0,0,0,0,1,0.673086199299627,0.673086199299627,68.7226253684375,44.3284472015175,-2.70861179219965
41.73,0.208564558816679,0.110131059698705,0.585580716559082,0.000197010246605118,0.00741199379948541,0.0243466155999787,81.8200279004116,0.243117025825783,0.0779049907932416,0.00375244413154103,0.0331304000767695,0.732743071996383,-0.0225044671265427,-10.1606849211636,-2.05850974727246e-14,-0.0429869122185295,1.24938539551573e-13,0,0,0,0,1,0.673086199299627,0.673086199299627,68.7080821321518,44.3437824828256,-2.71023439234958
41.74,0.208594565303335,0.110153104266645,0.585835811368003,0.000196306950109758,0.00740186454114137,0.0243511579368459,81.816176805305,0.24310565879975,0.0779058409030374,0.00375388801421921,0.0331516848884792,0.732810803255223,-0.0225125297222592,-10.1597521127497,-2.05850974727246e-14,-0.0429869122185295,1.24938539551573e-13,0,0,0,0,1,0.673086199299627,0.673086199299627,68.6935340631205,44.3591146113922,-2.71184731303512
41.75,0.208624573077639,0.110175032704611,0.586090931069647,0.000195605497658293,0.00739173189489557,0.0243557016003759,81.8123249444715,0.243094289536445,0.0779066911431628,0.00375533104664259,0.033172853637241,0.732878541783711,-0.0225205813435943,-10.1588191403552,-2.05850974727246e-14,-0.0429869122185295,1.24938539551573e-13,0,0,0,0,1,0.673086199299627,0.673086199299627,68.6789811722011,44.374443591601,-2.71345055309019
41.76,0.208654582129229,0.110196844975111,0.586346075660242,0.000194905887817234,0.0073815958917622,0.0243602465872715,81.8084723294874,0.243082918069985,0.077907541510754,0.00375677322848277,0.0331939062883969,0.732946287369724,-0.0225286219974569,-10.157886006796,-2.05850974727246e-14,-0.0429869122185295,1.24938539551573e-13,0,0,0,0,1,0.673086199299627,0.673086199299627,68.6644234702408,44.3897694278448,-2.71504411137644
41.77,0.208684592447712,0.110218541040969,0.586601245136036,0.000194208119162881,0.00737145656276292,0.0243647928942251,81.8046189719282,0.243071544434487,0.0779083920029456,0.00375821455940207,0.0332148428076045,0.733014039801211,-0.0225366516906968,-10.1569527148876,-2.05850974727246e-14,-0.0429869122185295,1.24938539551573e-13,0,0,0,0,1,0.673086199299627,0.673086199299627,68.6498609680761,44.4050921245255,-2.71662798678327
41.78,0.208714604022667,0.11024012086532,0.586856439493303,0.000193512190281268,0.00736131393892678,0.0243693405179191,81.8007648833689,0.243060168664064,0.0779092426168709,0.00375965503905351,0.0332356631608369,0.733081798866184,-0.0225446704301041,-10.1560192674446,-2.05850974727246e-14,-0.0429869122185295,1.24938539551573e-13,0,0,0,0,1,0.673086199299627,0.673086199299627,68.635293676533,44.4204116860542,-2.71820217822778
41.79,0.208744616843642,0.11026158441161,0.587111658728342,0.000192818099768117,0.00735116805129016,0.0243738894550253,81.7969100753837,0.243048790792829,0.0779100933496616,0.00376109466708093,0.033256367314383,0.73314956435272,-0.0225526782224115,-10.1550856672806,-2.05850974727246e-14,-0.0429869122185295,1.24938539551573e-13,0,0,0,0,1,0.673086199299627,0.673086199299627,68.6207216064269,44.435728116851,-2.7197666846548
41.8,0.208774630900158,0.110282931643602,0.587366902837475,0.000192125846228785,0.00734101893089673,0.0243784397022052,81.7930545595461,0.24303741085489,0.0779109441984477,0.00376253344311894,0.0332769552348473,0.733217336048969,-0.0225606750742925,-10.1541519172088,-2.05850974727246e-14,-0.0429869122185295,1.24938539551573e-13,0,0,0,0,1,0.673086199299627,0.673086199299627,68.6061447685629,44.4510414213448,-2.72132150503683
41.81,0.208804646181705,0.110304162525368,0.587622171817049,0.000191435428278212,0.00733086660879732,0.0243829912561103,81.789198347429,0.243026028884355,0.077911795160358,0.00376397136679303,0.0332974268891506,0.733285113743144,-0.0225686609923625,-10.1532180200413,-2.05850974727246e-14,-0.0429869122185295,1.24938539551573e-13,0,0,0,0,1,0.673086199299627,0.673086199299627,68.5915631737351,44.4663516039737,-2.72286663837405
41.82,0.208834662677745,0.110325277021296,0.587877465663434,0.000190746844540876,0.0073207111160499,0.0243875441133816,81.7853414506041,0.243014644915329,0.0779126462325197,0.00376540843771958,0.0333177822445292,0.733352897223532,-0.0225766359831796,-10.1522839785897,-2.05850974727246e-14,-0.0429869122185295,1.24938539551573e-13,0,0,0,0,1,0.673086199299627,0.673086199299627,68.5769768327272,44.4816586691847,-2.72440208369432
41.83,0.20886468037771,0.110346275096085,0.588132784373025,0.000190060093650739,0.00731055248371952,0.02439209827065,81.7814838806426,0.243003258981916,0.0779134974120586,0.00376684465550588,0.0333380212685357,0.733420686278485,-0.0225846000532441,-10.1513497956646,-2.05850974727246e-14,-0.0429869122185295,1.24938539551573e-13,0,0,0,0,1,0.673086199299627,0.673086199299627,68.5623857563121,44.4969626214338,-2.72592784005312
41.84,0.208894699271005,0.110367156714749,0.58838812794224,0.000189375174251199,0.00730039074287821,0.0243966537245362,81.7776256491147,0.242991871118215,0.077914348696099,0.00376828001975021,0.0333581439290388,0.733488480696424,-0.0225925532089997,-10.1504154740758,-2.05850974727246e-14,-0.0429869122185295,1.24938539551573e-13,0,0,0,0,1,0.673086199299627,0.673086199299627,68.5477899552519,44.5122634651859,-2.72744390653359
41.85,0.208924719347007,0.110387921842614,0.588643496367523,0.000188692084995038,0.00729022592460491,0.0244012104716508,81.7737667675899,0.242980481358324,0.0779152000817636,0.00376971453004183,0.0333781501942235,0.733556280265843,-0.0226004954568325,-10.1494810166325,-2.05850974727246e-14,-0.0429869122185295,1.24938539551573e-13,0,0,0,0,1,0.673086199299627,0.673086199299627,68.5331894402981,44.5275612049147,-2.7289502822465
41.86,0.208954740595063,0.11040857044532,0.58889888964534,0.000188010824544376,0.00728005805998544,0.0244057685085943,81.7699072476365,0.242969089736338,0.0779160515661739,0.00377114818596106,0.033398040032591,0.733624084775305,-0.0226084268030725,-10.1485464261428,-2.05850974727246e-14,-0.0429869122185295,1.24938539551573e-13,0,0,0,0,1,0.673086199299627,0.673086199299627,68.5185842221914,44.5428558451027,-2.7304469663302
41.87,0.208984763004493,0.110429102488821,0.589154307772181,0.00018733139157062,0.00726988718011241,0.0244103278319568,81.7660471008221,0.242957696286349,0.0779169031464496,0.00377258098707931,0.033417813412959,0.733691894013447,-0.0226163472539934,-10.1476117054143,-2.05850974727246e-14,-0.0429869122185295,1.24938539551573e-13,0,0,0,0,1,0.673086199299627,0.673086199299627,68.5039743116614,44.5581473902415,-2.73193395795065
41.88,0.209014786564589,0.110449517939384,0.589409750744562,0.000186653784754415,0.00725971331608514,0.0244148884383187,81.7621863387132,0.242946301042447,0.0779177548197093,0.00377401293295909,0.0334374703044616,0.733759707768973,-0.022624256815813,-10.1466768572533,-2.05850974727246e-14,-0.0429869122185295,1.24938539551573e-13,0,0,0,0,1,0.673086199299627,0.673086199299627,68.4893597194272,44.5734358448313,-2.7334112563014
41.89,0.209044811264616,0.110469816763591,0.58966521855902,0.000185978002785594,0.00724953649900962,0.0244194503242502,81.7583249728753,0.242934904038719,0.0779186065830699,0.00377544402315408,0.0334570106765494,0.733827525830664,-0.0226321554946931,-10.1457418844657,-2.05850974727246e-14,-0.0429869122185295,1.24938539551573e-13,0,0,0,0,1,0.673086199299627,0.673086199299627,68.4747404561967,44.588721213381,-2.73487886060353
41.9,0.20907483709381,0.110489998928335,0.589920711212117,0.000185304044363132,0.00723935675999842,0.0244240134863113,81.7544630148729,0.242923505309248,0.0779194584336469,0.00377687425720914,0.0334764344989899,0.73389534798737,-0.022640043296741,-10.1448067898564,-2.05850974727246e-14,-0.0429869122185295,1.24938539551573e-13,0,0,0,0,1,0.673086199299627,0.673086199299627,68.460116532667,44.6040035004084,-2.73633677010572
41.91,0.209104864041381,0.110510064400826,0.590176228700441,0.000184631908195094,0.00722917413017063,0.0244285779210524,81.7506004762695,0.242912104888114,0.0779203103685545,0.00377830363466037,0.033495741741867,0.733963174028015,-0.0226479202280083,-10.1438715762293,-2.05850974727246e-14,-0.0429869122185295,1.24938539551573e-13,0,0,0,0,1,0.673086199299627,0.673086199299627,68.4454879595243,44.61928271044,-2.73778498408414
41.92,0.20913489209651,0.110530013148587,0.590431771020601,0.000183961592998591,0.00721898864065179,0.0244331436250135,81.7467373686273,0.242900702809395,0.0779211623849052,0.00377973215503515,0.0335149323755817,0.7340310037416,-0.0226557862944912,-10.1429362463878,-2.05850974727246e-14,-0.0429869122185295,1.24938539551573e-13,0,0,0,0,1,0.673086199299627,0.673086199299627,68.4308547474436,44.634558848011,-2.73922350184252
41.93,0.209164921248354,0.110549845139454,0.590687338169231,0.000183293097499726,0.00720880032257383,0.0244377105947249,81.7428737035076,0.242889299107166,0.0779220144798103,0.00378115981785216,0.0335340063708518,0.734098836917195,-0.0226636415021327,-10.1420008031339,-2.05850974727246e-14,-0.0429869122185295,1.24938539551573e-13,0,0,0,0,1,0.673086199299627,0.673086199299627,68.416216907089,44.6498319176651,-2.74065232271209
41.94,0.209194951486041,0.110569560341577,0.590942930142988,0.000182626420433552,0.007198609207075,0.0244422788267069,81.7390094924704,0.242877893815495,0.0779228666503795,0.0037825866226214,0.0335529636987118,0.73416667334395,-0.0226714858568212,-10.1410652492693,-2.05850974727246e-14,-0.0429869122185295,1.24938539551573e-13,0,0,0,0,1,0.673086199299627,0.673086199299627,68.4015744491136,44.6651019239549,-2.74207144605154
41.95,0.209224982798671,0.110589158723424,0.591198546938554,0.00018196156054402,0.00718841532529977,0.0244468483174699,81.7351447470746,0.242866486968451,0.0779237188937213,0.00378401256884429,0.0335718043305137,0.734234512811087,-0.0226793193643905,-10.1401295875943,-2.05850974727246e-14,-0.0429869122185295,1.24938539551573e-13,0,0,0,0,1,0.673086199299627,0.673086199299627,68.3869273841592,44.6803688714416,-2.74348087124708
41.96,0.209255015175322,0.110608640253772,0.591454188552633,0.000181298516583932,0.00717821870839883,0.0244514190635145,81.731279478878,0.242855078600098,0.0779245712069425,0.00378543765601365,0.0335905282379262,0.734302355107904,-0.0226871420306219,-10.1391938209087,-2.05850974727246e-14,-0.0429869122185295,1.24938539551573e-13,0,0,0,0,1,0.673086199299627,0.673086199299627,68.3722757228565,44.6956327646946,-2.74488059771237
41.97,0.20928504860504,0.110628004901716,0.591709854981955,0.000180637287314894,0.00716801938752895,0.0244559910613313,81.7274136994368,0.242843668744496,0.0779254235871486,0.00378686188361374,0.0336091353929356,0.734370200023774,-0.0226949538612422,-10.1382579520111,-2.05850974727246e-14,-0.0429869122185295,1.24938539551573e-13,0,0,0,0,1,0.673086199299627,0.673086199299627,68.3576194758253,44.7108936082923,-2.74627062488853
41.98,0.20931508307685,0.110647252636664,0.591965546223272,0.000179977871507268,0.00715781739385296,0.0244605643074012,81.7235474203063,0.242832257435701,0.0779262760314437,0.00378828525112033,0.033627625767845,0.734438047348152,-0.0227027548619262,-10.1373219836994,-2.05850974727246e-14,-0.0429869122185295,1.24938539551573e-13,0,0,0,0,1,0.673086199299627,0.673086199299627,68.3429586536738,44.7261514068215,-2.74765095224408
41.99,0.209345118579748,0.110666383428341,0.592221262273361,0.000179320267940127,0.00714761275853966,0.0244651387981952,81.7196806530403,0.242820844707765,0.0779271285369305,0.00378970775800072,0.0336459993352752,0.734505896870564,-0.0227105450382955,-10.1363859187705,-2.05850974727246e-14,-0.0429869122185295,1.24938539551573e-13,0,0,0,0,1,0.673086199299627,0.673086199299627,68.3282932669992,44.7414061648774,-2.749021579275
42,0.209375155102703,0.110685397246782,0.59247700312902,0.000178664475401203,0.00713740551276376,0.0244697145301747,81.7158134091914,0.242809430594738,0.0779279811007103,0.00379112940371376,0.0336642560681644,0.734573748380618,-0.0227183243959193,-10.1354497600204,-2.05850974727246e-14,-0.0429869122185295,1.24938539551573e-13,0,0,0,0,1,0.673086199299627,0.673086199299627,68.3136233263873,44.7566578870638,-2.75038250550464
42.01,0.209405192634663,0.110704294062342,0.592732768787073,0.000178010492686847,0.0071271956877058,0.0244742914997912,81.7119457003107,0.242798015130664,0.0779288337198829,0.00379255018770992,0.0336823959397679,0.734641601667998,-0.0227260929403143,-10.1345135102442,-2.05850974727246e-14,-0.0429869122185295,1.24938539551573e-13,0,0,0,0,1,0.673086199299627,0.673086199299627,68.2989488424128,44.7719065779929,-2.75173373048377
42.02,0.209435231164545,0.110723073845688,0.592988559244368,0.000177358318601974,0.0071169833145521,0.0244788697034865,81.708077537948,0.242786598349585,0.0779296863915467,0.0037939701094313,0.0337004189236592,0.734709456522469,-0.0227338506769458,-10.1335771722359,-2.05850974727246e-14,-0.0429869122185295,1.24938539551573e-13,0,0,0,0,1,0.673086199299627,0.673086199299627,68.2842698256388,44.7871522422853,-2.75307525379052
42.03,0.209465270681244,0.110741736567801,0.593244374497774,0.000176707951960025,0.00710676842449467,0.0244834491376927,81.7042089336516,0.242775180285536,0.077930539112799,0.00379538916831165,0.033718324993729,0.734777312733874,-0.0227415976112272,-10.1326407487887,-2.05850974727246e-14,-0.0429869122185295,1.24938539551573e-13,0,0,0,0,1,0.673086199299627,0.673086199299627,68.2695862866172,44.80239488457,-2.75440707503037
42.04,0.20949531117363,0.110760282199979,0.593500214544186,0.000176059391582912,0.00709655104873117,0.0244880297988324,81.7003398989685,0.24276376097255,0.0779313918807353,0.00379680736377647,0.0337361141241856,0.734845170092135,-0.0227493337485208,-10.1317042426948,-2.05850974727246e-14,-0.0429869122185295,1.24938539551573e-13,0,0,0,0,1,0.673086199299627,0.673086199299627,68.2548982358885,44.8176345094844,-2.75572919383616
42.05,0.209525352630546,0.110778710713835,0.593756079380521,0.000175412636300979,0.0070863312184648,0.0244926116833182,81.6964704454441,0.242752340444655,0.0779322446924499,0.00379822469524299,0.0337537862895555,0.734913028387254,-0.0227570590941374,-10.1307676567456,-2.05850974727246e-14,-0.0429869122185295,1.24938539551573e-13,0,0,0,0,1,0.673086199299627,0.673086199299627,68.2402056839816,44.8328711216744,-2.75704160986804
42.06,0.20955539504081,0.110797022081296,0.59401196900372,0.000174767684952952,0.00707610896490428,0.0244971947875535,81.6926005846223,0.242740918735875,0.0779330975450358,0.0037996411621202,0.0337713414646828,0.734980887409316,-0.0227647736533374,-10.1298309937312,-2.05850974727246e-14,-0.0429869122185295,1.24938539551573e-13,0,0,0,0,1,0.673086199299627,0.673086199299627,68.2255086414141,44.8481047257938,-2.7583443228135
42.07,0.209585438393219,0.110815216274605,0.594267883410749,0.000174124536385893,0.00706588431926373,0.0245017791079317,81.6887303280456,0.242729495880229,0.0779339504355844,0.00380105676380895,0.0337887796247294,0.735048746948487,-0.0227724774313305,-10.128894256441,-2.05850974727246e-14,-0.0429869122185295,1.24938539551573e-13,0,0,0,0,1,0.673086199299627,0.673086199299627,68.210807118692,44.8633353265051,-2.7596373323873
42.08,0.20961548267654,0.11083329326632,0.594523822598594,0.000173483189455155,0.00705565731276267,0.0245063646408369,81.6848596872547,0.242718071911733,0.0779348033611861,0.0038024714997019,0.0338061007451754,0.735116606795014,-0.0227801704332764,-10.1279574476633,-2.05850974727246e-14,-0.0429869122185295,1.24938539551573e-13,0,0,0,0,1,0.673086199299627,0.673086199299627,68.1961011263099,44.8785629284788,-2.7609206383315
42.09,0.20964552787952,0.110851253029316,0.594779786564268,0.000172843643024338,0.00704542797662586,0.0245109513826436,81.6809886737888,0.242706646864395,0.0779356563189295,0.00380388536918364,0.0338233048018189,0.735184466739225,-0.0227878526642846,-10.1270205701854,-2.05850974727246e-14,-0.0429869122185295,1.24938539551573e-13,0,0,0,0,1,0.673086199299627,0.673086199299627,68.1813906747505,44.8937875363939,-2.76219424041541
42.1,0.209675573990879,0.110869095536779,0.595035775304804,0.00017220589596524,0.00703519634208331,0.0245155393297167,81.6771172991857,0.242695220772221,0.0779365093059021,0.00380529837163066,0.0338403917707759,0.735252326571531,-0.0227955241294152,-10.1260836267937,-2.05850974727246e-14,-0.0429869122185295,1.24938539551573e-13,0,0,0,0,1,0.673086199299627,0.673086199299627,68.1666757744854,44.9090091549373,-2.7634581384356
42.11,0.209705620999315,0.110886820762217,0.595291788817263,0.000171569947157814,0.00702496244037017,0.0245201284784116,81.6732455749811,0.242683793669211,0.07793736231919,0.00380671050641142,0.033857361628481,0.73532018608243,-0.0228031848336785,-10.1251466202735,-2.05850974727246e-14,-0.0429869122185295,1.24938539551573e-13,0,0,0,0,1,0.673086199299627,0.673086199299627,68.151956435974,44.9242277888042,-2.76471233221588
42.12,0.209735668893501,0.110904428679447,0.595547827098724,0.000170935795490121,0.00701472630272668,0.0245247188250745,81.6693735127095,0.242672365589362,0.0779382153558779,0.00380812177288637,0.0338742143516867,0.735388045062501,-0.0228108347820358,-10.1242095534092,-2.05850974727246e-14,-0.0429869122185295,1.24938539551573e-13,0,0,0,0,1,0.673086199299627,0.673086199299627,68.1372326696646,44.9394434426981,-2.76595682160726
42.13,0.209765717662086,0.110921919262608,0.595803890146293,0.000170303439858289,0.00700448796039809,0.0245293103660417,81.6655011239033,0.242660936566663,0.0779390684130492,0.00380953217040799,0.0338909499174637,0.735455903302406,-0.0228184739794,-10.1232724289839,-2.05850974727246e-14,-0.0429869122185295,1.24938539551573e-13,0,0,0,0,1,0.673086199299627,0.673086199299627,68.1225044859933,44.9546561213304,-2.76719160648798
42.14,0.209795767293696,0.110939292486149,0.596059977957098,0.000169672879166462,0.00699424744463458,0.0245339030976404,81.6616284200934,0.242649506635101,0.0779399214877859,0.00381094169832083,0.0339075683032016,0.735523760592893,-0.0228261024306346,-10.12233524978,-2.05850974727246e-14,-0.0429869122185295,1.24938539551573e-13,0,0,0,0,1,0.673086199299627,0.673086199299627,68.1077718953847,44.9698658294207,-2.76841668676345
42.15,0.209825817776933,0.110956548324838,0.596316090528291,0.00016904411232676,0.00698400478669122,0.0245384970161883,81.6577554128088,0.242638075828654,0.0779407745771687,0.00381235035596155,0.0339240694866079,0.735591616724797,-0.0228337201405557,-10.1213980185787,-2.05850974727246e-14,-0.0429869122185295,1.24938539551573e-13,0,0,0,0,1,0.673086199299627,0.673086199299627,68.0930349082518,44.9850725716968,-2.76963206236623
42.16,0.209855869100377,0.11097368675376,0.596572227857047,0.000168417138259232,0.00697376001782788,0.0245430921179937,81.6538821135768,0.242626644181299,0.0779416276782771,0.00381375814265894,0.0339404534457088,0.735659471489036,-0.0228413271139307,-10.1204607381603,-2.05850974727246e-14,-0.0429869122185295,1.24938539551573e-13,0,0,0,0,1,0.673086199299627,0.673086199299627,68.0782935349955,45.0002763528942,-2.77083773325608
42.17,0.209885921252582,0.110990707748312,0.596828389940563,0.000167791955891814,0.00696351316930917,0.0245476883993557,81.6500085339226,0.242615211727005,0.0779424807881889,0.00381516505773396,0.0339567201588492,0.735727324676617,-0.0228489233554792,-10.1195234113037,-2.05850974727246e-14,-0.0429869122185295,1.24938539551573e-13,0,0,0,0,1,0.673086199299627,0.673086199299627,68.0635477860049,45.0154771777568,-2.77203369941987
42.18,0.209915974222082,0.111007611284211,0.597084576776062,0.000167168564160282,0.00695326427240436,0.0245522858565639,81.64613468537,0.242603778499735,0.077943333903981,0.00381657110049978,0.0339728696046922,0.735795176078631,-0.0228565088698735,-10.1185860407872,-2.05850974727246e-14,-0.0429869122185295,1.24938539551573e-13,0,0,0,0,1,0.673086199299627,0.673086199299627,68.0487976716575,45.0306750510363,-2.77321996087159
42.19,0.209946027997388,0.111024397337488,0.597340788360787,0.000166546962008207,0.00694301335838732,0.0245568844858988,81.6422605794405,0.24259234453345,0.0779441870227287,0.0038179762702618,0.03398890176222,0.73586302548626,-0.0228640836617393,-10.1176486293878,-2.05850974727246e-14,-0.0429869122185295,1.24938539551573e-13,0,0,0,0,1,0.673086199299627,0.673086199299627,68.0340432023186,45.0458699774923,-2.77439651765235
42.2,0.209976082566986,0.11104106588449,0.597597024692007,0.000165927148386917,0.00693276045853643,0.0245614842836313,81.6383862276539,0.242580909862101,0.0779450401415061,0.00381938056631772,0.0340048166107333,0.735930872690769,-0.0228716477356538,-10.1167111798813,-2.05850974727246e-14,-0.0429869122185295,1.24938539551573e-13,0,0,0,0,1,0.673086199299627,0.673086199299627,68.0192843883419,45.0610619618925,-2.77556336983033
42.21,0.210006137919342,0.111057616901882,0.597853285767012,0.000165309122255445,0.00692250560413455,0.0245660852460233,81.634511641528,0.242569474519637,0.0779458932573859,0.00382078398795752,0.0340206141298517,0.735998717483514,-0.0228792010961486,-10.1157736950427,-2.05850974727246e-14,-0.0429869122185295,1.24938539551573e-13,0,0,0,0,1,0.673086199299627,0.673086199299627,68.0045212400688,45.0762510090123,-2.7767205175008
42.22,0.210036194042897,0.111074050366644,0.598109571583116,0.000164692882580492,0.00691224882646892,0.0245706873693275,81.6306368325785,0.242558038539999,0.0779467463674397,0.00382218653446355,0.0340362942995136,0.736066559655942,-0.0228867437477085,-10.1148361776457,-2.05850974727246e-14,-0.0429869122185295,1.24938539551573e-13,0,0,0,0,1,0.673086199299627,0.673086199299627,67.9897537678289,45.0914371236352,-2.77786796078609
42.23,0.210066250926074,0.111090366256071,0.598365882137658,0.00016407842833638,0.00690199015683109,0.0245752906497873,81.6267618123193,0.242546601957122,0.0779475994687376,0.00382358820511053,0.0340518570999762,0.736134398999583,-0.0228942756947723,-10.113898630463,-2.05850974727246e-14,-0.0429869122185295,1.24938539551573e-13,0,0,0,0,1,0.673086199299627,0.673086199299627,67.9749819819398,45.1066203105524,-2.77900569983554
42.24,0.210096308557269,0.111106564547779,0.598622217427996,0.000163465758505008,0.00689172962651687,0.0245798950836369,81.6228865922621,0.242535164804937,0.0779484525583485,0.0038249889991656,0.0340673025118158,0.736202235306064,-0.0229017969417331,-10.1129610562662,-2.05850974727246e-14,-0.0429869122185295,1.24938539551573e-13,0,0,0,0,1,0.673086199299627,0.673086199299627,67.9602058927069,45.1218005745631,-2.78013373482555
42.25,0.210126366924859,0.111122645219695,0.598878577451515,0.000162854872075812,0.00688146726682623,0.0245845006671014,81.6190111839166,0.242523727117366,0.07794930563334,0.00382638891588833,0.0340826305159277,0.736270068367097,-0.0229093074929373,-10.1120234578258,-2.05850974727246e-14,-0.0429869122185295,1.24938539551573e-13,0,0,0,0,1,0.673086199299627,0.673086199299627,67.9454255104237,45.136977920474,-2.7812520659595
42.26,0.210156426017199,0.111138608250065,0.599134962205621,0.000162245768045719,0.00687120310906327,0.0245891073963969,81.6151355987904,0.242512288928329,0.0779501586907783,0.00382778795453079,0.0340978410935261,0.736337897974486,-0.0229168073526867,-10.1110858379112,-2.05850974727246e-14,-0.0429869122185295,1.24938539551573e-13,0,0,0,0,1,0.673086199299627,0.673086199299627,67.9306408453715,45.1521523530998,-2.78236069346776
42.27,0.210186485822623,0.111154453617454,0.599391371687745,0.000161638445419104,0.0068609371845361,0.0245937152677301,81.611259848389,0.242500850271735,0.0779510117277285,0.00382918611433756,0.0341129342261445,0.736405723920127,-0.0229242965252382,-10.1101481992905,-2.05850974727246e-14,-0.0429869122185295,1.24938539551573e-13,0,0,0,0,1,0.673086199299627,0.673086199299627,67.9158519078194,45.1673238772629,-2.7834596176077
42.28,0.210216546329441,0.111170181300739,0.599647805895337,0.000161032903207751,0.00685066952455681,0.0245983242772989,81.6073839442158,0.242489411181491,0.0779518647412543,0.00383058339454577,0.0341279098956355,0.736473545996009,-0.0229317750148031,-10.1092105447309,-2.05850974727246e-14,-0.0429869122185295,1.24938539551573e-13,0,0,0,0,1,0.673086199299627,0.673086199299627,67.9010587080244,45.1824924977935,-2.78454883866362
42.29,0.210246607525945,0.111185791279118,0.599904264825875,0.000160429140430805,0.0068404001604414,0.0246029344212919,81.6035078977717,0.242477971691494,0.0779527177284183,0.00383197979438514,0.0341427680841709,0.736541363994209,-0.0229392428255484,-10.1082728769984,-2.05850974727246e-14,-0.0429869122185295,1.24938539551573e-13,0,0,0,0,1,0.673086199299627,0.673086199299627,67.8862612562313,45.1976582195292,-2.78562835694675
42.3,0.210276669400404,0.111201283532102,0.600160748476857,0.000159827156114731,0.00683012912350967,0.024607545695889,81.5996317205558,0.242466531835638,0.0779535706862817,0.003833375313078,0.0341575087742417,0.736609177706904,-0.0229466999615965,-10.1073351988578,-2.05850974727246e-14,-0.0429869122185295,1.24938539551573e-13,0,0,0,0,1,0.673086199299627,0.673086199299627,67.8714595626725,45.2128210473157,-2.78669817279527
42.31,0.210306731941065,0.111216658039523,0.600417256845804,0.000159226949293275,0.00681985644508519,0.0246121580972608,81.5957554240647,0.242455091647807,0.0779544236119044,0.00383476994983933,0.0341721319486584,0.736676986926353,-0.022954146427026,-10.1063975130727,-2.05850974727246e-14,-0.0429869122185295,1.24938539551573e-13,0,0,0,0,1,0.673086199299627,0.673086199299627,67.8566536375683,45.2279809860058,-2.78775828657424
42.32,0.210336795136158,0.111231914781526,0.600673789930262,0.000158628519007418,0.00680958215649521,0.024616771621569,81.5918790197928,0.242443651161881,0.0779552765023452,0.00383616370387681,0.0341866375905507,0.736744791444921,-0.0229615822258715,-10.1054598224058,-2.05850974727246e-14,-0.0429869122185295,1.24938539551573e-13,0,0,0,0,1,0.673086199299627,0.673086199299627,67.8418434911268,45.2431380404604,-2.78880869867563
42.33,0.210366858973888,0.111247053738576,0.600930347727797,0.000158031864305335,0.00679930628907061,0.0246213862649664,81.5880025192323,0.242432210411732,0.0779561293546615,0.00383755657439082,0.0342010256833678,0.736812591055058,-0.0229690073621237,-10.1045221296182,-2.05850974727246e-14,-0.0429869122185295,1.24938539551573e-13,0,0,0,0,1,0.673086199299627,0.673086199299627,67.8270291335435,45.2582922155477,-2.78984940951825
42.34,0.210396923442442,0.111262074891452,0.601186930236001,0.000157436984242353,0.00678902887414578,0.0246260020235968,81.5841259338728,0.242420769431225,0.0779569821659095,0.0038389485605745,0.0342152962108783,0.736880385549314,-0.0229764218397304,-10.1035844374703,-2.05850974727246e-14,-0.0429869122185295,1.24938539551573e-13,0,0,0,0,1,0.673086199299627,0.673086199299627,67.8122105750016,45.2734435161435,-2.79088041954779
42.35,0.210426988529986,0.111276978221254,0.601443537452487,0.000156843877880909,0.00677874994305862,0.0246306188935952,81.5802492752018,0.242409328254219,0.0779578349331444,0.00384033966161378,0.0342294491571704,0.736948174720331,-0.0229838256625961,-10.1026467487211,-2.05850974727246e-14,-0.0429869122185295,1.24938539551573e-13,0,0,0,0,1,0.673086199299627,0.673086199299627,67.797387825672,45.2885919471312,-2.79190172923676
42.36,0.210457054224665,0.111291763709396,0.601700169374891,0.00015625254429051,0.00676846952715041,0.0246352368710875,81.5763725547042,0.242397886914566,0.0779586876534198,0.0038417298766874,0.0342434845066518,0.737015958360848,-0.0229912188345825,-10.1017090661282,-2.05850974727246e-14,-0.0429869122185295,1.24938539551573e-13,0,0,0,0,1,0.673086199299627,0.673086199299627,67.7825608957132,45.3037375134017,-2.79291333908449
42.37,0.210487120514606,0.111306431337611,0.601956826000872,0.000155662982547687,0.00675818765776577,0.0246398559521911,81.5724957838628,0.24238644544611,0.0779595403237883,0.00384311920496696,0.0342574022440497,0.737083736263701,-0.022998601359508,-10.1007713924484,-2.05850974727246e-14,-0.0429869122185295,1.24938539551573e-13,0,0,0,0,1,0.673086199299627,0.673086199299627,67.7677297952711,45.3188802198531,-2.79391524961711
42.38,0.210517187387915,0.111320981087947,0.602213507328113,0.000155075191735961,0.00674790436625256,0.0246444761330142,81.5686189741576,0.242375003882688,0.0779603929413013,0.00384450764561694,0.034271202354411,0.737151508221821,-0.0230059732411493,-10.0998337304371,-2.05850974727246e-14,-0.0429869122185295,1.24938539551573e-13,0,0,0,0,1,0.673086199299627,0.673086199299627,67.7528945344792,45.3340200713913,-2.79490746138754
42.39,0.210547254832676,0.111335412942772,0.602470213354318,0.000154489170945792,0.00673761968396186,0.0246490974096563,81.5647421370662,0.24236356225813,0.0779612455030089,0.00384589519779475,0.0342848848231025,0.737219274028237,-0.0230133344832415,-10.0988960828484,-2.05850974727246e-14,-0.0429869122185295,1.24938539551573e-13,0,0,0,0,1,0.673086199299627,0.673086199299627,67.7380551234586,45.3491570729295,-2.79588997497545
42.4,0.210577322836958,0.11134972688477,0.602726944077216,0.000153904919274547,0.00672733364224784,0.0246537197782083,81.5608652840639,0.242352120606259,0.07796209800596,0.00384728186065072,0.0342984496358103,0.737287033476074,-0.0230206850894763,-10.0979584524354,-2.05850974727246e-14,-0.0429869122185295,1.24938539551573e-13,0,0,0,0,1,0.673086199299627,0.673086199299627,67.7232115723174,45.3642912293881,-2.79686279098726
42.41,0.210607391388806,0.111363922896942,0.602983699494557,0.000153322435826454,0.00671704627246774,0.024658343234752,81.5569884266233,0.242340678960891,0.0779629504472023,0.0038486676333282,0.0343118967785407,0.737354786358559,-0.0230280250635053,-10.0970208419498,-2.05850974727246e-14,-0.0429869122185295,1.24938539551573e-13,0,0,0,0,1,0.673086199299627,0.673086199299627,67.7083638911518,45.3794225456952,-2.79782591005614
42.42,0.210637460476248,0.111378000962607,0.603240479604114,0.000152741719712562,0.00670675760598175,0.0246629677753608,81.5531115762144,0.242329237355832,0.0779638028237825,0.00385005251496354,0.0343252262376194,0.737422532469014,-0.0230353544089379,-10.0960832541423,-2.05850974727246e-14,-0.0429869122185295,1.24938539551573e-13,0,0,0,0,1,0.673086199299627,0.673086199299627,67.6935120900449,45.3945510267859,-2.79877933284194
42.43,0.210667530087294,0.111391961065403,0.603497284403683,0.0001521627700507,0.00669646767415298,0.0246675933960992,81.5492347443046,0.242317795824883,0.0779646551327457,0.00385143650468614,0.0343384379996924,0.73749027160086,-0.0230426731293424,-10.095145691762,-2.05850974727246e-14,-0.0429869122185295,1.24938539551573e-13,0,0,0,0,1,0.673086199299627,0.673086199299627,67.6786561790673,45.4096766776028,-2.79972306003122
42.44,0.210697600209931,0.111405803189283,0.603754113891083,0.000151585585965437,0.00668617650834737,0.0246722200930229,81.5453579423588,0.242306354401837,0.0779655073711363,0.00385281960161848,0.0343515320517251,0.737558003547618,-0.0230499812282462,-10.094208157557,-2.05850974727246e-14,-0.0429869122185295,1.24938539551573e-13,0,0,0,0,1,0.673086199299627,0.673086199299627,67.6637961682769,45.4247995030957,-2.80065709233722
42.45,0.210727670832131,0.111419527318519,0.604010968064156,0.000151010166588043,0.00667588413993361,0.0246768478621793,81.5414811818392,0.242294913120479,0.0779663595359971,0.00385420180487616,0.0343645083810032,0.737625728102913,-0.0230572787091365,-10.0932706542743,-2.05850974727246e-14,-0.0429869122185295,1.24938539551573e-13,0,0,0,0,1,0.673086199299627,0.673086199299627,67.648932067719,45.4399195082217,-2.80158143049983
42.46,0.210757741941846,0.1114331334377,0.604267846920767,0.000150436511056445,0.00666559060028309,0.0246814766996068,81.5376044742053,0.242283472014584,0.07796721162437,0.00385558311356793,0.0343773669751322,0.737693445060463,-0.0230645655754597,-10.0923331846592,-2.05850974727246e-14,-0.0429869122185295,1.24938539551573e-13,0,0,0,0,1,0.673086199299627,0.673086199299627,67.634063887426,45.455036697945,-2.80249607528557
42.47,0.210787813527008,0.111446621531734,0.604524750458802,0.000149864618515189,0.00665529592076981,0.0246861066013353,81.5337278309138,0.242272031117922,0.0779680636332958,0.0038569635267957,0.0343901078220376,0.737761154214095,-0.023071841830622,-10.0913957514561,-2.05850974727246e-14,-0.0429869122185295,1.24938539551573e-13,0,0,0,0,1,0.673086199299627,0.673086199299627,67.6191916374178,45.4701510772372,-2.8034010274876
42.48,0.210817885575533,0.111459991585846,0.604781678676171,0.000149294488115402,0.00664500013277033,0.0246907375633861,81.5298512634188,0.242260590464254,0.0779689155598138,0.00385834304365462,0.034402730909965,0.73782885535773,-0.0230791074779896,-10.090458357408,-2.05850974727246e-14,-0.0429869122185295,1.24938539551573e-13,0,0,0,0,1,0.673086199299627,0.673086199299627,67.6043153277012,45.4852626510769,-2.80429628792566
42.49,0.210847958075317,0.111473243585577,0.605038631570806,0.000148726119014747,0.00663470326766365,0.0246953695817721,81.5259747831715,0.242249150087332,0.0779697674009624,0.00385972166323307,0.03441523622748,0.737896548285398,-0.0230863625208891,-10.0895210052567,-2.05850974727246e-14,-0.0429869122185295,1.24938539551573e-13,0,0,0,0,1,0.673086199299627,0.673086199299627,67.5894349682705,45.5003714244499,-2.80518185744611
42.5,0.210878031014239,0.11148637751679,0.605295609140663,0.000148159510377388,0.0066244053568312,0.0247000026524973,81.5220984016203,0.242237710020902,0.077970619153779,0.00386109938461269,0.0344276237634683,0.737964232791225,-0.0230936069626081,-10.0885836977425,-2.05850974727246e-14,-0.0429869122185295,1.24938539551573e-13,0,0,0,0,1,0.673086199299627,0.673086199299627,67.5745505691068,45.5154774023491,-2.80605773692183
42.51,0.210908104380157,0.111499393365661,0.60555261138372,0.000147594661373947,0.00661410643165673,0.0247046367715575,81.518222130211,0.242226270298698,0.0779714708152994,0.00386247620686846,0.0344398935071358,0.738031908669444,-0.0231008408063943,-10.0876464376048,-2.05850974727246e-14,-0.0429869122185295,1.24938539551573e-13,0,0,0,0,1,0.673086199299627,0.673086199299627,67.5596621401787,45.5305805897745,-2.80692392725229
42.52,0.210938178160916,0.111512291118688,0.605809638297976,0.000147031571181467,0.00660380652352624,0.0247092719349398,81.5143459803863,0.24221483095445,0.0779723223825587,0.00386385212906868,0.0344520454480085,0.738099575714392,-0.0231080640554566,-10.0867092275812,-2.05850974727246e-14,-0.0429869122185295,1.24938539551573e-13,0,0,0,0,1,0.673086199299627,0.673086199299627,67.5447696914416,45.545680991733,-2.80778042936345
42.53,0.21096825234434,0.111525070762685,0.606066689881455,0.000146470238983371,0.00659350566382792,0.024713908138623,81.5104699635861,0.242203392021876,0.0779731738525908,0.00386522715027502,0.0344640795759326,0.738167233720505,-0.0231152767129657,-10.0857720704084,-2.05850974727246e-14,-0.0429869122185295,1.24938539551573e-13,0,0,0,0,1,0.673086199299627,0.673086199299627,67.5298732328382,45.5607786132389,-2.80862724420782
42.54,0.210998326918235,0.111537732284784,0.606323766132202,0.000145910663969424,0.00658320388395207,0.0247185453785772,81.5065940912473,0.242191953534687,0.0779740252224282,0.00386660126954257,0.0344759958810746,0.738234882482329,-0.0231224787820531,-10.0848349688217,-2.05850974727246e-14,-0.0429869122185295,1.24938539551573e-13,0,0,0,0,1,0.673086199299627,0.673086199299627,67.514972774298,45.5758734593131,-2.80946437276436
42.55,0.211028401870392,0.111550275672435,0.606580867048285,0.00014535284533569,0.00657290121529103,0.0247231836507643,81.5027183748039,0.242180515526586,0.0779748764891026,0.00386797448591984,0.0344877943539213,0.738302521794513,-0.0231296702658121,-10.0838979255548,-2.05850974727246e-14,-0.0429869122185295,1.24938539551573e-13,0,0,0,0,1,0.673086199299627,0.673086199299627,67.5000683257375,45.5909655349837,-2.81029181603854
42.56,0.211058477188583,0.111562700913408,0.606837992627796,0.000144796782284501,0.0065625976892391,0.0247278229511377,81.4988428256869,0.242169078031266,0.0779757276496445,0.00386934679844882,0.0344994749852796,0.738370151451806,-0.0231368511672983,-10.0829609433405,-2.05850974727246e-14,-0.0429869122185295,1.24938539551573e-13,0,0,0,0,1,0.673086199299627,0.673086199299627,67.4851598970605,45.6060548452856,-2.81110957506227
42.57,0.211088552860563,0.111575007995789,0.607095142868847,0.000144242474024407,0.0065522933371925,0.0247324632756425,81.4949674553245,0.242157641082411,0.0779765787010833,0.00387071820616498,0.0345110377662769,0.738437771249074,-0.0231440214895294,-10.0820240249099,-2.05850974727246e-14,-0.0429869122185295,1.24938539551573e-13,0,0,0,0,1,0.673086199299627,0.673086199299627,67.4702474981575,45.6211413952608,-2.8119176508939
42.58,0.211118628874071,0.111587196907981,0.607352317769574,0.000143689919770149,0.00654198819054923,0.0247371046202152,81.4910922751416,0.242146204713698,0.0779774296404472,0.00387208870809735,0.0345224826883608,0.738505380981279,-0.0231511812354853,-10.0810871729931,-2.05850974727246e-14,-0.0429869122185295,1.24938539551573e-13,0,0,0,0,1,0.673086199299627,0.673086199299627,67.4553311389058,45.636225189958,-2.81271604461817
42.59,0.211148705216827,0.11159926763871,0.607609517328136,0.000143139118742612,0.00653168228070906,0.0247417469807843,81.4872172965601,0.242134768958792,0.0779782804647635,0.0038734583032685,0.0345338097432994,0.738572980443494,-0.0231583304081087,-10.0801503903185,-2.05850974727246e-14,-0.0429869122185295,1.24938539551573e-13,0,0,0,0,1,0.673086199299627,0.673086199299627,67.4404108291699,45.651306234433,-2.81350475734627
42.6,0.211178781876537,0.111611220177015,0.607866741542714,0.000142590070168789,0.00652137563907344,0.0247463903532698,81.4833425309989,0.242123333851353,0.0779791311710583,0.00387482699069459,0.0345450189231811,0.738640569430899,-0.0231654690103052,-10.0792136796133,-2.05850974727246e-14,-0.0429869122185295,1.24938539551573e-13,0,0,0,0,1,0.673086199299627,0.673086199299627,67.425486578801,45.6663845337482,-2.81428379021571
42.61,0.211208858840888,0.111623054512257,0.60812399041151,0.000142042773281743,0.00651106829704542,0.0247510347335833,81.4794679898736,0.242111899425028,0.0779799817563566,0.00387619476938541,0.0345561102204148,0.738708147738782,-0.0231725970449435,-10.0782770436035,-2.05850974727246e-14,-0.0429869122185295,1.24938539551573e-13,0,0,0,0,1,0.673086199299627,0.673086199299627,67.410558397637,45.6814600929728,-2.8150531443904
42.62,0.211238936097552,0.111634770634113,0.60838126393275,0.00014149722732057,0.00650076028602956,0.0247556801176285,81.4755936845969,0.242100465713456,0.0779808322176825,0.00387756163834443,0.0345670836277299,0.73877571516254,-0.0231797145148561,-10.0773404850136,-2.05850974727246e-14,-0.0429869122185295,1.24938539551573e-13,0,0,0,0,1,0.673086199299627,0.673086199299627,67.3956262955029,45.696532917183,-2.81581282106058
42.63,0.211269013634184,0.11164636853258,0.608638562104683,0.000140953431530357,0.00649045163743191,0.0247603265013005,81.4717196265781,0.242089032750269,0.0779816825520589,0.00387892759656877,0.034577939138176,0.738843271497675,-0.023186821422838,-10.0764040065665,-2.05850974727246e-14,-0.0429869122185295,1.24938539551573e-13,0,0,0,0,1,0.673086199299627,0.673086199299627,67.3806902822102,45.7116030114616,-2.81656282144281
42.64,0.211299091438424,0.111657848197971,0.60889588492558,0.000140411385162148,0.00648014238265987,0.0247649738804864,81.4678458272233,0.242077600569085,0.0779825327565076,0.00388029264304929,0.0345886767451235,0.738910816539802,-0.0231939177716486,-10.0754676109841,-2.05850974727246e-14,-0.0429869122185295,1.24938539551573e-13,0,0,0,0,1,0.673086199299627,0.673086199299627,67.3657503675574,45.7266703808982,-2.81730314677995
42.65,0.211329169497894,0.111669209620921,0.609153232393733,0.000139871087472906,0.00646983255312217,0.0247696222510649,81.4639722979355,0.242066169203517,0.0779833828280495,0.00388165677677059,0.0345992964422633,0.738978350084644,-0.023201003564012,-10.0745313009866,-2.05850974727246e-14,-0.0429869122185295,1.24938539551573e-13,0,0,0,0,1,0.673086199299627,0.673086199299627,67.3508065613294,45.7417350305889,-2.81803379834115
42.66,0.211359247800202,0.11168045279238,0.609410604507459,0.00013933253772547,0.00645952218022876,0.0247742716089069,81.4600990501144,0.242054738687166,0.0779842327637044,0.00388301999671106,0.0346097982236065,0.739045871928034,-0.0232080788026149,-10.0735950792931,-2.05850974727246e-14,-0.0429869122185295,1.24938539551573e-13,0,0,0,0,1,0.673086199299627,0.673086199299627,67.335858873298,45.7567969656367,-2.81875477742181
42.67,0.211389326332939,0.111691577703619,0.609668001265094,0.000138795735188524,0.00644921129539078,0.0247789219498747,81.4562260951563,0.242043309053624,0.0779850825604911,0.00388438230184289,0.0346201820834852,0.739113381865915,-0.0232151434901105,-10.0726589486211,-2.05850974727246e-14,-0.0429869122185295,1.24938539551573e-13,0,0,0,0,1,0.673086199299627,0.673086199299627,67.3209073132217,45.7718561911512,-2.8194660853436
42.68,0.211419405083681,0.111702584346226,0.609925422665,0.000138260679136557,0.00643889993002042,0.0247835732698227,81.4523534444542,0.242031880336472,0.0779859322154272,0.00388574369113213,0.0346304480165518,0.739180879694344,-0.0232221976291148,-10.0717229116866,-2.05850974727246e-14,-0.0429869122185295,1.24938539551573e-13,0,0,0,0,1,0.673086199299627,0.673086199299627,67.3059518908455,45.7869127122485,-2.82016772345438
42.69,0.211449484039989,0.111713472712107,0.610182868705559,0.000137727368849823,0.00642858811553091,0.0247882255645973,81.4484811093978,0.242020452569283,0.0779867817255295,0.00388710416353867,0.0346405960177794,0.739248365209485,-0.0232292412222105,-10.0707869712044,-2.05850974727246e-14,-0.0429869122185295,1.24938539551573e-13,0,0,0,0,1,0.673086199299627,0.673086199299627,67.2909926159011,45.8019665340514,-2.82085969312824
42.7,0.211479563189406,0.11172424279349,0.610440339385176,0.000137195803614309,0.00641827588333642,0.0247928788300368,81.4446091013734,0.242009025785619,0.0779876310878138,0.00388846371801633,0.0346506260824616,0.739315838207619,-0.0232362742719433,-10.0698511298879,-2.05850974727246e-14,-0.0429869122185295,1.24938539551573e-13,0,0,0,0,1,0.673086199299627,0.673086199299627,67.2760294981067,45.8170176616891,-2.82154199576544
42.71,0.211509642519464,0.111734894582917,0.610697834702278,0.000136665982721691,0.00640796326485198,0.0247975330619712,81.4407374317639,0.241997600019034,0.0779884802992947,0.00388982235351287,0.0346605382062127,0.739383298485136,-0.0232432967808269,-10.0689153904488,-2.05850974727246e-14,-0.0429869122185295,1.24938539551573e-13,0,0,0,0,1,0.673086199299627,0.673086199299627,67.261062547167,45.8320661002976,-2.82221463279243
42.72,0.211539722017677,0.111745428073251,0.610955354655316,0.000136137905469305,0.00639765029149342,0.0248021882562227,81.4368661119487,0.241986175303067,0.0779893293569859,0.00389118006896999,0.0346703323849678,0.739450745838538,-0.0232503087513382,-10.0679797555975,-2.05850974727246e-14,-0.0429869122185295,1.24938539551573e-13,0,0,0,0,1,0.673086199299627,0.673086199299627,67.2460917727735,45.8471118550191,-2.82287760566178
42.73,0.211569801671545,0.111755843257675,0.611212899242761,0.000135611571160104,0.00638733699467728,0.0248068444086055,81.4329951533037,0.241974751671253,0.0779901782579002,0.00389253686332339,0.0346800086149824,0.739518180064445,-0.0232573101859209,-10.0670442280432,-2.05850974727246e-14,-0.0429869122185295,1.24938539551573e-13,0,0,0,0,1,0.673086199299627,0.673086199299627,67.2311171846039,45.8621549310025,-2.8235309158522
42.74,0.211599881468553,0.111766140129687,0.611470468463108,0.000135086979102622,0.00637702340582075,0.0248115015149257,81.4291245672015,0.241963329157112,0.0779910269990493,0.00389389273550282,0.0346895668928328,0.739585600959587,-0.0232643010869855,-10.0661088104932,-2.05850974727246e-14,-0.0429869122185295,1.24938539551573e-13,0,0,0,0,1,0.673086199299627,0.673086199299627,67.2161387923224,45.877195333403,-2.82417456486851
42.75,0.21162996139617,0.111776318683108,0.611728062314874,0.000134564128610941,0.0063667095563416,0.0248161595709816,81.4252543650108,0.241951907794156,0.0779918755774439,0.00389524768443205,0.034699007215416,0.73965300832081,-0.0232712814569069,-10.0651735056537,-2.05850974727246e-14,-0.0429869122185295,1.24938539551573e-13,0,0,0,0,1,0.673086199299627,0.673086199299627,67.2011566055797,45.8922330673824,-2.82480855424159
42.76,0.211660041441854,0.111786378912074,0.611985680796597,0.000134043019004651,0.00635639547765807,0.0248208185725633,81.4213845580971,0.241940487615885,0.0779927239900939,0.00389660170902897,0.0347083295799497,0.739720401945073,-0.0232782512980284,-10.0642383162293,-2.05850974727246e-14,-0.0429869122185295,1.24938539551573e-13,0,0,0,0,1,0.673086199299627,0.673086199299627,67.186170634013,45.9072681381086,-2.82543288552843
42.77,0.211690121593046,0.111796320811041,0.612243323906838,0.000133523649608815,0.00634608120118886,0.0248254785154533,81.4175151578222,0.241929068655791,0.0779935722340081,0.00389795480820556,0.0347175339839722,0.739787781629452,-0.0232852106126589,-10.0633032449231,-2.05850974727246e-14,-0.0429869122185295,1.24938539551573e-13,0,0,0,0,1,0.673086199299627,0.673086199299627,67.1711808872457,45.9223005507562,-2.82604756031203
42.78,0.211720201837172,0.111806144374786,0.612500991644182,0.00013300601975393,0.00633576675835298,0.0248301393954261,81.4136461755442,0.241917650947353,0.0779944203061943,0.00389930698086795,0.0347266204253428,0.739855147171139,-0.0232921594030744,-10.0623682944368,-2.05850974727246e-14,-0.0429869122185295,1.24938539551573e-13,0,0,0,0,1,0.673086199299627,0.673086199299627,67.1561873748877,45.9373303105059,-2.82665258020144
42.79,0.211750282161646,0.111815849598401,0.612758684007233,0.000132490128775897,0.00632545218056973,0.0248348012082482,81.4097776226176,0.24190623452404,0.0779952682036596,0.00390065822591646,0.0347355889022412,0.739922498367441,-0.0232990976715177,-10.0614334674706,-2.05850974727246e-14,-0.0429869122185295,1.24938539551573e-13,0,0,0,0,1,0.673086199299627,0.673086199299627,67.1411901065351,45.9523574225447,-2.8272479468317
42.8,0.211780362553867,0.111825436477299,0.61301640099462,0.000131975976015979,0.00631513749925862,0.0248394639496784,81.4059095103931,0.24189481941931,0.0779961159234098,0.00390200854224561,0.0347444394131681,0.739989835015783,-0.0233060254201995,-10.0604987667232,-2.05850974727246e-14,-0.0429869122185295,1.24938539551573e-13,0,0,0,0,1,0.673086199299627,0.673086199299627,67.1261890917703,45.9673818920661,-2.82783366186384
42.81,0.211810443001221,0.111834905007212,0.613274142604993,0.000131463560820766,0.00630482274583926,0.0248441276154677,81.4020418502181,0.241883405666611,0.0779969634624501,0.00390335792874414,0.0347531719569449,0.740057156913706,-0.0233129426512976,-10.0595641948917,-2.05850974727246e-14,-0.0429869122185295,1.24938539551573e-13,0,0,0,0,1,0.673086199299627,0.673086199299627,67.1111843401622,45.9824037242695,-2.82840972698487
42.82,0.211840523491079,0.111844255184191,0.613531908837024,0.000130952882542143,0.00629450795173132,0.0248487922013592,81.3981746534357,0.241871993299379,0.0779978108177846,0.00390470638429509,0.0347617865327135,0.74012446385887,-0.0233198493669584,-10.0586297546719,-2.05850974727246e-14,-0.0429869122185295,1.24938539551573e-13,0,0,0,0,1,0.673086199299627,0.673086199299627,67.0961758612657,45.997422924361,-2.82897614390773
42.83,0.211870604010799,0.111853487004603,0.613789699689407,0.00013044394053725,0.00628419314835444,0.0248534577030883,81.3943079313857,0.24186058235104,0.0779986579864165,0.00390605390777577,0.034770283139937,0.740191755649051,-0.0233267455692949,-10.057695448758,-2.05850974727246e-14,-0.0429869122185295,1.24938539551573e-13,0,0,0,0,1,0.673086199299627,0.673086199299627,67.081163664622,46.0124394975525,-2.82953291437129
42.84,0.211900684547725,0.111862600465139,0.61404751516086,0.000129936734168448,0.00627387836712817,0.0248581241163826,81.3904416954039,0.241849172855007,0.0779995049653481,0.00390740049805781,0.034778661778399,0.740259032082145,-0.0233336312603889,-10.0567612798425,-2.05850974727246e-14,-0.0429869122185295,1.24938539551573e-13,0,0,0,0,1,0.673086199299627,0.673086199299627,67.0661477597584,46.0274534490622,-2.83008004014033
42.85,0.211930765089189,0.111871595562803,0.614305355250122,0.000129431262803283,0.00626356363947187,0.0248627914369622,81.3865759568222,0.241837764844685,0.0780003517515809,0.00390874615400722,0.034786922448204,0.740326292956167,-0.0233405064422914,-10.0558272506168,-2.05850974727246e-14,-0.0429869122185295,1.24938539551573e-13,0,0,0,0,1,0.673086199299627,0.673086199299627,67.0511281561886,46.0424647841144,-2.83061752300551
42.86,0.211960845622509,0.111880472294923,0.614563219955953,0.000128927525814454,0.00625324899680465,0.0248674596605391,81.3827107269688,0.241826358353465,0.0780011983421153,0.00391009087448437,0.034795065149777,0.740393538069251,-0.0233473711170209,-10.0548933637703,-2.05850974727246e-14,-0.0429869122185295,1.24938539551573e-13,0,0,0,0,1,0.673086199299627,0.673086199299627,67.0361048634122,46.0574735079396,-2.83114536478335
42.87,0.21199092613499,0.111889230659143,0.614821109277136,0.000128425522579771,0.00624293447054529,0.0248721287828179,81.3788460171681,0.241814953414727,0.078002044733951,0.00391143465834407,0.0348030898838643,0.740460767219652,-0.0233542252865649,-10.0539596219911,-2.05850974727246e-14,-0.0429869122185295,1.24938539551573e-13,0,0,0,0,1,0.673086199299627,0.673086199299627,67.021077890915,46.0724796257743,-2.83166356731622
42.88,0.212021006613924,0.111897870653428,0.615079023212477,0.000127925252482127,0.00623262009211219,0.0248767987994956,81.3749818387403,0.24180355006184,0.0780028909240868,0.00391277750443555,0.0348109966515325,0.740527980205744,-0.0233610689528803,-10.0530260279658,-2.05850974727246e-14,-0.0429869122185295,1.24938539551573e-13,0,0,0,0,1,0.673086199299627,0.673086199299627,67.0060472481689,46.0874831428612,-2.83217213247231
42.89,0.212051087046591,0.111906392276059,0.615336961760804,0.000127426714909458,0.00622230589292323,0.0248814697062613,81.3711182030018,0.241792148328161,0.0780037369095204,0.00391411941160252,0.0348187854541693,0.740595176826023,-0.0233679021178934,-10.0520925843795,-2.05850974727246e-14,-0.0429869122185295,1.24938539551573e-13,0,0,0,0,1,0.673086199299627,0.673086199299627,66.9910129446318,46.1024840644488,-2.83267106214563
42.9,0.212081167420256,0.111914795525638,0.615594924920965,0.000126929909254711,0.00621199190439577,0.0248861414987967,81.3672551212652,0.241780748247037,0.0780045826872491,0.00391546037868321,0.0348264562934831,0.740662356879105,-0.0233747247834992,-10.0511592939154,-2.05850974727246e-14,-0.0429869122185295,1.24938539551573e-13,0,0,0,0,1,0.673086199299627,0.673086199299627,66.9759749897477,46.1174823957918,-2.83316035825594
42.91,0.212111247722175,0.111923080401087,0.615852912691832,0.000126434834915806,0.00620167815794654,0.0248908141727759,81.3633926048389,0.241769349851801,0.0780054282542688,0.00391680040451035,0.034834009171503,0.740729520163731,-0.0233815369515625,-10.0502261592556,-2.05850974727246e-14,-0.0429869122185295,1.24938539551573e-13,0,0,0,0,1,0.673086199299627,0.673086199299627,66.9609333929465,46.1324781421508,-2.83364002274877
42.92,0.212141327939588,0.111931246901645,0.6161109250723,0.000125941491295607,0.00619136468499154,0.0248954877238654,81.3595306650273,0.241757953175776,0.0780062736075749,0.00391813948791125,0.034841444090579,0.74079666647876,-0.0233883386239188,-10.0492931830802,-2.05850974727246e-14,-0.0429869122185295,1.24938539551573e-13,0,0,0,0,1,0.673086199299627,0.673086199299627,66.9458881636442,46.1474713087923,-2.83411005759541
42.93,0.212171408059726,0.111939295026871,0.616368962061284,0.00012544987780188,0.00618105151694601,0.0249001621477241,81.3556693131309,0.241746558252272,0.0780071187441619,0.00391947762770782,0.034848761053382,0.740863795623175,-0.0233951298023727,-10.048360368068,-2.05850974727246e-14,-0.0429869122185295,1.24938539551573e-13,0,0,0,0,1,0.673086199299627,0.673086199299627,66.9308393112427,46.1624619009888,-2.83457046479285
42.94,0.212201488069806,0.111947224776642,0.616627023657721,0.000124959993847265,0.00617073868522433,0.0249048374400034,81.3518085604458,0.241735165114586,0.0780079636610234,0.00392081482271657,0.0348559600629033,0.740930907396085,-0.0234019104886993,-10.0474277168962,-2.05850974727246e-14,-0.0429869122185295,1.24938539551573e-13,0,0,0,0,1,0.673086199299627,0.673086199299627,66.9157868451298,46.1774499240186,-2.83502124636378
42.95,0.212231567957032,0.111955036151155,0.616885109860571,0.000124471838849239,0.00616042622123994,0.0249095135963474,81.3479484182643,0.241723773796006,0.0780088083551523,0.00392215107174866,0.0348630411224555,0.74099800159672,-0.0234086806846448,-10.0464952322403,-2.05850974727246e-14,-0.0429869122185295,1.24938539551573e-13,0,0,0,0,1,0.673086199299627,0.673086199299627,66.9007307746792,46.192435383166,-2.83546240435658
42.96,0.2122616477086,0.111962729150927,0.617143220668818,0.00012398541223008,0.00615011415640528,0.0249141906123925,81.3440888978744,0.241712384329805,0.0780096528235405,0.00392348637360994,0.0348700042356715,0.741065078024434,-0.0234154403919249,-10.0455629167743,-2.05850974727246e-14,-0.0429869122185295,1.24938539551573e-13,0,0,0,0,1,0.673086199299627,0.673086199299627,66.8856711092505,46.2074182837209,-2.83589394084526
42.97,0.212291727311689,0.111970303776791,0.617401356081463,0.000123500713416836,0.00613980252213169,0.0249188684837678,81.3402300105601,0.241700996749245,0.0780104970631792,0.00392482072710096,0.0348768494065054,0.741132136478707,-0.0234221896122268,-10.0446307731705,-2.05850974727246e-14,-0.0429869122185295,1.24938539551573e-13,0,0,0,0,1,0.673086199299627,0.673086199299627,66.8706078581891,46.2223986309794,-2.83631585792949
42.98,0.212321806753471,0.111977760029902,0.617659516097534,0.000123017741841289,0.00612949134982938,0.0249235472060949,81.3363717676009,0.241689611087577,0.0780113410710589,0.00392615413101699,0.0348835766392318,0.741199176759143,-0.0234289283472095,-10.0436988040997,-2.05850974727246e-14,-0.0429869122185295,1.24938539551573e-13,0,0,0,0,1,0.673086199299627,0.673086199299627,66.8555410308264,46.237376430243,-2.83672815773455
42.99,0.212351886021104,0.111985097911733,0.617917700716078,0.000122536496939923,0.00611918067090727,0.0249282267749879,81.3325141802723,0.241678227378036,0.0780121848441691,0.0039274865841481,0.0348901859384462,0.741266198665472,-0.0234356565985017,-10.0427670122311,-2.05850974727246e-14,-0.0429869122185295,1.24938539551573e-13,0,0,0,0,1,0.673086199299627,0.673086199299627,66.8404706364793,46.252351686819,-2.83713084241129
43,0.212381965101735,0.111992317424075,0.618175909936165,0.000122056978153888,0.00610887051677302,0.0249329071860537,81.3286572598456,0.241666845653848,0.0780130283794986,0.0039288180852791,0.0348966773090646,0.74133320199755,-0.0234423743677053,-10.0418354002321,-2.05850974727246e-14,-0.0429869122185295,1.24938539551573e-13,0,0,0,0,1,0.673086199299627,0.673086199299627,66.8253966844506,46.2673244060206,-2.83752391413617
43.01,0.212412043982501,0.11199941856904,0.618434143756887,0.000121579184928967,0.00609856091883287,0.0249375884348919,81.3248010175875,0.241655465948224,0.0780138716740354,0.00393014863318968,0.0349030507563242,0.74140018655536,-0.0234490816563924,-10.0409039707687,-2.05850974727246e-14,-0.0429869122185295,1.24938539551573e-13,0,0,0,0,1,0.673086199299627,0.673086199299627,66.810319184029,46.2822945931666,-2.83790737511116
43.02,0.212442122650525,0.112006401349058,0.618692402177358,0.000121103116715544,0.00608825190849159,0.0249422705170946,81.3209454647608,0.241644088294364,0.0780147147247669,0.00393147822665433,0.0349093062857826,0.741467152139009,-0.0234557784661079,-10.039972726505,-2.05850974727246e-14,-0.0429869122185295,1.24938539551573e-13,0,0,0,0,1,0.673086199299627,0.673086199299627,66.7952381444886,46.2972622535815,-2.83828122756377
43.03,0.212472201092923,0.112013265766878,0.618950685196714,0.000120628772968568,0.00607794351715242,0.0249469534282466,81.3170906126236,0.241632712725455,0.0780155575286796,0.00393280686444245,0.0349154439033181,0.741534098548733,-0.0234624647983681,-10.0390416701038,-2.05850974727246e-14,-0.0429869122185295,1.24938539551573e-13,0,0,0,0,1,0.673086199299627,0.673086199299627,66.7801535750896,46.3122273925954,-2.83864547374704
43.04,0.212502279296797,0.112020011825569,0.619208992814113,0.000120156153147521,0.00606763577621696,0.0249516371639255,81.3132364724298,0.24162133927467,0.0780164000827591,0.00393413454531832,0.03492146361513,0.741601025584901,-0.0234691406546623,-10.0381108042259,-2.05850974727246e-14,-0.0429869122185295,1.24938539551573e-13,0,0,0,0,1,0.673086199299627,0.673086199299627,66.7650654850774,46.327190015544,-2.83900011593947
43.05,0.212532357249239,0.112026639528517,0.619467325028733,0.000119685256716386,0.00605732871708514,0.0249563217197016,81.309383055429,0.241609967975171,0.0780172423839906,0.00393546126804119,0.0349273654277381,0.741667933047999,-0.0234758060364515,-10.0371801315308,-2.05850974727246e-14,-0.0429869122185295,1.24938539551573e-13,0,0,0,0,1,0.673086199299627,0.673086199299627,66.7499738836833,46.3421501277686,-2.83934515644503
43.06,0.212562434937332,0.112033148879429,0.619725681839778,0.00011921608314361,0.0060470223711551,0.0249610070911379,81.305530372866,0.241598598860104,0.0780180844293582,0.00393678703136524,0.034933149347983,0.741734820738652,-0.0234824609451705,-10.0362496546761,-2.05850974727246e-14,-0.0429869122185295,1.24938539551573e-13,0,0,0,0,1,0.673086199299627,0.673086199299627,66.7348787801244,46.3571077346161,-2.83968059759314
43.07,0.212592512348145,0.11203953988233,0.61998406324647,0.000118748631902077,0.00603671676982311,0.0249656932737904,81.3016784359816,0.241587231962606,0.0780189262158455,0.00393811183403966,0.0349388153830258,0.74180168845761,-0.0234891053822255,-10.0353193763177,-2.05850974727246e-14,-0.0429869122185295,1.24938539551573e-13,0,0,0,0,1,0.673086199299627,0.673086199299627,66.7197801836029,46.3720628414388,-2.84000644173863
43.08,0.212622589468742,0.112045812541565,0.620242469248055,0.000118282902469068,0.00602641194448354,0.0249703802632077,81.2978272560119,0.241575867315797,0.0780197677404355,0.00393943567480866,0.0349443635403485,0.741868536005752,-0.0234957393489967,-10.0343892991101,-2.05850974727246e-14,-0.0429869122185295,1.24938539551573e-13,0,0,0,0,1,0.673086199299627,0.673086199299627,66.7046781033071,46.3870154535947,-2.84032269126174
43.09,0.212652666286171,0.112051966861798,0.6205008998438,0.000117818894326234,0.00601610792652874,0.0249750680549313,81.2939768441883,0.241564504952786,0.07802060900011,0.00394075855241149,0.0349497938277536,0.741935363184087,-0.0235023628468378,-10.0334594257057,-2.05850974727246e-14,-0.0429869122185295,1.24938539551573e-13,0,0,0,0,1,0.673086199299627,0.673086199299627,66.6895725484104,46.4019655764471,-2.84062934856806
43.1,0.212682742787474,0.112058002848011,0.620759355032995,0.000117356606959559,0.00600580474734898,0.0249797566444955,81.290127211738,0.241553144906668,0.0780214499918507,0.00394208046558247,0.0349551062533644,0.742002169793756,-0.0235089758770748,-10.0325297587557,-2.05850974727246e-14,-0.0429869122185295,1.24938539551573e-13,0,0,0,0,1,0.673086199299627,0.673086199299627,66.674463528072,46.4169132153648,-2.84092641608858
43.11,0.212712818959681,0.112063920505506,0.62101783481495,0.000116896039859332,0.00599550243833236,0.0249844460274276,81.2862783698833,0.241541787210524,0.0780222907126382,0.00394340141305104,0.0349603008256246,0.742068955636031,-0.0235155784410086,-10.0316003009093,-2.05850974727246e-14,-0.0429869122185295,1.24938539551573e-13,0,0,0,0,1,0.673086199299627,0.673086199299627,66.6593510514364,46.4318583757221,-2.84121389627958
43.12,0.212742894789813,0.112069719839903,0.621276339188999,0.00011643719252011,0.00598520103086476,0.0249891361992476,81.2824303298422,0.241530431897423,0.0780231311594525,0.00394472139354177,0.0349653775532987,0.742135720512315,-0.023522170539913,-10.030671054814,-2.05850974727246e-14,-0.0429869122185295,1.24938539551573e-13,0,0,0,0,1,0.673086199299627,0.673086199299627,66.6442351276337,46.4468010628985,-2.84149179162269
43.13,0.212772970264881,0.112075400857142,0.621534868154496,0.000115980064440687,0.00597490055632973,0.0249938271554687,81.278583102828,0.241519079000419,0.0780239713292731,0.00394604040577439,0.0349703364454716,0.742202464224141,-0.0235287521750364,-10.0297420231158,-2.05850974727246e-14,-0.0429869122185295,1.24938539551573e-13,0,0,0,0,1,0.673086199299627,0.673086199299627,66.6291157657795,46.461741282279,-2.84176010462479
43.14,0.212803045371886,0.112080963563482,0.621793421710818,0.000115524655124063,0.00596460104610842,0.0249985188915968,81.274736700049,0.241507728552552,0.0780248112190785,0.00394735844846381,0.034975177511549,0.742269186573177,-0.0235353233476013,-10.0288132084588,-2.05850974727246e-14,-0.0429869122185295,1.24938539551573e-13,0,0,0,0,1,0.673086199299627,0.673086199299627,66.6139929749745,46.4766790392539,-2.84201883781805
43.15,0.212833120097821,0.112086407965501,0.622051999857364,0.000115070964077411,0.00595430253157953,0.0250032114031309,81.2708911327093,0.24149638058685,0.0780256508258468,0.00394867552032016,0.0349799007612569,0.742335887361222,-0.0235418840588041,-10.0278846134853,-2.05850974727246e-14,-0.0429869122185295,1.24938539551573e-13,0,0,0,0,1,0.673086199299627,0.673086199299627,66.5988667643052,46.4916143392188,-2.8422679937599
43.16,0.212863194429667,0.112091734070096,0.622310602593554,0.000114618990812045,0.0059440050441192,0.0250079046855629,81.267046412008,0.241485035136327,0.0780264901465554,0.00394999162004882,0.034984506204642,0.742402566390209,-0.0235484343098167,-10.0269562408363,-2.05850974727246e-14,-0.0429869122185295,1.24938539551573e-13,0,0,0,0,1,0.673086199299627,0.673086199299627,66.5837371428431,46.5065471875747,-2.84250757503295
43.17,0.212893268354399,0.112096941884482,0.622569229918829,0.000114168734843387,0.00593370861510093,0.0250125987343779,81.2632025491395,0.24147369223398,0.0780273291781811,0.00395130674635043,0.0349889938520715,0.742469223462205,-0.023554974101785,-10.0260280931506,-2.05850974727246e-14,-0.0429869122185295,1.24938539551573e-13,0,0,0,0,1,0.673086199299627,0.673086199299627,66.5686041196454,46.5214775897275,-2.84273758424506
43.18,0.21292334185898,0.112102031416194,0.622827881832655,0.000113720195690937,0.00592341327589553,0.0250172935450538,81.2593595552934,0.241462351912795,0.0780281679176999,0.00395262089792095,0.0349933637142329,0.742535858379409,-0.0235615034358303,-10.0251001730656,-2.05850974727246e-14,-0.0429869122185295,1.24938539551573e-13,0,0,0,0,1,0.673086199299627,0.673086199299627,66.5534677037542,46.5364055510887,-2.84295802402923
43.19,0.212953414930365,0.112107002673087,0.623086558334516,0.000113273372878238,0.00591311905787103,0.0250219891130617,81.2555174416546,0.241451014205744,0.0780290063620873,0.00395393407345163,0.0349976158021344,0.742602470944158,-0.023568022313049,-10.0241724832167,-2.05850974727246e-14,-0.0429869122185295,1.24938539551573e-13,0,0,0,0,1,0.673086199299627,0.673086199299627,66.5383279041973,46.5513310770749,-2.84316889704363
43.2,0.212983487555501,0.112111855663332,0.62334525942392,0.000112828265932849,0.00590282599239259,0.0250266854338657,81.2516762194031,0.241439679145783,0.0780298445083182,0.00395524627162912,0.0350017501271045,0.742669060958922,-0.0235745307345129,-10.0232450262377,-2.05850974727246e-14,-0.0429869122185295,1.24938539551573e-13,0,0,0,0,1,0.673086199299627,0.673086199299627,66.5231847299875,46.5662541731076,-2.84337020597158
43.21,0.213013559721326,0.112116590395421,0.623603985100397,0.00011238487438631,0.00589253411082243,0.0250313825029232,81.247835899714,0.241428346765856,0.0780306823533667,0.00395655749113542,0.035005766700792,0.742735628226304,-0.0235810287012689,-10.0223178047607,-2.05850974727246e-14,-0.0429869122185295,1.24938539551573e-13,0,0,0,0,1,0.673086199299627,0.673086199299627,66.5080381901229,46.5811748446138,-2.84356195352148
43.22,0.213043631414768,0.112121206878166,0.623862735363497,0.00011194319777411,0.00588224344451976,0.0250360803156845,81.2439964937576,0.241417017098889,0.0780315198942067,0.00395786773064794,0.0350096655351663,0.742802172549049,-0.0235875162143402,-10.0213908214159,-2.05850974727246e-14,-0.0429869122185295,1.24938539551573e-13,0,0,0,0,1,0.673086199299627,0.673086199299627,66.492888293587,46.5960930970255,-2.84374414242685
43.23,0.213073702622748,0.112125705120696,0.624121510212794,0.000111503235635658,0.00587195402484069,0.0250407788675931,81.2401580126992,0.241405690177797,0.078032357127811,0.00395917698883955,0.0350134466425171,0.742868693730031,-0.0235939932747256,-10.0204640788318,-2.05850974727246e-14,-0.0429869122185295,1.24938539551573e-13,0,0,0,0,1,0.673086199299627,0.673086199299627,66.4777350493483,46.6110089357795,-2.84391677544626
43.24,0.213103773332177,0.112130085132459,0.624380309647882,0.000111064987514252,0.00586166588313815,0.0250454781540858,81.2363204676992,0.24139436603548,0.0780331940511522,0.00396048526437857,0.0350171100354544,0.742935191572268,-0.0236004598834002,-10.0195375796351,-2.05850974727246e-14,-0.0429869122185295,1.24938539551573e-13,0,0,0,0,1,0.673086199299627,0.673086199299627,66.4625784663604,46.6259223663181,-2.84407985536333
43.25,0.213133843529961,0.112134346923223,0.624639133668377,0.000110628452957044,0.00585137905076182,0.0250501781705925,81.232483869913,0.241383044704821,0.0780340306612023,0.0039617925559288,0.0350206557269083,0.743001665878908,-0.023606916041315,-10.0186113264509,-2.05850974727246e-14,-0.0429869122185295,1.24938539551573e-13,0,0,0,0,1,0.673086199299627,0.673086199299627,66.4474185535623,46.6408333940884,-2.84423338498669
43.26,0.213163913202993,0.112138490503073,0.624897982273917,0.000110193631515012,0.00584109355905806,0.0250548789125364,81.228648230491,0.241371726218692,0.0780348669549324,0.00396309886214958,0.0350240837301295,0.743068116453243,-0.0236133617493979,-10.0176853219021,-2.05850974727246e-14,-0.0429869122185295,1.24938539551573e-13,0,0,0,0,1,0.673086199299627,0.673086199299627,66.432255319878,46.6557420245424,-2.84437736714998
43.27,0.213193982338163,0.112142515882416,0.625156855464162,0.00010976052274293,0.0058308094393698,0.0250595803753338,81.2248135605787,0.241360410609946,0.0780357029293135,0.00396440418169578,0.0350273940586889,0.7431345430987,-0.0236197970085534,-10.0167595686103,-2.05850974727246e-14,-0.0429869122185295,1.24938539551573e-13,0,0,0,0,1,0.673086199299627,0.673086199299627,66.4170887742165,46.6706482631372,-2.84451180471183
43.28,0.213224050922348,0.112146423071975,0.625415753238793,0.000109329126199335,0.00582052672303649,0.0250642825543944,81.2209798713162,0.241349097911425,0.0780365385813157,0.00396570851321786,0.0350305867264772,0.743200945618844,-0.0236262218196625,-10.015834069195,-2.05850974727246e-14,-0.0429869122185295,1.24938539551573e-13,0,0,0,0,1,0.673086199299627,0.673086199299627,66.4019189254721,46.6855521153348,-2.84463670055579
43.29,0.213254118942423,0.112150212082794,0.625674675597514,0.000108899441446494,0.00581024544139403,0.0250689854451211,81.2171471738389,0.241337788155953,0.0780373739079088,0.00396701185536186,0.0350336617477058,0.743267323817381,-0.0236326361835832,-10.014908826274,-2.05850974727246e-14,-0.0429869122185295,1.24938539551573e-13,0,0,0,0,1,0.673086199299627,0.673086199299627,66.3867457825239,46.7004535866022,-2.84475205759037
43.3,0.213284186385249,0.112153882926233,0.625933622540049,0.000108471468050379,0.00579996562577463,0.0250736890429102,81.2133154792768,0.241326481376342,0.0780382089060618,0.00396831420676946,0.035036619136906,0.743333677498156,-0.0236390401011515,-10.0139838424632,-2.05850974727246e-14,-0.0429869122185295,1.24938539551573e-13,0,0,0,0,1,0.673086199299627,0.673086199299627,66.3715693542363,46.7153526824112,-2.84485787874896
43.31,0.213314253237686,0.112157435613972,0.626192594066146,0.000108045205580632,0.00578968730750682,0.0250783933431512,81.2094847987549,0.241315177605386,0.0780390435727436,0.003969615566078,0.0350394589089291,0.74340000646515,-0.02364543357318,-10.0130591203768,-2.05850974727246e-14,-0.0429869122185295,1.24938539551573e-13,0,0,0,0,1,0.673086199299627,0.673086199299627,66.3563896494585,46.7302494082383,-2.84495416698988
43.32,0.21334431948658,0.112160870158013,0.626451590175571,0.000107620653610537,0.00577941051791529,0.0250830983412273,81.2056551433929,0.241303876875865,0.0780398779049221,0.00397091593192048,0.0350421810789468,0.743466310522492,-0.0236518166004585,-10.0121346626271,-2.05850974727246e-14,-0.0429869122185295,1.24938539551573e-13,0,0,0,0,1,0.673086199299627,0.673086199299627,66.3412066770248,46.7451437695653,-2.84504092529626
43.33,0.213374385118775,0.112164186570671,0.626710610868116,0.000107197811716987,0.00576913528832087,0.0250878040325146,81.2018265243055,0.241292579220544,0.0780407118995651,0.00397221530292562,0.0350447856624504,0.743532589474444,-0.0236581891837559,-10.0112104718247,-2.05850974727246e-14,-0.0429869122185295,1.24938539551573e-13,0,0,0,0,1,0.673086199299627,0.673086199299627,66.3260204457544,46.7600357718783,-2.8451181566761
43.34,0.213404450121105,0.112167384864584,0.626969656143591,0.000106776679480456,0.00575886165004041,0.0250925104123829,81.197998952602,0.241281284672173,0.0780415455536397,0.00397351367771789,0.0350472726752515,0.743598843125414,-0.0236645513238174,-10.0102865505782,-2.05850974727246e-14,-0.0429869122185295,1.24938539551573e-13,0,0,0,0,1,0.673086199299627,0.673086199299627,66.3108309644514,46.7749254206684,-2.84518586416222
43.35,0.213434514480398,0.112170465052708,0.62722872600183,0.000106357256484967,0.00574858963438674,0.0250972174761954,81.1941724393865,0.241269993263485,0.0780423788641126,0.00397481105491749,0.0350496421334817,0.743665071279948,-0.0236709030213678,-10.0093629014943,-2.05850974727246e-14,-0.0429869122185295,1.24938539551573e-13,0,0,0,0,1,0.673086199299627,0.673086199299627,66.2956382419049,46.7898127214314,-2.8452440508122
43.36,0.213464578183474,0.112173427148315,0.627487820442688,0.000105939542318065,0.00573831927266853,0.0251019252193087,81.1903469957577,0.241258705027198,0.0780432118279498,0.00397610743314045,0.0350518940535923,0.743731273742739,-0.0236772442771089,-10.0084395271783,-2.05850974727246e-14,-0.0429869122185295,1.24938539551573e-13,0,0,0,0,1,0.673086199299627,0.673086199299627,66.280442286889,46.8046976796678,-2.84529271970843
43.37,0.213494641217148,0.112176271165,0.62774693946604,0.000105523536570782,0.00572805059619028,0.025106633637073,81.1865226328092,0.241247419996016,0.0780440444421173,0.00397740281099856,0.0350540284523547,0.743797450318618,-0.023683575091722,-10.0075164302331,-2.05850974727246e-14,-0.0429869122185295,1.24938539551573e-13,0,0,0,0,1,0.673086199299627,0.673086199299627,66.2652431081623,46.819580300883,-2.84533187395802
43.38,0.213524703568225,0.112178997116672,0.628006083071786,0.000105109238837611,0.0057177836362522,0.0251113427248317,81.1826993616291,0.241236138202625,0.0780448767035802,0.00397869718709951,0.0350560453468599,0.74386360081256,-0.0236898954658664,-10.00659361326,-2.05850974727246e-14,-0.0429869122185295,1.24938539551573e-13,0,0,0,0,1,0.673086199299627,0.673086199299627,66.2500407144687,46.8344605905867,-2.84536151669282
43.39,0.213554765223507,0.112181605017562,0.628265251259844,0.000104696648716476,0.00570751842415013,0.025116052477922,81.1788771933001,0.241224859679697,0.0780457086093033,0.00397999056004682,0.035057944754519,0.743929725029686,-0.0236962054001797,-10.0056710788585,-2.05850974727246e-14,-0.0429869122185295,1.24938539551573e-13,0,0,0,0,1,0.673086199299627,0.673086199299627,66.2348351145365,46.8493385542935,-2.84538165106936
43.4,0.213584826169788,0.112184094882219,0.628524444030157,0.000104285765808699,0.00569725499117549,0.0251207628916747,81.1750561388995,0.241213584459887,0.0780465401562511,0.00398128292843991,0.0350597266930627,0.743995822775255,-0.0237025048952801,-10.0047488296261,-2.05850974727246e-14,-0.0429869122185295,1.24938539551573e-13,0,0,0,0,1,0.673086199299627,0.673086199299627,66.2196263170792,46.8642141975225,-2.84539228026887
43.41,0.213614886393855,0.112186466725508,0.628783661382687,0.000103876589718975,0.00568699336861515,0.0251254739614137,81.1712362094994,0.241202312575833,0.0780473713413874,0.00398257429087413,0.0350613911805414,0.744061893854678,-0.0237087939517631,-10.0038268681585,-2.05850974727246e-14,-0.0429869122185295,1.24938539551573e-13,0,0,0,0,1,0.673086199299627,0.673086199299627,66.2044143307948,46.8790875257974,-2.84539340749722
43.42,0.213644945882489,0.112188720562616,0.629042903317418,0.000103469120055339,0.00567673358775141,0.0251301856824571,81.1674174161661,0.241191044060161,0.0780482021616759,0.00398386464594079,0.0350629382353253,0.744127938073505,-0.0237150725702049,-10.0029051970495,-2.05850974727246e-14,-0.0429869122185295,1.24938539551573e-13,0,0,0,0,1,0.673086199299627,0.673086199299627,66.1891991643661,46.8939585446465,-2.84538503598491
43.43,0.213675004622466,0.112190856409046,0.629302169834356,0.000103063356429137,0.00566647567986187,0.0251348980501162,81.1635997699606,0.241179778945476,0.0780490326140797,0.00398515399222715,0.0350643678761039,0.744193955237433,-0.0237213407511608,-10.0019838188909,-2.05850974727246e-14,-0.0429869122185295,1.24938539551573e-13,0,0,0,0,1,0.673086199299627,0.673086199299627,66.1739808264607,46.9088272596024,-2.84536716898704
43.44,0.213705062600554,0.112192874280621,0.62956146093353,0.000102659298454997,0.00565621967621938,0.0251396110596961,81.1597832819384,0.24116851726437,0.0780498626955615,0.00398644232831647,0.0350656801218869,0.744259945152303,-0.0237275984951651,-10.0010627362729,-2.05850974727246e-14,-0.0429869122185295,1.24938539551573e-13,0,0,0,0,1,0.673086199299627,0.673086199299627,66.1587593257309,46.9236936762025,-2.84533980978332
43.45,0.213735119803517,0.112194774193482,0.629820776614988,0.000102256945750802,0.00564596560809193,0.0251443247064954,81.1559679631494,0.241157259049418,0.0780506924030836,0.00398772965278806,0.0350668749920029,0.744325907624105,-0.023733845802733,-10.0001419517834,-2.05850974727246e-14,-0.0429869122185295,1.24938539551573e-13,0,0,0,0,1,0.673086199299627,0.673086199299627,66.1435346708136,46.9385577999886,-2.84530296167798
43.46,0.213765176218112,0.112196556164086,0.630080116878801,0.000101856297937657,0.00563571350674262,0.0251490389858066,81.1521538246378,0.241146004333177,0.078051521733608,0.00398901596421727,0.0350679525061003,0.744391842458972,-0.0237400826743589,-9.9992214680088,-2.05850974727246e-14,-0.0429869122185295,1.24938539551573e-13,0,0,0,0,1,0.673086199299627,0.673086199299627,66.1283068703306,46.9534196365067,-2.84525662799983
43.47,0.213795231831091,0.112198220209213,0.630339481725062,0.000101457354639861,0.00562546340342953,0.0251537538929157,81.1483408774426,0.24113475314819,0.0780523506840963,0.00399030126117552,0.0350689126841471,0.744457749463185,-0.0237463091105179,-9.99830128753329,-2.05850974727246e-14,-0.0429869122185295,1.24938539551573e-13,0,0,0,0,1,0.673086199299627,0.673086199299627,66.1130759328881,46.9682791913075,-2.84520081210216
43.48,0.2138252866292,0.112199766345956,0.630598871153884,0.000101060115484879,0.00561521532940566,0.0251584694231026,81.1445291325966,0.241123505526983,0.0780531792515097,0.00399158554223035,0.0350697555464303,0.744523628443174,-0.0237525251116655,-9.99738141293926,-2.05850974727246e-14,-0.0429869122185295,1.24938539551573e-13,0,0,0,0,1,0.673086199299627,0.673086199299627,66.0978418670769,46.9831364699458,-2.84513551736275
43.49,0.213855340599178,0.112201194591731,0.630858285165402,0.000100664580103315,0.00560496931591886,0.0251631855716409,81.1407186011274,0.241112261502063,0.0780540074328091,0.00399286880594543,0.0350704811135566,0.744589479205514,-0.023758730678237,-9.99646184680719,-2.05850974727246e-14,-0.0429869122185295,1.24938539551573e-13,0,0,0,0,1,0.673086199299627,0.673086199299627,66.0826046814727,46.9979914779811,-2.84506074718386
43.5,0.213885393727762,0.11220250496427,0.631117723759774,0.000100270748128879,0.00559472539421171,0.0251679023337978,81.1369092940567,0.241101021105922,0.078054835224955,0.00399415105088059,0.0350710894064518,0.744655301556932,-0.0237649258106492,-9.9955425917156,-2.05850974727246e-14,-0.0429869122185295,1.24938539551573e-13,0,0,0,0,1,0.673086199299627,0.673086199299627,66.0673643846355,47.0128442209769,-2.84497650499218
43.51,0.213915446001682,0.112203697481622,0.631377186937178,9.98786191983584e-05,0.0055844835955215,0.0251726197048346,81.1331012224006,0.241089784371036,0.0780556626249077,0.00399543227559182,0.0350715804463611,0.744721095304299,-0.0237711105092996,-9.99462365024109,-2.05850974727246e-14,-0.0429869122185295,1.24938539551573e-13,0,0,0,0,1,0.673086199299627,0.673086199299627,66.0521209851099,47.0276947045011,-2.84488279423883
43.52,0.213945497407661,0.112204772162156,0.631636674697814,9.94881929515943e-05,0.00557424395108009,0.0251773376800061,81.1292943971694,0.241078551329864,0.0780564896296269,0.00399671247863135,0.0350719542548486,0.744786860254637,-0.0237772847745662,-9.99370502495832,-2.05850974727246e-14,-0.0429869122185295,1.24938539551573e-13,0,0,0,0,1,0.673086199299627,0.673086199299627,66.0368744914251,47.042542934126,-2.8447796183993
43.53,0.213975547932421,0.11220572902456,0.631896187041904,9.90994690314479e-05,0.00556400649211388,0.0251820562545611,81.1254888293675,0.241067322014846,0.0780573162360723,0.00399799165854763,0.035072210853798,0.744852596215118,-0.0237834486068092,-9.99278671843999,-2.05850974727246e-14,-0.0429869122185295,1.24938539551573e-13,0,0,0,0,1,0.673086199299627,0.673086199299627,66.0216249120948,47.0573889154281,-2.84466698097348
43.54,0.214005597562676,0.112206568087836,0.632155723969689,9.87124470837744e-05,0.00555377124984369,0.0251867754237424,81.1216845299937,0.241056096458406,0.0780581424412032,0.00399926981388538,0.0350723502654116,0.744918302993062,-0.023789602006369,-9.99186873325686,-2.05850974727246e-14,-0.0429869122185295,1.24938539551573e-13,0,0,0,0,1,0.673086199299627,0.673086199299627,66.0063722556172,47.0722326539879,-2.84454488548557
43.55,0.214035646285135,0.112207289371309,0.632415285481436,9.83271267573938e-05,0.0055435382554847,0.0251914951827864,81.1178815100409,0.241044874692953,0.0780589682419784,0.00400054694318559,0.0350723725122111,0.744983980395942,-0.0237957449735688,-9.99095107197774,-2.05850974727246e-14,-0.0429869122185295,1.24938539551573e-13,0,0,0,0,1,0.673086199299627,0.673086199299627,65.991116530475,47.0870741553902,-2.84441333548411
43.56,0.214065694086505,0.112207892894618,0.632674871577429,9.79435077040632e-05,0.00553330754024635,0.0251962155269235,81.1140797804961,0.241033656750875,0.0780597936353567,0.00400182304498558,0.035072277617037,0.745049628231379,-0.0238018775087123,-9.99003373716944,-2.05850974727246e-14,-0.0429869122185295,1.24938539551573e-13,0,0,0,0,1,0.673086199299627,0.673086199299627,65.9758577451353,47.1019134252242,-2.84427233454196
43.57,0.214095740953486,0.112208378677723,0.632934482257976,9.75615895784483e-05,0.0055230791353323,0.0252009364513783,81.1102793523404,0.241022442664546,0.0780606186182965,0.00400309811781901,0.0350720656030487,0.745115246307146,-0.0238079996120854,-9.98911673139685,-2.05850974727246e-14,-0.0429869122185295,1.24938539551573e-13,0,0,0,0,1,0.673086199299627,0.673086199299627,65.9605959080495,47.1167504690829,-2.84412188625621
43.58,0.214125786872774,0.112208746740899,0.633194117523405,9.71813720380951e-05,0.0055128530719403,0.0252056579513689,81.1064802365492,0.24101123246632,0.078061443187756,0.00400437216021589,0.0350717364937245,0.745180834431169,-0.023814111283957,-9.98820005722285,-2.05850974727246e-14,-0.0429869122185295,1.24938539551573e-13,0,0,0,0,1,0.673086199299627,0.673086199299627,65.9453310276537,47.1315852925635,-2.84396199424822
43.59,0.214155831831062,0.112208997104741,0.633453777374068,9.68028547434022e-05,0.00550262938126213,0.0252103800221077,81.1026824440916,0.241000026188536,0.0780622673406929,0.00400564517070263,0.0350712903128617,0.745246392411525,-0.0238202125245771,-9.98728371720835,-2.05850974727246e-14,-0.0429869122185295,1.24938539551573e-13,0,0,0,0,1,0.673086199299627,0.673086199299627,65.9300631123682,47.1464179012673,-2.84379266216358
43.6,0.214185875815036,0.112209129790161,0.633713461810336,9.64260373575924e-05,0.00549240809448353,0.0252151026588011,81.0988859859311,0.240988823863513,0.078063091074065,0.00400691714780206,0.035070727084576,0.745311920056441,-0.0238263033341784,-9.98636771391228,-2.05850974727246e-14,-0.0429869122185295,1.24938539551573e-13,0,0,0,0,1,0.673086199299627,0.673086199299627,65.9147921705976,47.1612483007998,-2.84361389367206
43.61,0.214215918811382,0.112209144818389,0.633973170832601,9.60509195466858e-05,0.00548218924278409,0.0252198258566492,81.0950908730249,0.240977625523555,0.0780639143848297,0.00400818809003344,0.0350700468333019,0.7453774171743,-0.0238323837129763,-9.98545204989157,-2.05850974727246e-14,-0.0429869122185295,1.24938539551573e-13,0,0,0,0,1,0.673086199299627,0.673086199299627,65.899518210731,47.1760764967702,-2.84342569246764
43.62,0.214245960806778,0.112209042210972,0.634232904441279,9.56775009794709e-05,0.00547197285733722,0.0252245496108467,81.0912971163243,0.240966431200946,0.0780647372699441,0.00400945799591249,0.0350692495837928,0.745442883573637,-0.0238384536611687,-9.98453672770115,-2.05850974727246e-14,-0.0429869122185295,1.24938539551573e-13,0,0,0,0,1,0.673086199299627,0.673086199299627,65.8842412411417,47.1909024947918,-2.84322806226842
43.63,0.2142760017879,0.112208821989775,0.634492662636806,9.53057813274776e-05,0.00546175896930999,0.0252292739165818,81.0875047267746,0.240955240927953,0.0780655597263653,0.00401072686395146,0.0350683353611201,0.74550831906314,-0.0238445131789362,-9.98362174989393,-2.05850974727246e-14,-0.0429869122185295,1.24938539551573e-13,0,0,0,0,1,0.673086199299627,0.673086199299627,65.8689612701875,47.2057263004821,-2.84302100681665
43.64,0.214306041741419,0.112208484176982,0.634752445419639,9.49357602649494e-05,0.00545154760986313,0.0252339987690371,81.0837137153149,0.240944054736826,0.07806638175105,0.00401199469265907,0.0350673041906743,0.745573723451652,-0.023850562266443,-9.98270711902084,-2.05850974727246e-14,-0.0429869122185295,1.24938539551573e-13,0,0,0,0,1,0.673086199299627,0.673086199299627,65.8536783062102,47.2205479194623,-2.84280452987865
43.65,0.214336080654004,0.112208028795093,0.635012252790257,9.45674374688163e-05,0.0054413388101509,0.0252387241633892,81.0799240928783,0.240932872659796,0.0780672033409547,0.00401326148054062,0.0350661560981639,0.745639096548172,-0.0238566009238359,-9.9817928376308,-2.05850974727246e-14,-0.0429869122185295,1.24938539551573e-13,0,0,0,0,1,0.673086199299627,0.673086199299627,65.838392357536,47.2353673573574,-2.84257863524486
43.66,0.21436611851232,0.112207455866925,0.63527208474916,9.42008126186663e-05,0.00543113260132102,0.0252434500948091,81.0761358703918,0.240921694729075,0.0780680244930359,0.00401452722609795,0.0350648911096161,0.745704438161851,-0.0238626291512453,-9.98087890827067,-2.05850974727246e-14,-0.0429869122185295,1.24938539551573e-13,0,0,0,0,1,0.673086199299627,0.673086199299627,65.8231034324754,47.2501846197966,-2.84234332672976
43.67,0.214396155303027,0.112206765415614,0.63553194129687,9.38358853967195e-05,0.00542092901451457,0.0252481765584615,81.072349058776,0.24091052097686,0.0780688452042497,0.00401579192782951,0.035063509251376,0.745769748101996,-0.0238686469487853,-9.9799653334853,-2.05850974727246e-14,-0.0429869122185295,1.24938539551573e-13,0,0,0,0,1,0.673086199299627,0.673086199299627,65.8078115393231,47.2649997124127,-2.84209860817183
43.68,0.214426191012783,0.112205957464612,0.63579182243393,9.34726554877996e-05,0.00541072808086597,0.0252529035495057,81.0685636689454,0.240899351435326,0.0780696654715522,0.00401705558423037,0.0350620105501073,0.745835026178071,-0.0238746543165529,-9.97905211581753,-2.05850974727246e-14,-0.0429869122185295,1.24938539551573e-13,0,0,0,0,1,0.673086199299627,0.673086199299627,65.7925166863579,47.2798126408424,-2.8418444834336
43.69,0.214456225628243,0.11220503203769,0.636051728160904,9.31111225793078e-05,0.00540052983150281,0.025257631063095,81.0647797118086,0.240888186136633,0.0780704852918994,0.00401831819379224,0.0350603950327917,0.745900272199694,-0.02388065125463,-9.97813925780811,-2.05850974727246e-14,-0.0429869122185295,1.24938539551573e-13,0,0,0,0,1,0.673086199299627,0.673086199299627,65.7772188818428,47.2946234107262,-2.84158095640155
43.7,0.214486259136058,0.112203989158934,0.636311658478379,9.27512863611947e-05,0.00539033429754583,0.0252623590943769,81.0609971982674,0.240877025112921,0.0780713046622469,0.0040195797550035,0.035058662726729,0.745965485976641,-0.0238866377630817,-9.97722676199581,-2.05850974727246e-14,-0.0429869122185295,1.24938539551573e-13,0,0,0,0,1,0.673086199299627,0.673086199299627,65.761918134025,47.3094320277084,-2.84130803098613
43.71,0.214516291522875,0.11220282885275,0.636571613386961,9.23931465259342e-05,0.00538014151010883,0.0252670876384933,81.0572161392177,0.240865868396311,0.0780721235795503,0.00402084026634923,0.0350568136595372,0.746030667318848,-0.0238926138419574,-9.9763146309173,-2.05850974727246e-14,-0.0429869122185295,1.24938539551573e-13,0,0,0,0,1,0.673086199299627,0.673086199299627,65.7466144511359,47.3242384974369,-2.84102571112172
43.72,0.214546322775341,0.112201551143859,0.636831592887279,9.20367027684959e-05,0.00536995150029857,0.0252718166905803,81.053436545549,0.240854716018906,0.0780729420407652,0.00402209972631121,0.035054847859152,0.746095816036401,-0.0238985794912915,-9.9754028671072,-2.05850974727246e-14,-0.0429869122185295,1.24938539551573e-13,0,0,0,0,1,0.673086199299627,0.673086199299627,65.7313078413909,47.3390428255635,-2.84073400076659
43.73,0.214576352880097,0.1122001560573,0.637091596979983,9.16819547863187e-05,0.0053597642992147,0.0252765462457683,81.0496584281445,0.240843568012792,0.0780737600428469,0.00402335813336798,0.0350527653538272,0.746160931939552,-0.0239045347111012,-9.97449147309811,-2.05850974727246e-14,-0.0429869122185295,1.24938539551573e-13,0,0,0,0,1,0.673086199299627,0.673086199299627,65.7159983129895,47.3538450177435,-2.8404329039029
43.74,0.214606381823783,0.112198643618429,0.637351625665744,9.13289022792837e-05,0.00534957993794967,0.025281276299182,81.0458817978809,0.240832424410034,0.0780745775827508,0.00402461548599486,0.0350505661721343,0.746226014838705,-0.02391047950139,-9.97358045142052,-2.05850974727246e-14,-0.0429869122185295,1.24938539551573e-13,0,0,0,0,1,0.673086199299627,0.673086199299627,65.7006858741154,47.368645079636,-2.84012242453669
43.75,0.214636409593037,0.112197013852919,0.637611678945255,9.09775449496883e-05,0.00533939844758865,0.0252860068459404,81.0421066656286,0.240821285242679,0.0780753946574319,0.00402587178266394,0.0350482503429625,0.746291064544425,-0.0239164138621454,-9.97266980460284,-2.05850974727246e-14,-0.0429869122185295,1.24938539551573e-13,0,0,0,0,1,0.673086199299627,0.673086199299627,65.6853705329363,47.3834430169037,-2.83980256669779
43.76,0.214666436174492,0.11219526678676,0.63787175681923,9.06278825022183e-05,0.00532921985920946,0.025290737881157,81.0383330422517,0.240810150542755,0.0780762112638454,0.00402712702184415,0.035045817895519,0.746356080867438,-0.0239223377933402,-9.97175953517146,-2.05850974727246e-14,-0.0429869122185295,1.24938539551573e-13,0,0,0,0,1,0.673086199299627,0.673086199299627,65.6700522976039,47.3982388352128,-2.83947333443987
43.77,0.214696461554781,0.112193402446258,0.638131859288403,9.02799146439229e-05,0.00531904420388247,0.0252954693999396,81.0345609386076,0.240799020342272,0.0780770273989463,0.00402838120200126,0.035043268859328,0.746421063618625,-0.0239282512949314,-9.97084964565062,-2.05850974727246e-14,-0.0429869122185295,1.24938539551573e-13,0,0,0,0,1,0.673086199299627,0.673086199299627,65.6547311762538,47.4130325402331,-2.83913473184036
43.78,0.214726485720534,0.112191420858036,0.638391986353532,8.99336410841871e-05,0.00530887151267053,0.0253002013973905,81.0307903655475,0.240787894673219,0.0780778430596896,0.00402963432159789,0.0350406032642319,0.746486012609032,-0.0239341543668623,-9.96994013856252,-2.05850974727246e-14,-0.0429869122185295,1.24938539551573e-13,0,0,0,0,1,0.673086199299627,0.673086199299627,65.639407177006,47.4278241376381,-2.83878676300046
43.79,0.214756508658378,0.112189322049037,0.638652138015395,8.9589061534706e-05,0.00529870181662887,0.0253049338686062,81.0270213339158,0.240776773567568,0.0780786582430301,0.00403088637909358,0.0350378211403901,0.74655092764986,-0.0239400470090615,-9.96903101642723,-2.05850974727246e-14,-0.0429869122185295,1.24938539551573e-13,0,0,0,0,1,0.673086199299627,0.673086199299627,65.624080307964,47.4426136331046,-2.8384294320451
43.8,0.214786530354938,0.112187106046515,0.63891231427479,8.92461757094581e-05,0.00528853514680505,0.025309666808678,81.0232538545507,0.240765657057271,0.0780794729459229,0.00403213737294478,0.0350349225182794,0.746615808552477,-0.0239459292214422,-9.96812228176274,-2.05850974727246e-14,-0.0429869122185295,1.24938539551573e-13,0,0,0,0,1,0.673086199299627,0.673086199299627,65.6087505772155,47.457401032313,-2.83806274312291
43.81,0.214816550796839,0.112184772878046,0.639172515132539,8.89049833246797e-05,0.00527837153423884,0.0253144002126913,81.0194879382835,0.240754545174261,0.0780802871653226,0.00403338730160487,0.0350319074286941,0.746680655128405,-0.0239518010039039,-9.96721393708494,-2.05850974727246e-14,-0.0429869122185295,1.24938539551573e-13,0,0,0,0,1,0.673086199299627,0.673086199299627,65.5934179928322,47.4721863409471,-2.83768670040619
43.82,0.214846569970701,0.112182322571519,0.639432740589482,8.8565484098838e-05,0.00526821100996215,0.0253191340757264,81.0157235959392,0.240743437950449,0.0780811008981842,0.00403463616352423,0.0350287759027456,0.746745467189332,-0.0239576623563324,-9.96630598490757,-2.05850974727246e-14,-0.0429869122185295,1.24938539551573e-13,0,0,0,0,1,0.673086199299627,0.673086199299627,65.5780825628695,47.4869695646942,-2.83730130809093
43.83,0.214876587863145,0.112179755155141,0.639692990646483,8.82276777526064e-05,0.00525805360499899,0.0253238683928579,81.0119608383361,0.240732335417731,0.0780819141414624,0.0040358839571502,0.0350255279718623,0.746810244547111,-0.0239635132785988,-9.96539842774229,-2.05850974727246e-14,-0.0429869122185295,1.24938539551573e-13,0,0,0,0,1,0.673086199299627,0.673086199299627,65.562744295367,47.501750709245,-2.83690657039672
43.84,0.214906604460789,0.112177070657435,0.639953265304427,8.78915640088374e-05,0.0052478993503653,0.0253286031591549,81.0081996762856,0.240721237607981,0.078082726892112,0.00403713068092714,0.03502216366779,0.746874987013748,-0.0239693537705603,-9.96449126809864,-2.05850974727246e-14,-0.0429869122185295,1.24938539551573e-13,0,0,0,0,1,0.673086199299627,0.673086199299627,65.5474031983479,47.5165297802935,-2.83650249156677
43.85,0.214936619750248,0.11217426910724,0.640213564564219,8.75571425925368e-05,0.00523774827706894,0.0253333383696813,81.0044401205929,0.240710144553052,0.078083539147088,0.00403837633329649,0.035018683022591,0.746939694401419,-0.0239751838320615,-9.96358450848399,-2.05850974727246e-14,-0.0429869122185295,1.24938539551573e-13,0,0,0,0,1,0.673086199299627,0.673086199299627,65.5320592798194,47.531306783537,-2.83608907586787
43.86,0.214966633718139,0.112171350533713,0.640473888426786,8.72244132308386e-05,0.00522760041610958,0.0253380740194953,81.0006821820562,0.240699056284781,0.078084350903345,0.0040396209126967,0.0350150860686449,0.747004366522464,-0.0239810034629321,-9.96267815140364,-2.05850974727246e-14,-0.0429869122185295,1.24938539551573e-13,0,0,0,0,1,0.673086199299627,0.673086199299627,65.5167125477725,47.5460817246763,-2.83566632759034
43.87,0.214996646351074,0.112168314966326,0.640734236893076,8.68933756529789e-05,0.00521745579847862,0.0253428101036499,80.996925871467,0.240687972834982,0.0780851621578381,0.00404086441756336,0.0350113728386478,0.747069003189381,-0.0239868126629888,-9.96177219936068,-2.05850974727246e-14,-0.0429869122185295,1.24938539551573e-13,0,0,0,0,1,0.673086199299627,0.673086199299627,65.5013630101821,47.5608546094154,-2.83523425104808
43.88,0.215026657635667,0.112165162434866,0.640994609964058,8.65640295902702e-05,0.0052073144551591,0.0253475466171929,80.9931711996101,0.240676894235451,0.0780859729075222,0.00404210684632915,0.0350075433656128,0.747133604214836,-0.0239926114320358,-9.96086665485612,-2.05850974727246e-14,-0.0429869122185295,1.24938539551573e-13,0,0,0,0,1,0.673086199299627,0.673086199299627,65.4860106750069,47.5756254434615,-2.83479285057844
43.89,0.215056667558528,0.112161892969439,0.641255007640724,8.6236374776076e-05,0.00519717641712564,0.0253522835551663,80.9894181772635,0.240665820517962,0.0780867831493521,0.00404334819742389,0.0350035976828694,0.747198169411658,-0.0239983997698637,-9.95996152038877,-2.05850974727246e-14,-0.0429869122185295,1.24938539551573e-13,0,0,0,0,1,0.673086199299627,0.673086199299627,65.4706555501892,47.5903942325251,-2.83434213054229
43.9,0.215086676106268,0.112158506600463,0.641515429924085,8.59104109457852e-05,0.00518704171534431,0.0253570209126073,80.9856668151983,0.240654751714272,0.0780875928802831,0.00404458846927458,0.0349995358240637,0.747262698592841,-0.0240041776762497,-9.95905679845531,-2.05850974727246e-14,-0.0429869122185295,1.24938539551573e-13,0,0,0,0,1,0.673086199299627,0.673086199299627,65.4552976436554,47.60516098232,-2.83388209532393
43.91,0.215116683265496,0.112155003358677,0.641775876815174,8.55861378367874e-05,0.00517691038077261,0.0253617586845475,80.981917124179,0.240643687856115,0.0780884020972701,0.00404582766030538,0.0349953578231584,0.747327191571544,-0.0240099451509584,-9.95815249155026,-2.05850974727246e-14,-0.0429869122185295,1.24938539551573e-13,0,0,0,0,1,0.673086199299627,0.673086199299627,65.4399369633152,47.6199256985629,-2.83341274933108
43.92,0.215146689022819,0.112151383275131,0.642036348315046,8.52635551884464e-05,0.00516678244435933,0.0253664968660133,80.978169114963,0.240632628975207,0.0780892107972685,0.00404706576893769,0.0349910637144323,0.747391648161093,-0.0240157021937426,-9.95724860216596,-2.05850974727246e-14,-0.0429869122185295,1.24938539551573e-13,0,0,0,0,1,0.673086199299627,0.673086199299627,65.4245735170625,47.634688386974,-2.83293409699489
43.93,0.215176693364847,0.112147646381193,0.642296844424777,8.49426627420763e-05,0.00515665793704451,0.0253712354520259,80.9744227983009,0.240621575103241,0.0780900189772335,0.00404830279359014,0.0349866535324808,0.747456068174979,-0.0240214488043417,-9.95634513279257,-2.05850974727246e-14,-0.0429869122185295,1.24938539551573e-13,0,0,0,0,1,0.673086199299627,0.673086199299627,65.4092073127747,47.6494490532763,-2.83244614276986
43.94,0.215206696278185,0.112143792708548,0.642557365145462,8.46234602409153e-05,0.00514653688975931,0.0253759744376012,80.9706781849365,0.240610526271894,0.0780908266341205,0.00404953873267862,0.0349821273122153,0.747520451426858,-0.0240271849824829,-9.95544208591811,-2.05850974727246e-14,-0.0429869122185295,1.24938539551573e-13,0,0,0,0,1,0.673086199299627,0.673086199299627,65.3938383583127,47.6642077031961,-2.83194889113385
43.95,0.215236697749439,0.112139822289194,0.642817910478221,8.4305947430101e-05,0.00513641933342597,0.02538071381775,80.9669352856063,0.240599482512818,0.0780916337648851,0.0040507735846163,0.0349774850888633,0.747584797730555,-0.0240329107278812,-9.95453946402839,-2.05850974727246e-14,-0.0429869122185295,1.24938539551573e-13,0,0,0,0,1,0.673086199299627,0.673086199299627,65.3784666615215,47.6789643424628,-2.83144234658806
43.96,0.215266697765217,0.112135735155447,0.643078480424192,8.39901240566457e-05,0.00512630529895772,0.0253854535874779,80.9631941110403,0.240588443857647,0.0780924403664829,0.00405200734781366,0.0349727268979684,0.747649106900062,-0.0240386260402403,-9.95363726960702,-2.05850974727246e-14,-0.0429869122185295,1.24938539551573e-13,0,0,0,0,1,0.673086199299627,0.673086199299627,65.3630922302293,47.6937189768086,-2.83092651365696
43.97,0.215296696312123,0.112131531339936,0.643339074984536,8.36759898694109e-05,0.00511619481725865,0.0253901937417853,80.9594546719611,0.240577410337994,0.0780932464358698,0.00405324002067853,0.03496785277539,0.747713378749537,-0.0240443309192506,-9.95273550513545,-2.05850974727246e-14,-0.0429869122185295,1.24938539551573e-13,0,0,0,0,1,0.673086199299627,0.673086199299627,65.3477150722484,47.708471611969,-2.83040139688832
43.98,0.215326693376762,0.112127210875607,0.643599694160434,8.33635446190831e-05,0.0051060879192237,0.0253949342756676,80.9557169790844,0.240566381985452,0.0780940519700017,0.00405447160161607,0.0349628627573035,0.747777613093306,-0.0240500253645921,-9.95183417309289,-2.05850974727246e-14,-0.0429869122185295,1.24938539551573e-13,0,0,0,0,1,0.673086199299627,0.673086199299627,65.3323351953744,47.7232222536822,-2.82986700085314
43.99,0.215356688945741,0.112122773795722,0.64386033795309,8.30527880581488e-05,0.0050959846357385,0.0253996751841148,80.951981043119,0.240555358831591,0.0780948569658347,0.00405570208902885,0.0349577568801998,0.747841809745868,-0.0240557093759322,-9.9509332759564,-2.05850974727246e-14,-0.0429869122185295,1.24938539551573e-13,0,0,0,0,1,0.673086199299627,0.673086199299627,65.3169526073865,47.7379709076896,-2.82932333014564
44,0.215386683005662,0.112118220133856,0.644121006363726,8.27437199408694e-05,0.00508588499767936,0.0254044164621122,80.9482468747664,0.240544340907962,0.0780956614203252,0.00405693148131682,0.0349525351808856,0.747905968521884,-0.0240613829529269,-9.95003281620076,-2.05850974727246e-14,-0.0429869122185295,1.24938539551573e-13,0,0,0,0,1,0.673086199299627,0.673086199299627,65.3015673160477,47.7527175797354,-2.82877038938324
44.01,0.215416675543133,0.112113549923902,0.644381699393589,8.24363400232571e-05,0.00507578903591313,0.0254091581046398,80.9445144847211,0.240533328246095,0.0780964653304296,0.00405815977687739,0.0349471976964831,0.747970089236188,-0.024067046095222,-9.94913279629862,-2.05850974727246e-14,-0.0429869122185295,1.24938539551573e-13,0,0,0,0,1,0.673086199299627,0.673086199299627,65.2861793291044,47.7674622755667,-2.82820818320654
44.02,0.215446666544758,0.112108763200065,0.644642417043945,8.21306480630503e-05,0.00506569678129714,0.0254139001066726,80.9407838836704,0.240522320877498,0.0780972686931047,0.00405938697410539,0.0349417444644299,0.748034171703784,-0.0240726988024504,-9.94823321872031,-2.05850974727246e-14,-0.0429869122185295,1.24938539551573e-13,0,0,0,0,1,0.673086199299627,0.673086199299627,65.2707886542866,47.7822050009336,-2.82763671627928
44.03,0.215476655997142,0.112103859996867,0.644903159316081,8.18266438196891e-05,0.00505560826467911,0.0254186424631807,80.9370550822945,0.24051131883366,0.0780980715053072,0.00406061307139315,0.034936175522479,0.748098215739846,-0.0240783410742355,-9.94733408593402,-2.05850974727246e-14,-0.0429869122185295,1.24938539551573e-13,0,0,0,0,1,0.673086199299627,0.673086199299627,65.2553952993078,47.7969457615888,-2.82705599328829
44.04,0.215506643886891,0.112098840349145,0.645163926211306,8.15243270542908e-05,0.00504552351689707,0.025423385169129,80.9333280912663,0.240500322146046,0.0780988737639943,0.0040618380671305,0.0349304909086986,0.748162221159714,-0.0240839729101885,-9.94643540040566,-2.05850974727246e-14,-0.0429869122185295,1.24938539551573e-13,0,0,0,0,1,0.673086199299627,0.673086199299627,65.2399992718651,47.811684563288,-2.82646601894354
44.05,0.215536630200612,0.112093704292049,0.645424717730949,8.12236975296257e-05,0.00503544256877926,0.0254281282194776,80.9296029212515,0.240489330846102,0.0780996754661234,0.00406306195970478,0.0349246906614722,0.748226187778905,-0.0240895943099105,-9.94553716459893,-2.05850974727246e-14,-0.0429869122185295,1.24938539551573e-13,0,0,0,0,1,0.673086199299627,0.673086199299627,65.2246005796389,47.8264214117896,-2.82586679797802
44.06,0.215566614924911,0.112088451861046,0.645685533876362,8.09247550100925e-05,0.00502536545114407,0.0254328716091816,80.9258795829088,0.240478344965251,0.0781004766086521,0.0040642847475009,0.034918774819498,0.748290115413104,-0.0240952052729925,-9.94463938097527,-2.05850974727246e-14,-0.0429869122185295,1.24938539551573e-13,0,0,0,0,1,0.673086199299627,0.673086199299627,65.2091992302934,47.841156312855,-2.82525833514779
44.07,0.215596598046395,0.112083083091917,0.645946374648916,8.0627499261695e-05,0.00501529219479996,0.0254376153331912,80.9221580868892,0.240467364534897,0.0781012771885381,0.00406550642890132,0.0349127434217894,0.748354003878168,-0.024100805799014,-9.94374205199387,-2.05850974727246e-14,-0.0429869122185295,1.24938539551573e-13,0,0,0,0,1,0.673086199299627,0.673086199299627,65.193795231476,47.8558892722479,-2.82464063523191
44.08,0.215626579551674,0.112077598020757,0.646207240050005,8.03319300520172e-05,0.00500522283054534,0.0254423593864518,80.9184384438367,0.240456389586419,0.0781020772027395,0.00406672700228611,0.0349065965076747,0.748417852990127,-0.0241063958875446,-9.94284518011171,-2.05850974727246e-14,-0.0429869122185295,1.24938539551573e-13,0,0,0,0,1,0.673086199299627,0.673086199299627,65.1783885908176,47.8706202957351,-2.82401370303242
44.09,0.215656559427355,0.112071996683975,0.646468130081043,8.00380471501997e-05,0.0049951573891685,0.0254471037639036,80.9147206643878,0.240445420151178,0.0781028766482148,0.00406794646603297,0.0349003341167966,0.748481662565181,-0.0241119755381438,-9.94194876778344,-2.05850974727246e-14,-0.0429869122185295,1.24938539551573e-13,0,0,0,0,1,0.673086199299627,0.673086199299627,65.1629793159325,47.8853493890859,-2.82337754337434
44.1,0.215686537660048,0.112066279118295,0.646729044743465,7.97458503269154e-05,0.00498509590144755,0.0254518484604824,80.9110047591718,0.24043445626051,0.0781036755219226,0.00406916481851723,0.0348939562891129,0.748545432419706,-0.0241175447503607,-9.94105281746152,-2.05850974727246e-14,-0.0429869122185295,1.24938539551573e-13,0,0,0,0,1,0.673086199299627,0.673086199299627,65.1475674144186,47.9000765580722,-2.8227321611056
44.11,0.215716514236365,0.112060445360756,0.646989984038729,7.94553393543462e-05,0.0049750383981503,0.0254565934711188,80.9072907388105,0.240423497945733,0.0781044738208218,0.00407038205811187,0.0348874630648955,0.748609162370248,-0.0241231035237353,-9.94015733159608,-2.05850974727246e-14,-0.0429869122185295,1.24938539551573e-13,0,0,0,0,1,0.673086199299627,0.673086199299627,65.1321528938569,47.9148018084686,-2.82207756109706
44.12,0.215746489142917,0.11205449544871,0.647250947968311,7.91665140061587e-05,0.0049649849100342,0.0254613387907389,80.9035786139184,0.240412545238139,0.0781052715418718,0.0040715981831876,0.0348808544847309,0.748672852233529,-0.0241286518577966,-9.93926231263502,-2.05850974727246e-14,-0.0429869122185295,1.24938539551573e-13,0,0,0,0,1,0.673086199299627,0.673086199299627,65.116735761812,47.9295251460522,-2.82141374824245
44.13,0.215776462366318,0.112048429419825,0.64751193653371,7.88793740574806e-05,0.00495493546784626,0.0254660844142636,80.8998683951023,0.240401598169002,0.078106068682032,0.00407281319211282,0.0348741305895199,0.748736501826442,-0.0241341897520648,-9.93836776302394,-2.05850974727246e-14,-0.0429869122185295,1.24938539551573e-13,0,0,0,0,1,0.673086199299627,0.673086199299627,65.1013160258318,47.944246576603,-2.82074072745836
44.14,0.215806433893183,0.11204224731208,0.647772949736446,7.85939192848773e-05,0.00494489010232292,0.0254708303366095,80.8961600929618,0.240390656769572,0.0781068652382625,0.00407402708325367,0.0348672914204776,0.748800110966059,-0.0241397172060504,-9.93747368520616,-2.05850974727246e-14,-0.0429869122185295,1.24938539551573e-13,0,0,0,0,1,0.673086199299627,0.673086199299627,65.0858936934475,47.958966105903,-2.8200585036842
44.15,0.215836403710126,0.112035949163771,0.64803398757806,7.83101494663279e-05,0.00493484884419003,0.0254755765526882,80.8924537180888,0.240379721071077,0.0781076612075235,0.00407523985497405,0.0348603370191331,0.748863679469623,-0.0241452342192548,-9.93658008162274,-2.05850974727246e-14,-0.0429869122185295,1.24938539551573e-13,0,0,0,0,1,0.673086199299627,0.673086199299627,65.0704687721736,47.9736837397371,-2.8193670818822
44.16,0.215866371803766,0.112029535013505,0.648295050060115,7.80280643812022e-05,0.00492481172416272,0.0254803230574067,80.888749281068,0.240368791104723,0.0781084565867755,0.00407645150563566,0.0348532674273293,0.748927207154552,-0.0241507407911697,-9.93568695471239,-2.05850974727246e-14,-0.0429869122185295,1.24938539551573e-13,0,0,0,0,1,0.673086199299627,0.673086199299627,65.0550412695081,47.9883994838927,-2.81866646703734
44.17,0.215896338160721,0.112023004900206,0.648556137184192,7.77476638102367e-05,0.00491477877294531,0.0254850698456672,80.8850467924761,0.240357866901693,0.0781092513729796,0.00407766203359798,0.0348460826872234,0.748990693838442,-0.0241562369212777,-9.93479430691155,-2.05850974727246e-14,-0.0429869122185295,1.24938539551573e-13,0,0,0,0,1,0.673086199299627,0.673086199299627,65.039611192932,48.0031133441593,-2.81795666415737
44.18,0.215926302767613,0.112016358863108,0.648817248951896,7.7468947535512e-05,0.00490475002123127,0.0254898169123674,80.8813462628825,0.240346948493151,0.0781100455630972,0.00407887143721835,0.0348387828412859,0.749054139339064,-0.024161722609053,-9.93390214065437,-2.05850974727246e-14,-0.0429869122185295,1.24938539551573e-13,0,0,0,0,1,0.673086199299627,0.673086199299627,65.0241785499098,48.0178253263293,-2.81723767827276
44.19,0.215956265611063,0.112009596941762,0.649078385364853,7.71919153404287e-05,0.0048947254997031,0.0254945642524001,80.8776477028491,0.240336035910233,0.0781108391540899,0.00408007971485196,0.0348313679323013,0.749117543474364,-0.0241671978539602,-9.93301045837267,-2.05850974727246e-14,-0.0429869122185295,1.24938539551573e-13,0,0,0,0,1,0.673086199299627,0.673086199299627,65.0087433478893,48.032535436197,-2.81650951443667
44.2,0.215986226677697,0.11200271917603,0.649339546424708,7.69165670096847e-05,0.00488470523903225,0.0254993118606537,80.8739511229298,0.240325129184059,0.07811163214292,0.00408128686485185,0.0348238380033675,0.749180906062466,-0.0241726626554559,-9.93211926249596,-2.05850974727246e-14,-0.0429869122185295,1.24938539551573e-13,0,0,0,0,1,0.673086199299627,0.673086199299627,64.9933055943011,48.0472436795595,-2.81577217772493
44.21,0.21601618595414,0.111995725606087,0.649600732133129,7.66429023292517e-05,0.00487468926987903,0.025504059732012,80.8702565336711,0.240314228345721,0.07811242452655,0.00408249288556899,0.0348161930978957,0.749244226921669,-0.0241781170129878,-9.93122855545141,-2.05850974727246e-14,-0.0429869122185295,1.24938539551573e-13,0,0,0,0,1,0.673086199299627,0.673086199299627,64.9778652965597,48.0619500622159,-2.81502567323601
44.22,0.216046143427022,0.111988616272425,0.649861942491804,7.63709210863527e-05,0.00486467762289254,0.0255088078613541,80.8665639456118,0.240303333426291,0.0781132163019428,0.00408369777535227,0.0348084332596106,0.749307505870454,-0.0241835609259953,-9.93033833966392,-2.05850974727246e-14,-0.0429869122185295,1.24938539551573e-13,0,0,0,0,1,0.673086199299627,0.673086199299627,64.9624224620623,48.076654589968,-2.81427000609099
44.23,0.216076099082972,0.111981391215844,0.650123177502442,7.61006230694382e-05,0.00485467032871057,0.0255135562435547,80.862873369283,0.240292444456819,0.078114007466062,0.00408490153254853,0.03480055853255,0.749370742727476,-0.0241889943939099,-9.92944861755601,-2.05850974727246e-14,-0.0429869122185295,1.24938539551573e-13,0,0,0,0,1,0.673086199299627,0.673086199299627,64.9469770981895,48.0913572686195,-2.81350518143358
44.24,0.216106052908623,0.111974050477461,0.650384437166775,7.58320080681638e-05,0.00484466741795954,0.0255183048734838,80.8591848152079,0.24028156146833,0.0781147980158713,0.00408610415550257,0.0347925689610648,0.749433937311569,-0.0241944174161537,-9.92855939154787,-2.05850974727246e-14,-0.0429869122185295,1.24938539551573e-13,0,0,0,0,1,0.673086199299627,0.673086199299627,64.931529212305,48.1060581039765,-2.81273120442999
44.25,0.216136004890611,0.111966594098704,0.650645721486552,7.55650758733674e-05,0.00483466892125437,0.0255230537460071,80.8554982939021,0.240270684491827,0.0781155879483351,0.00408730564255718,0.0347844645898188,0.749497089441746,-0.0241998299921423,-9.92767066405738,-2.05850974727246e-14,-0.0429869122185295,1.24938539551573e-13,0,0,0,0,1,0.673086199299627,0.673086199299627,64.9160788117556,48.1207571018475,-2.81194808026901
44.26,0.216165955015573,0.111959022121314,0.650907030463547,7.52998262770462e-05,0.00482467486919845,0.0255278028559856,80.8518138158733,0.240259813558291,0.0781163772604182,0.00408850599205319,0.0347762454637886,0.749560198937199,-0.0242052321212825,-9.92678243750005,-2.05850974727246e-14,-0.0429869122185295,1.24938539551573e-13,0,0,0,0,1,0.673086199299627,0.673086199299627,64.9006259038716,48.135454268043,-2.81115581416192
44.27,0.21619590327015,0.111951334587346,0.651168364099554,7.50362590723338e-05,0.00481468529238349,0.025532552198276,80.8481313916214,0.240248948698679,0.0781171659490859,0.00408970520232946,0.0347679116282638,0.749623265617298,-0.0242106238029737,-9.92589471428901,-2.05850974727246e-14,-0.0429869122185295,1.24938539551573e-13,0,0,0,0,1,0.673086199299627,0.673086199299627,64.8851704959659,48.1501496083757,-2.8103544113425
44.28,0.216225849640985,0.111943531539165,0.651429722396386,7.47743740534778e-05,0.00480470022138949,0.0255373017677305,80.8444510316385,0.240238089943926,0.0781179540113039,0.0040909032717229,0.0347594631288461,0.749686289301595,-0.0242160050366074,-9.9250074968351,-2.05850974727246e-14,-0.0429869122185295,1.24938539551573e-13,0,0,0,0,1,0.673086199299627,0.673086199299627,64.869712595335,48.1648431286605,-2.80954387706695
44.29,0.216255794114722,0.111935613019452,0.651691105355879,7.45141710158172e-05,0.00479471968678465,0.0255420515591969,80.8407727464088,0.240227237324941,0.0781187414440386,0.00409210019856851,0.0347509000114502,0.74974926980982,-0.0242213758215679,-9.92412078754676,-2.05850974727246e-14,-0.0429869122185295,1.24938539551573e-13,0,0,0,0,1,0.673086199299627,0.673086199299627,64.8542522092581,48.1795348347144,-2.80872421661394
44.3,0.21628573667801,0.111927579071197,0.65195251297989,7.42556497557597e-05,0.00478474371912523,0.0255468015675187,80.8370965464085,0.240216390872614,0.0781195282442567,0.00409329598119942,0.0347422223223027,0.749812206961888,-0.0242267361572322,-9.92323458883007,-2.05850974727246e-14,-0.0429869122185295,1.24938539551573e-13,0,0,0,0,1,0.673086199299627,0.673086199299627,64.8387893449977,48.1942247323565,-2.80789543528451
44.31,0.216315677317501,0.111919429737705,0.652213945270295,7.39988100707595e-05,0.00477477234895552,0.025551551787535,80.833422442106,0.240205550617808,0.0781203144089255,0.00409449061794688,0.0347334301079426,0.749875100577888,-0.0242320860429696,-9.92234890308873,-2.05850974727246e-14,-0.0429869122185295,1.24938539551573e-13,0,0,0,0,1,0.673086199299627,0.673086199299627,64.8233240097995,48.2089128274079,-2.80705753840207
44.32,0.216345616019849,0.111911165062592,0.652475402228993,7.3743651759295e-05,0.00476480560680776,0.0255563022140804,80.8297504439617,0.240194716591365,0.078121099935013,0.00409568410714027,0.0347245234152212,0.749937950478095,-0.0242374254781429,-9.92146373272408,-2.05850974727246e-14,-0.0429869122185295,1.24938539551573e-13,0,0,0,0,1,0.673086199299627,0.673086199299627,64.8078562108919,48.223599125692,-2.80621053131242
44.33,0.216375552771712,0.111902785089785,0.652736883857905,7.34901746208461e-05,0.00475484352320199,0.0255610528419853,80.826080562428,0.240183888824101,0.0781218848194875,0.0040968764471072,0.0347155022913013,0.750000756482965,-0.0242427544621074,-9.92057908013507,-2.05850974727246e-14,-0.0429869122185295,1.24938539551573e-13,0,0,0,0,1,0.673086199299627,0.673086199299627,64.7923859554866,48.2382836330338,-2.80535441938362
44.34,0.216405487559749,0.111894289863525,0.652998390158969,7.32383784558719e-05,0.00474488612864602,0.0255658036660758,80.8224128079493,0.240173067346811,0.0781226690593181,0.00409806763617343,0.0347063667836581,0.750063518413135,-0.0242480729942119,-9.91969494771828,-2.05850974727246e-14,-0.0429869122185295,1.24938539551573e-13,0,0,0,0,1,0.673086199299627,0.673086199299627,64.7769132507782,48.2529663552606,-2.80448920800607
44.35,0.216435420370624,0.111885679428363,0.653259921134148,7.29882630657892e-05,0.00473493345363536,0.0255705546811739,80.8187471909619,0.240162252190265,0.0781234526514742,0.00409925767266297,0.0346971169400781,0.750126236089425,-0.0242533810737987,-9.91881133786787,-2.05850974727246e-14,-0.0429869122185295,1.24938539551573e-13,0,0,0,0,1,0.673086199299627,0.673086199299627,64.7614381039443,48.2676472982014,-2.80361490259242
44.36,0.216465351191006,0.111876953829164,0.653521476785423,7.27398282529495e-05,0.00472498552865304,0.0255753058820971,80.8150837218942,0.240151443385209,0.0781242355929261,0.00410044655489807,0.0346877528086594,0.750188909332837,-0.024258678700203,-9.91792825297563,-2.05850974727246e-14,-0.0429869122185295,1.24938539551573e-13,0,0,0,0,1,0.673086199299627,0.673086199299627,64.7459605221456,48.2823264676875,-2.80273150857754
44.37,0.216495280007563,0.111868113111102,0.653783057114798,7.24930738206179e-05,0.00471504238416965,0.0255800572636588,80.8114224111662,0.240140640962367,0.0781250178806445,0.00410163428119925,0.034678274437812,0.750251537964559,-0.0242639658727538,-9.91704569543092,-2.05850974727246e-14,-0.0429869122185295,1.24938539551573e-13,0,0,0,0,1,0.673086199299627,0.673086199299627,64.7304805125257,48.2970038695516,-2.80183903141854
44.38,0.216525206806972,0.111859157319664,0.654044662124297,7.22479995729503e-05,0.00470510405064316,0.025584808820668,80.8077632691901,0.240129844952436,0.0781257995116008,0.00410282084988533,0.0346686818762567,0.75031412180596,-0.0242692425907739,-9.91616366762075,-2.05850974727246e-14,-0.0429869122185295,1.24938539551573e-13,0,0,0,0,1,0.673086199299627,0.673086199299627,64.7149980822112,48.3116795096288,-2.80093747659468
44.39,0.216555131575909,0.111850086500649,0.654306291815965,7.2004605314972e-05,0.00469517055851885,0.02558956054793,80.8041063063698,0.240119055386093,0.0781265804827669,0.00410400625927343,0.0346589751730258,0.750376660678592,-0.0242745088535794,-9.91528217192965,-2.05850974727246e-14,-0.0429869122185295,1.24938539551573e-13,0,0,0,0,1,0.673086199299627,0.673086199299627,64.6995132383115,48.3263533937556,-2.80002684960742
44.4,0.216585054301056,0.111840900700165,0.654567946191868,7.17628908525552e-05,0.00468524193822928,0.0255943124402454,80.8004515331011,0.240108272293986,0.0781273607911156,0.00410519050767901,0.0346491543774626,0.750439154404195,-0.0242797646604813,-9.91440121073977,-2.05850974727246e-14,-0.0429869122185295,1.24938539551573e-13,0,0,0,0,1,0.673086199299627,0.673086199299627,64.6840259879191,48.3410255277706,-2.79910715598031
44.41,0.216614974969099,0.111831599964634,0.654829625254093,7.15228559923984e-05,0.00467531822019412,0.025599064492411,80.7967989597715,0.240097495706744,0.07812814043362,0.0041063735934159,0.0346392195392213,0.750501602804688,-0.0242850100107837,-9.91352078643084,-2.05850974727246e-14,-0.0429869122185295,1.24938539551573e-13,0,0,0,0,1,0.673086199299627,0.673086199299627,64.6685363381094,48.355695917514,-2.79817840125902
44.42,0.216644893566726,0.111822184340787,0.655091329004749,7.12845005420037e-05,0.00466539943482012,0.0256038166992194,80.7931485967603,0.240086725654968,0.0781289194072542,0.00410755551479629,0.0346291707082669,0.750564005702183,-0.0242902449037854,-9.91264090138018,-2.05850974727246e-14,-0.0429869122185295,1.24938539551573e-13,0,0,0,0,1,0.673086199299627,0.673086199299627,64.6530442959407,48.3703645688279,-2.79724059101129
44.43,0.216674810080632,0.111812653875666,0.655353057445963,7.10478243096554e-05,0.00465548561250103,0.0256085690554591,80.7895004544386,0.240075962169237,0.0781296977089927,0.00410873627013081,0.034619007934875,0.75062636291897,-0.0242954693387794,-9.91176155796264,-2.05850974727246e-14,-0.0429869122185295,1.24938539551573e-13,0,0,0,0,1,0.673086199299627,0.673086199299627,64.637549868454,48.385031487556,-2.7962937308269
44.44,0.216704724497513,0.111803008616626,0.655614810579886,7.08128271043984e-05,0.00464557678361747,0.0256133215559146,80.7858545431691,0.240065205280103,0.0781304753358108,0.00410991585772849,0.034608731269632,0.750688674277529,-0.0243006833150532,-9.91088275855066,-2.05850974727246e-14,-0.0429869122185295,1.24938539551573e-13,0,0,0,0,1,0.673086199299627,0.673086199299627,64.6220530626734,48.3996966795439,-2.79533782631766
44.45,0.216734636804071,0.111793248611329,0.655876588408687,7.0579508736017e-05,0.00463567297853686,0.0256180741953663,80.7822108733064,0.240054455018098,0.0781312522846846,0.00411109427589681,0.0345983407634344,0.750750939600526,-0.0243058868318887,-9.91000450551424,-2.05850974727246e-14,-0.0429869122185295,1.24938539551573e-13,0,0,0,0,1,0.673086199299627,0.673086199299627,64.6065538856058,48.4143601506387,-2.79437288311737
44.46,0.216764546987011,0.111783373907751,0.65613839093456,7.03478690150128e-05,0.00462577422761336,0.0256228269685907,80.7785694551965,0.240043711413724,0.0781320285525908,0.00411227152294173,0.034587836467489,0.75081315871081,-0.0243110798885624,-9.90912680122092,-2.05850974727246e-14,-0.0429869122185295,1.24938539551573e-13,0,0,0,0,1,0.673086199299627,0.673086199299627,64.5910523442408,48.4290219066892,-2.79339890688178
44.47,0.216794455033045,0.111773384554176,0.656400218159715,7.01179077525844e-05,0.00461588056118775,0.0256275798703601,80.7749302991774,0.240032974497463,0.0781328041365067,0.00411344759716771,0.0345772184333129,0.750875331431421,-0.0243162624843462,-9.9082496480358,-2.05850974727246e-14,-0.0429869122185295,1.24938539551573e-13,0,0,0,0,1,0.673086199299627,0.673086199299627,64.5755484455511,48.4436819535458,-2.7924159032886
44.48,0.216824360928886,0.1117632805992,0.656662070086387,6.98896247606046e-05,0.00460599200958737,0.0256323328954431,80.7712934155782,0.240022244299769,0.0781335790334106,0.00411462249687772,0.034566486712733,0.750937457585586,-0.0243214346185065,-9.90737304832155,-2.05850974727246e-14,-0.0429869122185295,1.24938539551573e-13,0,0,0,0,1,0.673086199299627,0.673086199299627,64.5600421964919,48.4583402970606,-2.79142387803743
44.49,0.216854264661254,0.111753062091728,0.656923946716829,6.96630198516008e-05,0.004596108603126,0.025637086038604,80.7676588147201,0.240011520851074,0.0781343532402813,0.00411579622037327,0.034555641357886,0.750999536996715,-0.0243265962903042,-9.90649700443832,-2.05850974727246e-14,-0.0429869122185295,1.24938539551573e-13,0,0,0,0,1,0.673086199299627,0.673086199299627,64.5445336040015,48.4729969430872,-2.79042283684975
44.5,0.216884166216872,0.111742729080975,0.657185848053317,6.94380928387321e-05,0.00458623037210382,0.0256418392946037,80.7640265069155,0.240000804181783,0.0781351267540986,0.00411696876595443,0.0345446824212184,0.751061569488412,-0.0243317474989966,-9.90562151874385,-2.05850974727246e-14,-0.0429869122185295,1.24938539551573e-13,0,0,0,0,1,0.673086199299627,0.673086199299627,64.5290226750008,48.4876518974806,-2.78941278546892
44.51,0.216914065582469,0.111732281616468,0.657447774098146,6.92148435357698e-05,0.00457635734680727,0.0256465926581986,80.7603965024686,0.239990094322277,0.0781358995718429,0.00411814013191986,0.0345336099554863,0.751123554884467,-0.0243368882438357,-9.90474659359339,-2.05850974727246e-14,-0.0429869122185295,1.24938539551573e-13,0,0,0,0,1,0.673086199299627,0.673086199299627,64.5135094163934,48.5023051660975,-2.78839372966009
44.52,0.216943962744778,0.111721719748042,0.657709724853633,6.89932717570754e-05,0.00456648955750899,0.0256513461241418,80.7567688116748,0.239979391302913,0.0781366716904954,0.00411931031656682,0.0345224240137551,0.751185493008857,-0.0243420185240688,-9.90387223133972,-2.05850974727246e-14,-0.0429869122185295,1.24938539551573e-13,0,0,0,0,1,0.673086199299627,0.673086199299627,64.4979938350659,48.5169567547961,-2.78736567521023
44.53,0.216973857690538,0.11171104352584,0.657971700322117,6.87733773175794e-05,0.00455662703446776,0.0256560996871821,80.7531434448213,0.23996869515402,0.0781374431070381,0.0041204793181912,0.0345111246493994,0.751247383685751,-0.0243471383389384,-9.90299843433313,-2.05850974727246e-14,-0.0429869122185295,1.24938539551573e-13,0,0,0,0,1,0.673086199299627,0.673086199299627,64.4824759378875,48.5316066694359,-2.78632862792807
44.54,0.217003750406491,0.111700253000319,0.658233700505954,6.85551600327612e-05,0.00454676980792835,0.0256608533420648,80.7495204121865,0.239958005905904,0.0781382138184539,0.00412164713508755,0.0344997119161032,0.751309226739508,-0.0243522476876842,-9.90212520492146,-2.05850974727246e-14,-0.0429869122185295,1.24938539551573e-13,0,0,0,0,1,0.673086199299627,0.673086199299627,64.4669557317101,48.5462549158779,-2.78528259364409
44.55,0.217033640879385,0.111689348222241,0.658495725407525,6.83386197186274e-05,0.00453691790812151,0.0256656070835311,80.7458997240404,0.239947323588846,0.0781389838217265,0.00412281376554908,0.034488185867859,0.751371021994672,-0.0243573465695397,-9.90125254544999,-2.05850974727246e-14,-0.0429869122185295,1.24938539551573e-13,0,0,0,0,1,0.673086199299627,0.673086199299627,64.4514332233684,48.5609014999846,-2.78422757821049
44.56,0.217063529095974,0.11167832924268,0.65875777502923,6.81237561916919e-05,0.00452707136526381,0.0256703609063187,80.7422813906442,0.2399366482331,0.0781397531138403,0.00412397920786771,0.0344765465589687,0.751432769275982,-0.0243624349837355,-9.90038045826159,-2.05850974727246e-14,-0.0429869122185295,1.24938539551573e-13,0,0,0,0,1,0.673086199299627,0.673086199299627,64.4359084196797,48.5755464276196,-2.78316358750114
44.57,0.217093415043016,0.111667196113019,0.659019849373489,6.79105692689545e-05,0.00451723020955758,0.0256751148051614,80.7386654222507,0.239925979868898,0.0781405216917806,0.00412514346033405,0.0344647940440424,0.751494468408366,-0.0243675129294985,-9.8995089456966,-2.05850974727246e-14,-0.0429869122185295,1.24938539551573e-13,0,0,0,0,1,0.673086199299627,0.673086199299627,64.4203813274441,48.5901897046482,-2.78209062741159
44.58,0.217123298707275,0.111655948884948,0.659281948442745,6.76990587678799e-05,0.00450739447119085,0.0256798687747893,80.7350518291039,0.239915318526442,0.0781412895525337,0.00412630652123748,0.0344529283779989,0.751556119216943,-0.0243725804060508,-9.89863801009284,-2.05850974727246e-14,-0.0429869122185295,1.24938539551573e-13,0,0,0,0,1,0.673086199299627,0.673086199299627,64.4048519534443,48.6048313369368,-2.78100870385899
44.59,0.217153180075521,0.111644587610467,0.65954407223946,6.74892245063782e-05,0.00449756418033723,0.0256846228099288,80.7314406214392,0.239904664235911,0.0781420566930866,0.00412746838886613,0.0344409496160655,0.751617721527023,-0.0243776374126115,-9.89776765378563,-2.05850974727246e-14,-0.0429869122185295,1.24938539551573e-13,0,0,0,0,1,0.673086199299627,0.673086199299627,64.3893203044458,48.6194713303531,-2.77991782278212
44.6,0.217183059134527,0.111633112341886,0.659806220766118,6.72810663027835e-05,0.00448773936715584,0.0256893769053026,80.7278318094832,0.239894017027458,0.0781428231104273,0.00412862906150691,0.0344288578137774,0.75167927516411,-0.0243826839483954,-9.89689787910779,-2.05850974727246e-14,-0.0429869122185295,1.24938539551573e-13,0,0,0,0,1,0.673086199299627,0.673086199299627,64.3737863871965,48.6341096907661,-2.77881799014133
44.61,0.217212935871074,0.111621523131823,0.660068394025222,6.70745839758335e-05,0.00447792006179121,0.0256941310556297,80.7242254034539,0.239883376931211,0.0781435888015445,0.00412978853744553,0.0344166530269783,0.751740779953895,-0.0243877200126146,-9.8960286883896,-2.05850974727246e-14,-0.0429869122185295,1.24938539551573e-13,0,0,0,0,1,0.673086199299627,0.673086199299627,64.3582502084271,48.6487464240461,-2.77770921191853
44.62,0.217242810271949,0.111609820033203,0.660330592019298,6.68697773446493e-05,0.00446810629437318,0.0256988852556256,80.7206214135603,0.239872743977271,0.0781443537634282,0.00413094681496656,0.0344043353118195,0.751802235722268,-0.0243927456044777,-9.89516008395888,-2.05850974727246e-14,-0.0429869122185295,1.24938539551573e-13,0,0,0,0,1,0.673086199299627,0.673086199299627,64.3427117748509,48.6633815360645,-2.7765914941171
44.63,0.217272682323942,0.11159800309926,0.660592814750891,6.66666462287149e-05,0.00445829809501686,0.0257036395000021,80.7170198500029,0.239862118195714,0.0781451179930689,0.00413210389235338,0.0343919047247602,0.751863642295306,-0.0243977607231896,-9.89429206814083,-2.05850974727246e-14,-0.0429869122185295,1.24938539551573e-13,0,0,0,0,1,0.673086199299627,0.673086199299627,64.3271710931639,48.6780150326939,-2.77546484276196
44.64,0.217302552013851,0.111586072383537,0.660855062222569,6.64651904478568e-05,0.00444849549382251,0.0257083937834673,80.7134207229732,0.239851499616589,0.0781458814874582,0.00413325976788825,0.0343793613225672,0.751924999499282,-0.0244027653679521,-9.8934246432582,-2.05850974727246e-14,-0.0429869122185295,1.24938539551573e-13,0,0,0,0,1,0.673086199299627,0.673086199299627,64.3116281700445,48.6926469198081,-2.77432926389948
44.65,0.21733241932848,0.111574027939886,0.661117334436919,6.62654098222241e-05,0.00443869852087544,0.025713148100726,80.709824042654,0.23984088826992,0.0781466442435888,0.00413441443985235,0.0343667051623146,0.751986307160662,-0.0244077595379647,-9.89255781163115,-2.05850974727246e-14,-0.0429869122185295,1.24938539551573e-13,0,0,0,0,1,0.673086199299627,0.673086199299627,64.2960830121538,48.707277203282,-2.77318476359747
44.66,0.217362284254637,0.111561869822463,0.661379631396548,6.60673041722681e-05,0.00442890720624595,0.0257179024464792,80.7062298192191,0.239830284185705,0.0781474062584541,0.00413556790652575,0.0343539363013842,0.752047565106106,-0.0244127432324232,-9.89169157557733,-2.05850974727246e-14,-0.0429869122185295,1.24938539551573e-13,0,0,0,0,1,0.673086199299627,0.673086199299627,64.2805356261354,48.7219058889915,-2.77203134794512
44.67,0.217392146779139,0.111549598085737,0.661641953104086,6.58708733187219e-05,0.00441912157998924,0.0257226568154245,80.7026380628334,0.239819687393915,0.0781481675290486,0.00413672016618745,0.0343410547974644,0.752108773162468,-0.024417716450521,-9.89082593741185,-2.05850974727246e-14,-0.0429869122185295,1.24938539551573e-13,0,0,0,0,1,0.673086199299627,0.673086199299627,64.2649860186156,48.7365329828139,-2.77086902305302
44.68,0.217422006888807,0.111537212784479,0.661904299562182,6.5676117082581e-05,0.00440934167214528,0.025727411202256,80.699048783653,0.239809097924494,0.0781489280523678,0.00413787121711545,0.0343280607085509,0.752169931156798,-0.0244226791914487,-9.88996089944724,-2.05850974727246e-14,-0.0429869122185295,1.24938539551573e-13,0,0,0,0,1,0.673086199299627,0.673086199299627,64.2494341962032,48.751158490627,-2.76969779505312
44.69,0.217451864570468,0.111524713973773,0.662166670773507,6.54830352850827e-05,0.0043995675127388,0.0257321656016644,80.695461991825,0.239798515807363,0.0781496878254082,0.00413902105758668,0.0343149540929464,0.752231038916339,-0.0244276314543946,-9.88909646399351,-2.05850974727246e-14,-0.0429869122185295,1.24938539551573e-13,0,0,0,0,1,0.673086199299627,0.673086199299627,64.2338801654894,48.7657824183102,-2.76851767009867
44.7,0.217481719810957,0.111512101709006,0.662429066740751,6.52916277476865e-05,0.00438979913177913,0.0257369200083368,80.6918776974875,0.239787941072413,0.0781504468451672,0.0041401696858771,0.0343017350092599,0.752292096268529,-0.0244325732385445,-9.88823263335808,-2.05850974727246e-14,-0.0429869122185295,1.24938539551573e-13,0,0,0,0,1,0.673086199299627,0.673086199299627,64.218323933048,48.7804047717435,-2.76732865436422
44.71,0.217511572597114,0.111499376045876,0.662691487466628,6.51018942920539e-05,0.00438003655926014,0.0257416744169569,80.6882959107697,0.23977737374951,0.0781512051086433,0.0041413171002617,0.0342884035164071,0.752353103041004,-0.0244375045430817,-9.88736940984582,-2.05850974727246e-14,-0.0429869122185295,1.24938539551573e-13,0,0,0,0,1,0.673086199299627,0.673086199299627,64.2027655054353,48.795025556808,-2.76613075404559
44.72,0.217541422915787,0.111486537040383,0.662953932953869,6.49138347400294e-05,0.00437027982516016,0.0257464288222052,80.6847166417917,0.239766813868493,0.0781519626128361,0.0041424632990145,0.03427495967361,0.752414059061594,-0.024442425367187,-9.88650679575905,-2.05850974727246e-14,-0.0429869122185295,1.24938539551573e-13,0,0,0,0,1,0.673086199299627,0.673086199299627,64.1872048891902,48.8096447793857,-2.76492397535984
44.73,0.217571270753829,0.11147358474884,0.663216403205228,6.47274489136196e-05,0.0043605289594419,0.0257511832187586,80.6811399006644,0.239756261459175,0.0781527193547462,0.00414360828040859,0.0342614035403968,0.752474964158326,-0.0244473357100403,-9.88564479339747,-2.05850974727246e-14,-0.0429869122185295,1.24938539551573e-13,0,0,0,0,1,0.673086199299627,0.673086199299627,64.1716420908339,48.8242624453594,-2.76370832454523
44.74,0.217601116098099,0.111460519227862,0.66347889822348,6.45427366349743e-05,0.00435078399205233,0.0257559376012908,80.6775656974899,0.239745716551343,0.0781534753313753,0.00414475204271617,0.0342477351766016,0.752535818159424,-0.0244522355708184,-9.88478340505827,-2.05850974727246e-14,-0.0429869122185295,1.24938539551573e-13,0,0,0,0,1,0.673086199299627,0.673086199299627,64.1560771168702,48.8388785606131,-2.76248380786121
44.75,0.217630958935466,0.111447340534372,0.663741418011418,6.43596977263664e-05,0.00434104495292259,0.025760691964472,80.6739940423611,0.239735179174754,0.078154230539726,0.00414589458420852,0.0342339546423645,0.752596620893311,-0.0244571249486962,-9.883922633036,-2.05850974727246e-14,-0.0429869122185295,1.24938539551573e-13,0,0,0,0,1,0.673086199299627,0.673086199299627,64.1405099737853,48.8534931310313,-2.76125043158836
44.76,0.217660799252803,0.111434048725601,0.664003962571858,6.41783320101729e-05,0.00433131187196797,0.0257654463029692,80.6704249453617,0.239724649359142,0.0781549849768021,0.00414703590315608,0.0342200619981312,0.752657372188601,-0.0244620038428478,-9.88306247962266,-2.05850974727246e-14,-0.0429869122185295,1.24938539551573e-13,0,0,0,0,1,0.673086199299627,0.673086199299627,64.1249406680479,48.8681061624995,-2.76000820202841
44.77,0.217690637036991,0.111420643859084,0.664266531907637,6.39986393088549e-05,0.00432158477908773,0.0257702006114462,80.6668584165664,0.239714127134212,0.0781557386396087,0.00414817599782842,0.034206057304653,0.752718071874113,-0.024466872252445,-9.88220294710761,-2.05850974727246e-14,-0.0429869122185295,1.24938539551573e-13,0,0,0,0,1,0.673086199299627,0.673086199299627,64.109369206109,48.8827176609039,-2.75875712550418
44.78,0.217720472274918,0.111407125992663,0.664529126021612,6.38206194449383e-05,0.00431186370416508,0.0257749548845634,80.6632944660405,0.239703612529642,0.0781564915251516,0.0041493148664943,0.0341919406229865,0.752778719778862,-0.0244717301766585,-9.88134403777769,-2.05850974727246e-14,-0.0429869122185295,1.24938539551573e-13,0,0,0,0,1,0.673086199299627,0.673086199299627,64.0937955944023,48.8973276321316,-2.75749720835953
44.79,0.217750304953477,0.111393495184488,0.664791744916659,6.36442722409945e-05,0.00430214867706706,0.0257797091169781,80.6597331038402,0.239693105575083,0.0781572436304381,0.00415045250742168,0.0341777120144933,0.752839315732059,-0.0244765776146563,-9.88048575391709,-2.05850974727246e-14,-0.0429869122185295,1.24938539551573e-13,0,0,0,0,1,0.673086199299627,0.673086199299627,64.0782198393435,48.9119360820704,-2.7562284569594
44.8,0.217780135059572,0.111379751493011,0.665054388595678,6.34695975196206e-05,0.00429243972764445,0.0257844633033443,80.6561743400125,0.23968260630016,0.0781579949524765,0.00415158891887773,0.0341633715408404,0.752899859563115,-0.0244814145656073,-9.87962809780738,-2.05850974727246e-14,-0.0429869122185295,1.24938539551573e-13,0,0,0,0,1,0.673086199299627,0.673086199299627,64.0626419473311,48.9265430166087,-2.75495087768971
44.81,0.217809962580111,0.111365894976993,0.665317057061588,6.32965951034209e-05,0.00428273688573171,0.0257892174383128,80.6526181845952,0.239672114734468,0.0781587454882761,0.00415272409912887,0.0341489192639992,0.752960351101644,-0.0244862410286776,-9.87877107172757,-2.05850974727246e-14,-0.0429869122185295,1.24938539551573e-13,0,0,0,0,1,0.673086199299627,0.673086199299627,64.0470619247457,48.9411484416358,-2.75366447695736
44.82,0.21783978750201,0.111351925695499,0.665579750317328,6.31252648149871e-05,0.00427304018114686,0.0257939715165312,80.6490646476166,0.239661630907577,0.0781594952348477,0.00415385804644077,0.0341343552462462,0.753020790177454,-0.024491057003033,-9.87791467795403,-2.05850974727246e-14,-0.0429869122185295,1.24938539551573e-13,0,0,0,0,1,0.673086199299627,0.673086199299627,64.0314797779504,48.9557523630413,-2.75236926119022
44.83,0.217869609812194,0.111337843707899,0.665842468365858,6.29556064768793e-05,0.0042633496436914,0.0257987255326442,80.645513739096,0.23965115484903,0.078160244189203,0.00415499075907839,0.0341196795501619,0.753081176620556,-0.0244958624878371,-9.87705891876051,-2.05850974727246e-14,-0.0429869122185295,1.24938539551573e-13,0,0,0,0,1,0.673086199299627,0.673086199299627,64.0158955132907,48.9703547867159,-2.75106523683707
44.84,0.217899429497594,0.11132364907387,0.66610521121016,6.27876199116069e-05,0.00425366530315023,0.0258034794812932,80.641965469043,0.239640686588341,0.0781609923483549,0.00415612223530599,0.0341048922386317,0.75314151026116,-0.0245006574822546,-9.87620379641814,-2.05850974727246e-14,-0.0429869122185295,1.24938539551573e-13,0,0,0,0,1,0.673086199299627,0.673086199299627,64.0003091370944,48.9849557185505,-2.74975241036759
44.85,0.217929246545149,0.111309341853392,0.666367978853234,6.26213049416097e-05,0.00424398718929158,0.0258082333571165,80.6384198474582,0.239630226154996,0.0781617397093177,0.00415725247338717,0.0340899933748446,0.753201790929678,-0.0245054419854481,-9.87534931319544,-2.05850974727246e-14,-0.0429869122185295,1.24938539551573e-13,0,0,0,0,1,0.673086199299627,0.673086199299627,63.9847206556716,48.9995551644368,-2.74843078827233
44.86,0.217959060941804,0.111294922106752,0.666630771298104,6.24566613892388e-05,0.00423431533186687,0.0258129871547493,80.6348768843325,0.239619773578455,0.0781624862691067,0.00415838147158485,0.034074983022294,0.753262018456722,-0.0245102159965802,-9.87449547135826,-2.05850974727246e-14,-0.0429869122185295,1.24938539551573e-13,0,0,0,0,1,0.673086199299627,0.673086199299627,63.9691300753147,49.014153130267,-2.74710037706266
44.87,0.217988872674515,0.11128038989454,0.666893588547812,6.22936890767374e-05,0.00422464976061067,0.0258177408688239,80.6313365896476,0.23960932888815,0.0781632320247386,0.00415950922816136,0.0340598612447768,0.753322192673105,-0.0245149795148121,-9.87364227316987,-2.05850974727246e-14,-0.0429869122185295,1.24938539551573e-13,0,0,0,0,1,0.673086199299627,0.673086199299627,63.9535374022986,49.0287496219338,-2.74576118327078
44.88,0.218018681730243,0.11126574527765,0.667156430605422,6.21323878262224e-05,0.00421499050524058,0.0258224944939695,80.6277989733757,0.239598892113484,0.0781639769732313,0.00416063574137837,0.0340446281063936,0.753382313409844,-0.0245197325393059,-9.87278972089085,-2.05850974727246e-14,-0.0429869122185295,1.24938539551573e-13,0,0,0,0,1,0.673086199299627,0.673086199299627,63.9379426428804,49.0433446453304,-2.74441321344965
44.89,0.218048488095958,0.111250988317284,0.667419297474017,6.19727574596653e-05,0.00420533759545715,0.0258272480248124,80.6242640454794,0.239588463283834,0.0781647211116039,0.00416176100949701,0.0340292836715485,0.753442380498153,-0.0245244750692225,-9.87193781677915,-2.05850974727246e-14,-0.0429869122185295,1.24938539551573e-13,0,0,0,0,1,0.673086199299627,0.673086199299627,63.9223458032993,49.0579382063505,-2.743056474173
44.9,0.218078291758638,0.111236119074944,0.667682189156703,6.18147977988736e-05,0.00419569106094383,0.0258320014559757,80.6207318159121,0.239578042428546,0.0781654644368768,0.0041628850307778,0.0340138280049489,0.753502393769453,-0.0245292071037227,-9.87108656309007,-2.05850974727246e-14,-0.0429869122185295,1.24938539551573e-13,0,0,0,0,1,0.673086199299627,0.673086199299627,63.9067468897771,49.0725303108882,-2.74169097203528
44.91,0.218108092705269,0.111221137612439,0.667945105656605,6.1658508665472e-05,0.00418605093136682,0.0258367547820799,80.6172022946174,0.239567629576941,0.0781662069460717,0.00416400780348074,0.0339982611716051,0.753562353055365,-0.0245339286419679,-9.87023596207629,-2.05850974727246e-14,-0.0429869122185295,1.24938539551573e-13,0,0,0,0,1,0.673086199299627,0.673086199299627,63.8911459085178,49.0871209648381,-2.74031671365162
44.92,0.218137890922844,0.111206043991881,0.668208046976869,6.15038898808839e-05,0.004176417236375,0.0258415079977422,80.6136754915296,0.239557224758311,0.0781669486362115,0.00416512932586529,0.0339825832368305,0.753622258187716,-0.0245386396831185,-9.86938601598779,-2.05850974727246e-14,-0.0429869122185295,1.24938539551573e-13,0,0,0,0,1,0.673086199299627,0.673086199299627,63.8755428657074,49.1017101740949,-2.73893370565782
44.93,0.218167686398365,0.111190838275685,0.668471013120662,6.13509412663123e-05,0.00416679000559987,0.0258462610975771,80.6101514165731,0.239546828001919,0.0781676895043206,0.00416624959619042,0.033966794266241,0.753682108998535,-0.0245433402263356,-9.8685367270719,-2.05850974727246e-14,-0.0429869122185295,1.24938539551573e-13,0,0,0,0,1,0.673086199299627,0.673086199299627,63.8599377675145,49.1162979445541,-2.73754195471031
44.94,0.218197479118843,0.111175520526571,0.66873400409117,6.11996626427223e-05,0.00415716926865544,0.0258510140761963,80.606630079663,0.239536439337001,0.0781684295474246,0.00416736861271462,0.0339508943257552,0.753741905320051,-0.0245480302707805,-9.86768809757328,-2.05850974727246e-14,-0.0429869122185295,1.24938539551573e-13,0,0,0,0,1,0.673086199299627,0.673086199299627,63.8443306200898,49.1308842821112,-2.73614146748615
44.95,0.218227269071297,0.111160090807562,0.668997019891602,6.10500538308215e-05,0.00414755505513814,0.0258557669282085,80.6031114907047,0.239526058792763,0.0781691687625504,0.00416848637369589,0.0339348834815941,0.753801646984702,-0.0245527098156152,-9.86684012973392,-2.05850974727246e-14,-0.0429869122185295,1.24938539551573e-13,0,0,0,0,1,0.673086199299627,0.673086199299627,63.8287214295661,49.1454691926621,-2.73473225068296
44.96,0.218257056242754,0.111144549181983,0.669260060525185,6.09021146510426e-05,0.00413794739462674,0.0258605196482197,80.599595659594,0.239515686398385,0.0781699071467264,0.00416960287739181,0.0339187618002807,0.753861333825131,-0.0245573788600017,-9.86599282579317,-2.05850974727246e-14,-0.0429869122185295,1.24938539551573e-13,0,0,0,0,1,0.673086199299627,0.673086199299627,63.8131102020586,49.160052682103,-2.73331431101889
44.97,0.218286840620248,0.111128895713463,0.669523125995169,6.07558449235242e-05,0.00412834631668223,0.025865272230833,80.5960825962168,0.239505322183016,0.0781706446969821,0.00417071812205955,0.0339025293486399,0.753920965674179,-0.0245620374031027,-9.86514618798765,-2.05850974727246e-14,-0.0429869122185295,1.24938539551573e-13,0,0,0,0,1,0.673086199299627,0.673086199299627,63.7974969436646,49.1746347563304,-2.73188765523265
44.98,0.218316622190825,0.111113130465936,0.669786216304823,6.06112444680929e-05,0.00411875185084779,0.0258700246706488,80.5925723104497,0.239494966175779,0.0781713814103487,0.00417183210595585,0.0338861861937987,0.7539805423649,-0.0245666854440813,-9.86430021855131,-2.05850974727246e-14,-0.0429869122185295,1.24938539551573e-13,0,0,0,0,1,0.673086199299627,0.673086199299627,63.7818816604637,49.1892154212408,-2.73045229008341
44.99,0.218346400941537,0.111097253503634,0.670049331457438,6.04683131042452e-05,0.00410916402664865,0.0258747769622646,80.5890648121591,0.239484618405765,0.0781721172838585,0.00417294482733711,0.0338697324031856,0.75404006373055,-0.024571322982102,-9.86345491971544,-2.05850974727246e-14,-0.0429869122185295,1.24938539551573e-13,0,0,0,0,1,0.673086199299627,0.673086199299627,63.7662643585176,49.2037946827312,-2.72900822235082
45,0.218376176859445,0.111081264891097,0.670312471456322,6.03270506511289e-05,0.00409958287359203,0.0258795291002754,80.5855601112021,0.239474278902039,0.0781728523145454,0.00417405628445934,0.0338531680445303,0.754099529604587,-0.0245759500163294,-9.86261029370858,-2.05850974727246e-14,-0.0429869122185295,1.24938539551573e-13,0,0,0,0,1,0.673086199299627,0.673086199299627,63.7506450438703,49.2183725466985,-2.72755545883495
45.01,0.21840594993162,0.111065164693163,0.670575636304809,6.01874569275255e-05,0.00409000842116704,0.0258842810792733,80.5820582174258,0.239463947693637,0.0781735864994447,0.00417516647557824,0.0338364931858639,0.754158939820682,-0.0245805665459302,-9.86176634275665,-2.05850974727246e-14,-0.0429869122185295,1.24938539551573e-13,0,0,0,0,1,0.673086199299627,0.673086199299627,63.7350237225476,49.23294901904,-2.72609400635627
45.02,0.218435720145141,0.111048952974975,0.670838826006249,6.00495317518317e-05,0.00408044069884457,0.0258890328938477,80.5785591406674,0.239453624809565,0.078174319835593,0.00417627539894918,0.0338197078955185,0.754218294212709,-0.0245851725700715,-9.8609230690828,-2.05850974727246e-14,-0.0429869122185295,1.24938539551573e-13,0,0,0,0,1,0.673086199299627,0.673086199299627,63.719400400558,49.2475241056529,-2.72462387175564
45.03,0.218465487487097,0.111032629801977,0.671102040564014,5.99132749420413e-05,0.00407087973607724,0.0258937845385856,80.5750628907545,0.239443310278801,0.0781750523200285,0.00417738305282724,0.0338028122421272,0.754277592614749,-0.0245897680879207,-9.86008047490752,-2.05850974727246e-14,-0.0429869122185295,1.24938539551573e-13,0,0,0,0,1,0.673086199299627,0.673086199299627,63.7037750838917,49.2620978124344,-2.72314506189425
45.04,0.218495251944583,0.111016195239914,0.671365279981498,5.97786863157279e-05,0.00406132556229931,0.0258985360080712,80.5715694775048,0.239433004130294,0.0781757839497907,0.00417848943546722,0.0337858062946235,0.754336834861089,-0.0245943530986486,-9.85923856244857,-2.05850974727246e-14,-0.0429869122185295,1.24938539551573e-13,0,0,0,0,1,0.673086199299627,0.673086199299627,63.6881477785213,49.2766701452822,-2.72165758365362
45.05,0.218525013504707,0.110999649354835,0.671628544262112,5.9645765690026e-05,0.00405177820692654,0.0259032872968859,80.568078910726,0.239422706392962,0.0781765147219206,0.00417959454512368,0.0337686901222415,0.754396020786226,-0.0245989276014254,-9.85839733392099,-2.05850974727246e-14,-0.0429869122185295,1.24938539551573e-13,0,0,0,0,1,0.673086199299627,0.673086199299627,63.6725184904014,49.2912411100936,-2.72016144393555
45.06,0.218554772154584,0.110982992213089,0.671891833409292,5.95145128816142e-05,0.00404223769935616,0.0259080383996089,80.564591200216,0.239412417095697,0.0781772446334609,0.00418069838005095,0.0337514637945155,0.754455150224862,-0.0246034915954242,-9.85755679153712,-2.05850974727246e-14,-0.0429869122185295,1.24938539551573e-13,0,0,0,0,1,0.673086199299627,0.673086199299627,63.6568872254688,49.3058107127661,-2.71865664966209
45.07,0.218584527881338,0.110966223881326,0.672155147426491,5.93849277066965e-05,0.00403270406896675,0.0259127893108166,80.5611063557627,0.239402136267359,0.0781779736814556,0.00418180093850313,0.0337341273812799,0.75451422301191,-0.0246080450798192,-9.85671693750659,-2.05850974727246e-14,-0.0429869122185295,1.24938539551573e-13,0,0,0,0,1,0.673086199299627,0.673086199299627,63.6412539896422,49.320378959197,-2.71714320777553
45.08,0.218614280672104,0.110949344426498,0.672418486317184,5.92570099809851e-05,0.00402317734511815,0.0259175400250829,80.5576243871442,0.23939186393678,0.0781787018629501,0.00418290221873416,0.0337166809526691,0.754573238982489,-0.024612588053786,-9.85587777403624,-2.05850974727246e-14,-0.0429869122185295,1.24938539551573e-13,0,0,0,0,1,0.673086199299627,0.673086199299627,63.6256187888226,49.3349458552839,-2.71562112523835
45.09,0.218644030514024,0.110932353915858,0.672681850084865,5.91307595196828e-05,0.0040136575571514,0.0259222905369791,80.5541453041285,0.239381600132763,0.0781794291749916,0.00418400221899777,0.0336991245791168,0.754632197971927,-0.0246171205165028,-9.85503930333025,-2.05850974727246e-14,-0.0429869122185295,1.24938539551573e-13,0,0,0,0,1,0.673086199299627,0.673086199299627,63.6099816288932,49.3495114069239,-2.7140904090332
45.1,0.218673777394253,0.110915252416959,0.672945238733052,5.90061761374646e-05,0.00400414473438861,0.0259270408410743,80.5506691164736,0.239371344884081,0.0781801556146286,0.00418510093754759,0.0336814583313566,0.754691099815765,-0.0246216424671489,-9.85420152759004,-2.05850974727246e-14,-0.0429869122185295,1.24938539551573e-13,0,0,0,0,1,0.673086199299627,0.673086199299627,63.5943425157189,49.3640756200143,-2.71255106616289
45.11,0.218703521299952,0.110898039997655,0.673208652265278,5.88832596484612e-05,0.00399463890613288,0.0259317909319348,80.5471958339274,0.239361098219477,0.0781808811789114,0.00418619837263708,0.0336636822804211,0.754749944349747,-0.0246261539049057,-9.85336444901427,-2.05850974727246e-14,-0.0429869122185295,1.24938539551573e-13,0,0,0,0,1,0.673086199299627,0.673086199299627,63.578701455147,49.3786385004522,-2.7110031036503
45.12,0.218733262218293,0.110880716726102,0.673472090685102,5.87620098662405e-05,0.00398514010166826,0.0259365408041247,80.543725466228,0.239350860167665,0.0781816058648915,0.00418729452251962,0.0336457964976421,0.754808731409832,-0.024630654828958,-9.8525280697989,-2.05850974727246e-14,-0.0429869122185295,1.24938539551573e-13,0,0,0,0,1,0.673086199299627,0.673086199299627,63.5630584530067,49.3932000541345,-2.70944652853843
45.13,0.218763000136459,0.110863282670754,0.673735553996101,5.86424266037909e-05,0.00397564835025957,0.0259412904522055,80.5402580231032,0.239340630757329,0.0781823296696225,0.00418838938544849,0.0336278010546503,0.754867460832187,-0.0246351452384912,-9.8516923921371,-2.05850974727246e-14,-0.0429869122185295,1.24938539551573e-13,0,0,0,0,1,0.673086199299627,0.673086199299627,63.5474135151093,49.4077602869579,-2.70788134789031
45.14,0.218792735041639,0.110845737900367,0.67399904220187,5.85245096735035e-05,0.00396616368115242,0.0259460398707365,80.5367935142707,0.239330410017123,0.078183052590159,0.00418948295967692,0.0336096960233749,0.754926132453188,-0.0246396251326936,-9.85085741821931,-2.05850974727246e-14,-0.0429869122185295,1.24938539551573e-13,0,0,0,0,1,0.673086199299627,0.673086199299627,63.5317666472481,49.4223192048189,-2.706307568789
45.15,0.218822466921037,0.110828082483994,0.674262555306029,5.84082588871545e-05,0.00395668612357301,0.0259507890542745,80.5333319494382,0.239320197975672,0.0781837746235577,0.00419057524345807,0.0335914814760438,0.754984746109426,-0.0246440945107563,-9.85002315023321,-2.05850974727246e-14,-0.0429869122185295,1.24938539551573e-13,0,0,0,0,1,0.673086199299627,0.673086199299627,63.5161178551984,49.4368768136138,-2.70472519833756
45.16,0.218852195761864,0.11081031649099,0.674526093312216,5.82936740558884e-05,0.00394721570672813,0.025955537997374,80.5298733383032,0.239309994661571,0.0781844957668766,0.00419166623504509,0.033573157485183,0.7550433016377,-0.0246485533718725,-9.84918959036373,-2.05850974727246e-14,-0.0429869122185295,1.24938539551573e-13,0,0,0,0,1,0.673086199299627,0.673086199299627,63.5004671447178,49.4514331192386,-2.70313424365901
45.17,0.21888192155134,0.11079243999101,0.67478965622409,5.81807549902004e-05,0.00393775245980502,0.0259602866945872,80.5264176905529,0.239299800103384,0.0781852160171754,0.00419275593269113,0.0335547241236167,0.755101798875019,-0.0246530017152385,-9.84835674079302,-2.05850974727246e-14,-0.0429869122185295,1.24938539551573e-13,0,0,0,0,1,0.673086199299627,0.673086199299627,63.4848145215454,49.4659881275891,-2.70153471189628
45.18,0.218911644276697,0.110774453054008,0.675053244045329,5.80695014999193e-05,0.00392829641197129,0.0259650351404639,80.5229650158644,0.239289614329646,0.0781859353715157,0.00419384433464936,0.0335361814644668,0.755160237658611,-0.024657439540053,-9.84752460370047,-2.05850974727246e-14,-0.0429869122185295,1.24938539551573e-13,0,0,0,0,1,0.673086199299627,0.673086199299627,63.4691599914027,49.4805418445606,-2.69992661021225
45.19,0.218941363925176,0.110756355750235,0.675316856779633,5.79599133941906e-05,0.00391884759237485,0.0259697833295518,80.5195153239047,0.239279437368861,0.0781866538269604,0.00419493143917297,0.0335175295811529,0.755218617825904,-0.0246618668455172,-9.8466931812627,-2.05850974727246e-14,-0.0429869122185295,1.24938539551573e-13,0,0,0,0,1,0.673086199299627,0.673086199299627,63.4535035599932,49.4950942760482,-2.69830994578964
45.2,0.21897108048403,0.110738148150242,0.675580494430722,5.7851990481459e-05,0.00390940603014379,0.0259745312563962,80.5160686243302,0.239269269249503,0.0781873713805743,0.00419601724451522,0.033498768547392,0.755276939214551,-0.0246662836308362,-9.84586247565354,-2.05850974727246e-14,-0.0429869122185295,1.24938539551573e-13,0,0,0,0,1,0.673086199299627,0.673086199299627,63.4378452330021,49.5096454279466,-2.69668472583102
45.21,0.21900079394052,0.110719830324882,0.675844157002337,5.77457325694515e-05,0.00389997175438632,0.0259792789155404,80.5126249267874,0.239259110000017,0.0781880880294237,0.00419710174892944,0.0334798984371986,0.75533520166241,-0.0246706898952172,-9.84503248904406,-2.05850974727246e-14,-0.0429869122185295,1.24938539551573e-13,0,0,0,0,1,0.673086199299627,0.673086199299627,63.4221850160968,49.52419530615,-2.69505095755879
45.22,0.219030504281918,0.110701402345301,0.676107844498238,5.76411394651606e-05,0.00389054479419066,0.0259840263015252,80.5091842409122,0.239248959648816,0.0781888037705769,0.00419818495066907,0.0334609193248839,0.755393405007555,-0.0246750856378709,-9.84420322360254,-2.05850974727246e-14,-0.0429869122185295,1.24938539551573e-13,0,0,0,0,1,0.673086199299627,0.673086199299627,63.4065229149267,49.5387439165523,-2.69340864821513
45.23,0.219060211495509,0.110682864282948,0.676371556922206,5.7538210974827e-05,0.00388112517862496,0.0259887734088894,80.5057465763305,0.239238818224283,0.0781895186011036,0.00419926684798765,0.033441831285056,0.755451549088272,-0.0246794708580113,-9.84337468149447,-2.05850974727246e-14,-0.0429869122185295,1.24938539551573e-13,0,0,0,0,1,0.673086199299627,0.673086199299627,63.3908589351229,49.553291265047,-2.69175780506197
45.24,0.219089915568583,0.110664216209568,0.676635294278043,5.74369469039229e-05,0.00387171293673721,0.0259935202321697,80.5023119426574,0.239228685754771,0.0781902325180755,0.00420034743913889,0.0334226343926196,0.755509633743061,-0.0246838455548557,-9.84254686488253,-2.05850974727246e-14,-0.0429869122185295,1.24938539551573e-13,0,0,0,0,1,0.673086199299627,0.673086199299627,63.3751930822988,49.5678373575268,-2.69009843538096
45.25,0.219119616488447,0.110645458197203,0.676899056569571,5.73373470571354e-05,0.00386230809755515,0.0259982667659006,80.4988803494979,0.239218562268601,0.0781909455185657,0.00420142672237663,0.033403328722776,0.755567658810637,-0.0246882097276244,-9.84171977592661,-2.05850974727246e-14,-0.0429869122185295,1.24938539551573e-13,0,0,0,0,1,0.673086199299627,0.673086199299627,63.3595253620493,49.5823821998843,-2.68843054647348
45.26,0.219149314242413,0.110626590318196,0.677162843800631,5.72394112383494e-05,0.00385291069008618,0.0260030130046145,80.4954518064467,0.239208447794066,0.0781916575996495,0.00420250469595491,0.0333839143510223,0.755625624129929,-0.0246925633755422,-9.84089341678384,-2.05850974727246e-14,-0.0429869122185295,1.24938539551573e-13,0,0,0,0,1,0.673086199299627,0.673086199299627,63.3438557799518,49.5969257980112,-2.68675414566055
45.27,0.219179008817808,0.110607612645184,0.677426655975086,5.71431392506311e-05,0.00384352074331725,0.0260077589428417,80.4920263230879,0.239198342359426,0.0781923687584035,0.00420358135812795,0.0333643913531518,0.755683529540081,-0.0246969064978366,-9.8400677896085,-2.05850974727246e-14,-0.0429869122185295,1.24938539551573e-13,0,0,0,0,1,0.673086199299627,0.673086199299627,63.3281843415652,49.6114681577989,-2.68506924028283
45.28,0.219208700201968,0.110588525251105,0.677690493096819,5.70485308962109e-05,0.00383413828621482,0.0260125045751105,80.488603908995,0.239188245992911,0.0781930789919066,0.0042046567071502,0.0333447598052536,0.755741374880449,-0.0247012390937394,-9.83924289655205,-2.05850974727246e-14,-0.0429869122185295,1.24938539551573e-13,0,0,0,0,1,0.673086199299627,0.673086199299627,63.3125110524303,49.6260092851382,-2.6833758377006
45.29,0.219238388382239,0.110569328209191,0.677954355169734,5.69555859764677e-05,0.00382476334772472,0.0260172498959473,80.4851845737314,0.239178158722719,0.078193788297239,0.00420573074127637,0.0333250197837121,0.755799159990611,-0.0247055611624855,-9.83841873976321,-2.05850974727246e-14,-0.0429869122185295,1.24938539551573e-13,0,0,0,0,1,0.673086199299627,0.673086199299627,63.2968359180702,49.640549185919,-2.6816739452937
45.3,0.219268073345979,0.110550021592972,0.678218242197753,5.68643042919109e-05,0.0038153959567721,0.0260219948998762,80.4817683268496,0.23916808057702,0.078194496671483,0.0042068034587614,0.0333051713652071,0.755856884710353,-0.0247098727033146,-9.83759532138779,-2.05850974727246e-14,-0.0429869122185295,1.24938539551573e-13,0,0,0,0,1,0.673086199299627,0.673086199299627,63.2811589439894,49.6550878660309,-2.67996357046153
45.31,0.219297755080557,0.110530605476276,0.67848215418482,5.67746856421652e-05,0.00380603614226129,0.0260267395814196,80.478355177892,0.23915801158395,0.0781952041117226,0.00420787485786053,0.0332852146267137,0.755914548879682,-0.0247141737154699,-9.83677264356885,-2.05850974727246e-14,-0.0429869122185295,1.24938539551573e-13,0,0,0,0,1,0.673086199299627,0.673086199299627,63.2654801356746,49.6696253313628,-2.67824472062302
45.32,0.219327433573353,0.110511079933227,0.678746091134901,5.66867298259538e-05,0.00379668393307578,0.0260314839350978,80.47494513639,0.239147951771614,0.0781959106150439,0.00420894493682929,0.0332651496455015,0.75597215233882,-0.0247184641981988,-9.83595070844658,-2.05850974727246e-14,-0.0429869122185295,1.24938539551573e-13,0,0,0,0,1,0.673086199299627,0.673086199299627,63.2497994985944,49.6841615878025,-2.67651740321657
45.33,0.219357108811757,0.110491445038243,0.679010053051978,5.66004366410814e-05,0.00378733935807805,0.0260362279554292,80.4715382118647,0.239137901168089,0.0781966161785344,0.00421001369392355,0.0332449764991351,0.756029694928206,-0.024722744150753,-9.83512951815839,-2.05850974727246e-14,-0.0429869122185295,1.24938539551573e-13,0,0,0,0,1,0.673086199299627,0.673086199299627,63.2341170381991,49.6986966412375,-2.67478162570004
45.34,0.219386780783173,0.110471700866042,0.679274039940057,5.65158058844185e-05,0.00377800244610955,0.0260409716369303,80.4681344138266,0.239127859801417,0.0781973207992839,0.00421108112739951,0.0332246952654734,0.756087176488495,-0.0247270135723884,-9.83430907483881,-2.05850974727246e-14,-0.0429869122185295,1.24938539551573e-13,0,0,0,0,1,0.673086199299627,0.673086199299627,63.2184327599211,49.7132304975545,-2.67303739555073
45.35,0.219416449475014,0.110451847491635,0.679538051803163,5.64328373518848e-05,0.00376867322599058,0.0260457149741157,80.4647337517754,0.23911782769961,0.0781980244743838,0.00421214723551372,0.0332043060226693,0.75614459686056,-0.0247312724623647,-9.83348938061955,-2.05850974727246e-14,-0.0429869122185295,1.24938539551573e-13,0,0,0,0,1,0.673086199299627,0.673086199299627,63.2027466691743,49.7277631626393,-2.67128472026534
45.36,0.219446114874704,0.110431884990331,0.67980208864534,5.6351530838433e-05,0.0037593517265202,0.0260504579614983,80.4613362352002,0.23910780489065,0.0781987272009276,0.00421321201652313,0.0331838088491702,0.756201955885491,-0.0247355208199475,-9.83267043762951,-2.05850974727246e-14,-0.0429869122185295,1.24938539551573e-13,0,0,0,0,1,0.673086199299627,0.673086199299627,63.1870587713549,49.7422946423769,-2.66952360735993
45.37,0.21947577696968,0.110411813437733,0.680066150470655,5.62718861380327e-05,0.00375003797647613,0.026055200593589,80.4579418735797,0.239097791402486,0.0781994289760106,0.00421427546868509,0.0331632038237167,0.756259253404596,-0.0247397586444058,-9.83185224799466,-2.05850974727246e-14,-0.0429869122185295,1.24938539551573e-13,0,0,0,0,1,0.673086199299627,0.673086199299627,63.1713690718405,49.7568249426515,-2.6677540643699
45.38,0.21950543574739,0.11039163290974,0.680330237283193,5.61939030436538e-05,0.00374073200461469,0.0260599428648968,80.4545506763814,0.239087787263035,0.0782001297967299,0.00421533759025737,0.0331424910253432,0.756316489259403,-0.0247439859350139,-9.83103481383824,-2.05850974727246e-14,-0.0429869122185295,1.24938539551573e-13,0,0,0,0,1,0.673086199299627,0.673086199299627,63.155677575991,49.7713540693466,-2.66597609884997
45.39,0.219535091195293,0.110371343482546,0.68059434908706,5.61175813472511e-05,0.00373143383967067,0.0260646847699293,80.4511626530626,0.239077792500185,0.0782008296601848,0.00421639837949817,0.0331216705333775,0.756373663291656,-0.02474820269105,-9.83021813728055,-2.05850974727246e-14,-0.0429869122185295,1.24938539551573e-13,0,0,0,0,1,0.673086199299627,0.673086199299627,63.1399842891477,49.7858820283444,-2.66418971837411
45.4,0.21956474330086,0.11035094523264,0.680858485886382,5.60429208397475e-05,0.0037221435103573,0.0260694263031919,80.4477778130694,0.239067807141789,0.0782015285634764,0.00421745783466617,0.0331007424274403,0.756430775343317,-0.0247524089117986,-9.82940222043906,-2.05850974727246e-14,-0.0429869122185295,1.24938539551573e-13,0,0,0,0,1,0.673086199299627,0.673086199299627,63.1242892166339,49.8004088255266,-2.66239493053559
45.41,0.219594392051573,0.110330438236805,0.681122647685306,5.59699213110187e-05,0.00371286104536609,0.0260741674591887,80.4443961658373,0.23905783121567,0.0782022265037077,0.00421851595402053,0.0330797067874453,0.756487825256573,-0.0247566045965475,-9.82858706542839,-2.05850974727246e-14,-0.0429869122185295,1.24938539551573e-13,0,0,0,0,1,0.673086199299627,0.673086199299627,63.1085923637549,49.8149344667738,-2.66059174294685
45.42,0.219624037434928,0.110309822572119,0.681386834487999,5.58985825498767e-05,0.00370358647336678,0.0260789082324216,80.4410177207912,0.23904786474962,0.078202923477984,0.0042195727358209,0.0330585636935986,0.756544812873823,-0.0247607897445909,-9.82777267436028,-2.05850974727246e-14,-0.0429869122185295,1.24938539551573e-13,0,0,0,0,1,0.673086199299627,0.673086199299627,63.0928937357975,49.8294589579657,-2.65878016323955
45.43,0.21965367943843,0.110289098315956,0.681651046298647,5.5828904344054e-05,0.00369431982300725,0.0260836486173914,80.4376424873449,0.239037907771397,0.0782036194834121,0.00422062817832746,0.0330373132263991,0.75660173803769,-0.0247649643552275,-9.82695904934361,-2.05850974727246e-14,-0.0429869122185295,1.24938539551573e-13,0,0,0,0,1,0.673086199299627,0.673086199299627,63.0771933380304,49.8439823049808,-2.65696019906449
45.44,0.219683318049597,0.110268265545981,0.681915283121457,5.5760886480188e-05,0.00368506112291343,0.0260883886085967,80.4342704749015,0.239027960308729,0.0782043145171012,0.00422168227980093,0.0330159554666376,0.756658600591019,-0.0247691284277611,-9.8261461924844,-2.05850974727246e-14,-0.0429869122185295,1.24938539551573e-13,0,0,0,0,1,0.673086199299627,0.673086199299627,63.0614911757042,49.858504513697,-2.65513185809162
45.45,0.21971295325596,0.110247324340155,0.682179544960657,5.5694528743805e-05,0.00367581040168919,0.0260931282005347,80.4309016928531,0.239018022389311,0.0782050085761624,0.0042227350385026,0.0329944904953967,0.75671540037687,-0.0247732819615016,-9.82533410588579,-2.05850974727246e-14,-0.0429869122185295,1.24938539551573e-13,0,0,0,0,1,0.673086199299627,0.673086199299627,63.0457872540511,49.8730255899906,-2.65329514800997
45.46,0.219742585045061,0.110226274776732,0.682443831820494,5.56298309193045e-05,0.00366656768791626,0.0260978673877012,80.4275361505809,0.239008094040805,0.0782057016577089,0.00422378645269433,0.0329729183940511,0.756772137238528,-0.0247774249557635,-9.82452279164801,-2.05850974727246e-14,-0.0429869122185295,1.24938539551573e-13,0,0,0,0,1,0.673086199299627,0.673086199299627,63.0300815782854,49.8875455397374,-2.65145007652766
45.47,0.219772213404453,0.110205116934259,0.682708143705236,5.55667927899433e-05,0.00365733301015416,0.0261026061645901,80.4241738574554,0.238998175290844,0.0782063937588557,0.00422483652063858,0.0329512392442666,0.756828811019498,-0.0247815574098673,-9.82371225186844,-2.05850974727246e-14,-0.0429869122185295,1.24938539551573e-13,0,0,0,0,1,0.673086199299627,0.673086199299627,63.0143741536028,49.9020643688116,-2.6495966513718
45.48,0.219801838321705,0.110183850891578,0.682972480619171,5.55054141378202e-05,0.00364810639694008,0.0261073445256938,80.420814822836,0.238988266167024,0.0782070848767202,0.00422588524059845,0.0329294531280004,0.756885421563505,-0.0247856793231385,-9.82290248864158,-2.05850974727246e-14,-0.0429869122185295,1.24938539551573e-13,0,0,0,0,1,0.673086199299627,0.673086199299627,62.9986649851809,49.9165820830867,-2.64773488028858
45.49,0.219831459784393,0.110162476727822,0.683236842566606,5.54456947438603e-05,0.00363888787678881,0.0261120824655032,80.4174590560711,0.238978366696913,0.0782077750084217,0.00422693261083767,0.0329075601275007,0.756941968714496,-0.0247897906949092,-9.822093504059,-2.05850974727246e-14,-0.0429869122185295,1.24938539551573e-13,0,0,0,0,1,0.673086199299627,0.673086199299627,62.9829540781792,49.9310986884347,-2.64586477104312
45.5,0.219861077780109,0.110140994522418,0.683501229551869,5.53876343877989e-05,0.00362967747819264,0.0261168199785079,80.4141065664982,0.238968476908044,0.0782084641510816,0.00422797862962061,0.0328855603253065,0.756998452316643,-0.0247938915245162,-9.82128530020943,-2.05850974727246e-14,-0.0429869122185295,1.24938539551573e-13,0,0,0,0,1,0.673086199299627,0.673086199299627,62.9672414377388,49.9456141907266,-2.64398633141949
45.51,0.219890692296457,0.110119404355084,0.68376564157931,5.5331232848167e-05,0.00362047522962128,0.0261215570591957,80.4107573634436,0.238958596827919,0.0782091523018235,0.00422902329521236,0.0328634538042472,0.757054872214335,-0.0247979818113035,-9.82047787917864,-2.05850974727246e-14,-0.0429869122185295,1.24938539551573e-13,0,0,0,0,1,0.673086199299627,0.673086199299627,62.9515270689825,49.9601285958322,-2.6420995692207
45.52,0.219920303321052,0.110097706305832,0.684030078653295,5.5276489902275e-05,0.00361128115952176,0.0261262937020531,80.4074114562228,0.238948726484006,0.0782098394577729,0.00423006660587869,0.0328412406474425,0.75711122825219,-0.02480206155462,-9.81967124304956,-2.05850974727246e-14,-0.0429869122185295,1.24938539551573e-13,0,0,0,0,1,0.673086199299627,0.673086199299627,62.935810977015,49.97464190962,-2.64020449226863
45.53,0.219949910841522,0.110075900454966,0.684294540778214,5.52234053261976e-05,0.00360209529631834,0.0261310299015651,80.4040688541401,0.238938865903742,0.0782105256160577,0.00423110855988608,0.0328189209383024,0.757167520275043,-0.0248061307538206,-9.81886539390217,-2.05850974727246e-14,-0.0429869122185295,1.24938539551573e-13,0,0,0,0,1,0.673086199299627,0.673086199299627,62.9200931669227,49.9891541379574,-2.63830110840402
45.54,0.219979514845509,0.11005398688308,0.684559027958476,5.51719788947587e-05,0.00359291766841243,0.0261357656522154,80.4007295664886,0.23892901511453,0.0782112107738078,0.00423214915550177,0.0327964947605264,0.757223748127955,-0.0248101894082676,-9.81806033381354,-2.05850974727246e-14,-0.0429869122185295,1.24938539551573e-13,0,0,0,0,1,0.673086199299627,0.673086199299627,62.9043736437736,50.0036652867102,-2.63638942548645
45.55,0.220009115320665,0.110031965671063,0.684823540198509,5.51222103815153e-05,0.00358374830418247,0.0261405009484862,80.3973936025506,0.238919174143741,0.0782118949281553,0.00423318839099374,0.0327739621981038,0.757279911656209,-0.0248142375173276,-9.81725606485786,-2.05850974727246e-14,-0.0429869122185295,1.24938539551573e-13,0,0,0,0,1,0.673086199299627,0.673086199299627,62.8886524126175,50.0181753617433,-2.63446945139429
45.56,0.220038712254657,0.110009836900093,0.685088077502761,5.50740995587432e-05,0.0035745872319839,0.0261452357848584,80.394060971597,0.238909343018713,0.0782125780762345,0.00423422626463078,0.0327513233353129,0.757336010705315,-0.0248182750803757,-9.81645258910639,-2.05850974727246e-14,-0.0429869122185295,1.24938539551573e-13,0,0,0,0,1,0.673086199299627,0.673086199299627,62.8729294784859,50.0326843689198,-2.63254119402465
45.57,0.220068305635165,0.109987600651639,0.685352639875702,5.50276461974213e-05,0.00356543448014902,0.0261499701558116,80.3907316828875,0.238899521766751,0.0782132602151819,0.00423526277468243,0.0327285782567215,0.757392045121005,-0.0248223020967915,-9.81564990862747,-2.05850974727246e-14,-0.0429869122185295,1.24938539551573e-13,0,0,0,0,1,0.673086199299627,0.673086199299627,62.8572048463921,50.0471923141019,-2.63060466129343
45.58,0.220097895449878,0.109965257007463,0.685617227321821,5.49828500672163e-05,0.00355629007698689,0.0261547040558239,80.3874057456709,0.238889710415126,0.078213941342136,0.0042362979194191,0.032705727047186,0.757448014749235,-0.024826318565962,-9.81484802548647,-2.05850974727246e-14,-0.0429869122185295,1.24938539551573e-13,0,0,0,0,1,0.673086199299627,0.673086199299627,62.8414785213309,50.0616992031501,-2.62865986113518
45.59,0.220127481686503,0.109942806049615,0.685881839845627,5.49397109364679e-05,0.0035471540507833,0.0261594374793724,80.3840831691844,0.238879908991079,0.078214621454238,0.004237331697112,0.0326827697918514,0.757503919436183,-0.0248303244872812,-9.81404694174592,-2.05850974727246e-14,-0.0429869122185295,1.24938539551573e-13,0,0,0,0,1,0.673086199299627,0.673086199299627,62.825750508279,50.0762050419237,-2.62670680150317
45.6,0.220157064332757,0.109920247860439,0.686146477451648,5.48982285721737e-05,0.00353802642980061,0.0261641704209327,80.3807639626544,0.238870117521815,0.0782153005486308,0.00423836410603322,0.0326597065761511,0.757559759028261,-0.0248343198601487,-9.81324665946534,-2.05850974727246e-14,-0.0429869122185295,1.24938539551573e-13,0,0,0,0,1,0.673086199299627,0.673086199299627,62.8100208121947,50.0907098362802,-2.62474549036929
45.61,0.22018664337637,0.109897582522566,0.686411140144434,5.48584027399738e-05,0.00352890724227771,0.0261689028749793,80.3774481352956,0.238860336034506,0.0782159786224598,0.00423939514445571,0.0326365374858065,0.757615533372097,-0.0248383046839717,-9.81244718070136,-2.05850974727246e-14,-0.0429869122185295,1.24938539551573e-13,0,0,0,0,1,0.673086199299627,0.673086199299627,62.7942894380179,50.105213592076,-2.62277593572405
45.62,0.220216218805087,0.10987481011892,0.686675827928554,5.48202332041364e-05,0.00351979651642991,0.0261736348359855,80.3741356963117,0.238850564556292,0.0782166556728728,0.00424042481065334,0.0326132626068271,0.757671242314549,-0.024842278958164,-9.81164850750765,-2.05850974727246e-14,-0.0429869122185295,1.24938539551573e-13,0,0,0,0,1,0.673086199299627,0.673086199299627,62.7785563906704,50.1197163151658,-2.62079814557655
45.63,0.220245790606663,0.109851930732711,0.686940540808598,5.47837197275426e-05,0.00351069428044885,0.0261783662984232,80.3708266548951,0.23884080311428,0.0782173316970196,0.00424145310290086,0.0325898820255096,0.7577268857027,-0.0248462426821465,-9.81085064193495,-2.05850974727246e-14,-0.0429869122185295,1.24938539551573e-13,0,0,0,0,1,0.673086199299627,0.673086199299627,62.7628216750554,50.1342180114029,-2.61881212795443
45.64,0.22027535876887,0.109828944447443,0.687205278789173,5.47488620716715e-05,0.00350160056250242,0.0261830972567635,80.3675210202267,0.238831051735541,0.0782180066920524,0.00424248001947399,0.0325663958284385,0.757782463383861,-0.0248501958553465,-9.81005358603104,-2.05850974727246e-14,-0.0429869122185295,1.24938539551573e-13,0,0,0,0,1,0.673086199299627,0.673086199299627,62.7470852960579,50.148718686639,-2.61681789090386
45.65,0.22030492327949,0.109805851346907,0.687470041874911,5.47156599965851e-05,0.00349251539073465,0.0261878277054761,80.3642188014761,0.238821310447116,0.0782186806551259,0.00424350555864939,0.0325428041024851,0.757837975205565,-0.024854138477199,-9.80925734184076,-2.05850974727246e-14,-0.0429869122185295,1.24938539551573e-13,0,0,0,0,1,0.673086199299627,0.673086199299627,62.7313472585447,50.1632183467242,-2.61481544248951
45.66,0.22033448412632,0.109782651515183,0.687734830070459,5.46841132609143e-05,0.00348343879326564,0.0261925576390296,80.3609200078017,0.23881157927601,0.0782193535833967,0.00424452971870469,0.0325191069348077,0.757893421015578,-0.0248580705471464,-9.808461911406,-2.05850974727246e-14,-0.0429869122185295,1.24938539551573e-13,0,0,0,0,1,0.673086199299627,0.673086199299627,62.7156075673639,50.1777169975071,-2.61280479079452
45.67,0.220364041297171,0.109759345036641,0.687999643380488,5.46542216218436e-05,0.00347437079819146,0.0261972870518916,80.3576246483502,0.238801858249195,0.0782200254740242,0.00424555249791852,0.0324953044128512,0.757948800661887,-0.0248619920646375,-9.80766729676568,-2.05850974727246e-14,-0.0429869122185295,1.24938539551573e-13,0,0,0,0,1,0.673086199299627,0.673086199299627,62.6998662273457,50.1922146448344,-2.61078594392043
45.68,0.220393594779866,0.109735931995939,0.688264481809685,5.46259848350964e-05,0.00346531143358405,0.0262020159385287,80.3543327322571,0.238792147393609,0.0782206963241698,0.00424657389457051,0.0324713966243466,0.758004113992711,-0.0248659030291299,-9.80687349995577,-2.05850974727246e-14,-0.0429869122185295,1.24938539551573e-13,0,0,0,0,1,0.673086199299627,0.673086199299627,62.6841232433015,50.2067112945515,-2.60875890998721
45.69,0.220423144562241,0.109712412478023,0.688529345362761,5.45994026549205e-05,0.00345626072749117,0.0262067442934062,80.3510442686463,0.238782446736158,0.0782213661309975,0.00424759390694136,0.0324473836573114,0.758059360856495,-0.024869803440087,-9.80608052300926,-2.05850974727246e-14,-0.0429869122185295,1.24938539551573e-13,0,0,0,0,1,0.673086199299627,0.673086199299627,62.6683786200246,50.2212069525018,-2.60672369713318
45.7,0.220452690632149,0.109688786568129,0.688794234044445,5.45744748340737e-05,0.00344721870793626,0.0262114721109887,80.3477592666304,0.238772756303712,0.0782220348916735,0.00424861253331277,0.0324232656000486,0.758114541101912,-0.0248736932969809,-9.8052883679562,-2.05850974727246e-14,-0.0429869122185295,1.24938539551573e-13,0,0,0,0,1,0.673086199299627,0.673086199299627,62.6526323622898,50.2357016245273,-2.60468031351503
45.71,0.220482232977453,0.109665054351778,0.689059147859485,5.45512011238087e-05,0.00343818540291836,0.0262161993857396,80.3444777353104,0.238763076123108,0.0782227026033665,0.00424962977196755,0.0323990425411469,0.758169654577862,-0.0248775725992909,-9.80449703682364,-2.05850974727246e-14,-0.0429869122185295,1.24938539551573e-13,0,0,0,0,1,0.673086199299627,0.673086199299627,62.6368844748538,50.250195316468,-2.60262876730772
45.72,0.22051177158603,0.109641215914782,0.68932408681265,5.45295812738593e-05,0.00342916084041206,0.0262209261121214,80.3411996837756,0.238753406221149,0.0782233692632475,0.00425064562118957,0.0323747145694804,0.758224701133477,-0.0248814413465039,-9.80370653163568,-2.05850974727246e-14,-0.0429869122185295,1.24938539551573e-13,0,0,0,0,1,0.673086199299627,0.673086199299627,62.6211349624546,50.2646880341623,-2.60056906670453
45.73,0.220541306445774,0.109617271343239,0.68958905090873,5.45096150324257e-05,0.00342014504836736,0.0262256522845957,80.3379251211042,0.238743746624604,0.0782240348684902,0.00425166007926384,0.0323502817742082,0.758279680618116,-0.0248852995381152,-9.80291685441342,-2.05850974727246e-14,-0.0429869122185295,1.24938539551573e-13,0,0,0,0,1,0.673086199299627,0.673086199299627,62.6053838298118,50.2791797834468,-2.59850121991695
45.74,0.22057083754459,0.109593220723533,0.689854040152533,5.44913021461598e-05,0.00341113805470961,0.0262303778976233,80.3346540563623,0.238734097360208,0.0782246994162703,0.00425267314447648,0.032325744244774,0.758334592881365,-0.0248891471736271,-9.80212800717498,-2.05850974727246e-14,-0.0429869122185295,1.24938539551573e-13,0,0,0,0,1,0.673086199299627,0.673086199299627,62.589631081627,50.2936705701562,-2.5964252351747
45.75,0.220600364870397,0.109569064142337,0.690119054548888,5.44746423601513e-05,0.00340213988733941,0.0262351029456638,80.3313864986049,0.238724458454662,0.0782253629037664,0.00425368481511475,0.0323011020709064,0.758389437773044,-0.0248929842525507,-9.8013399919355,-2.05850974727246e-14,-0.0429869122185295,1.24938539551573e-13,0,0,0,0,1,0.673086199299627,0.673086199299627,62.573876722583,50.3081604001233,-2.59434112072571
45.76,0.22062988841113,0.10954480168661,0.690384094102644,5.4459635417913e-05,0.00339315057413251,0.0262398274231762,80.328122456875,0.238714829934632,0.0782260253281592,0.0042546950894671,0.0322763553426181,0.7584442151432,-0.0248968107744047,-9.80055281070714,-2.05850974727246e-14,-0.0429869122185295,1.24938539551573e-13,0,0,0,0,1,0.673086199299627,0.673086199299627,62.5581207573443,50.3226492791794,-2.59224888483604
45.77,0.220659408154735,0.109520433443598,0.690649158818669,5.44462810613671e-05,0.00338417014293973,0.0262445513246186,80.3248619402042,0.238705211826751,0.0782266866866322,0.00425570396582315,0.0322515041502059,0.75849892484211,-0.0249006267387158,-9.79976646549908,-2.05850974727246e-14,-0.0429869122185295,1.24938539551573e-13,0,0,0,0,1,0.673086199299627,0.673086199299627,62.5423631905573,50.3371372131534,-2.59014853578989
45.78,0.220688924089174,0.109495959500832,0.690914248701851,5.44345790308302e-05,0.00337519862158689,0.0262492746444482,80.3216049576123,0.238695604157616,0.078227346976371,0.00425671144247373,0.0322265485842501,0.758553566720283,-0.0249044321450194,-9.79898095831743,-2.05850974727246e-14,-0.0429869122185295,1.24938539551573e-13,0,0,0,0,1,0.673086199299627,0.673086199299627,62.5266040268495,50.3516242078727,-2.58804008188953
45.79,0.220718436202424,0.109471379946129,0.691179363757099,5.4424529065e-05,0.00336623603787468,0.0262539973771215,80.3183515181075,0.238686006953791,0.0782280061945641,0.00425771751771088,0.0322014887356149,0.758608140628456,-0.0249082269928589,-9.79819629116539,-2.05850974727246e-14,-0.0429869122185295,1.24938539551573e-13,0,0,0,0,1,0.673086199299627,0.673086199299627,62.5108432708303,50.3661102691625,-2.58592353145533
45.8,0.220747944482474,0.109446694867594,0.691444503989341,5.44161309009404e-05,0.0033572824195786,0.0262587195170943,80.3151016306862,0.238676420241804,0.0782286643384024,0.00425872218982792,0.0321763246954474,0.7586626464176,-0.0249120112817862,-9.7974124660431,-2.05850974727246e-14,-0.0429869122185295,1.24938539551573e-13,0,0,0,0,1,0.673086199299627,0.673086199299627,62.4950809270906,50.3805954028462,-2.58379889282567
45.81,0.220777448917329,0.109421904353616,0.691709669403526,5.4409384274068e-05,0.00334833779444884,0.0262634410588215,80.3118553043332,0.23866684404815,0.0782293214050791,0.00425972545711939,0.0321510565551778,0.758717083938914,-0.024915785011361,-9.79662948494773,-2.05850974727246e-14,-0.0429869122185295,1.24938539551573e-13,0,0,0,0,1,0.673086199299627,0.673086199299627,62.4793170002029,50.395079614745,-2.58166617435694
45.82,0.220806949495007,0.109397008492869,0.69197486000462,5.44042889181381e-05,0.00333940219021024,0.0262681619967575,80.3086125480215,0.238657278399288,0.0782299773917903,0.00426072731788113,0.032125684406519,0.758771453043833,-0.024919548181153,-9.79584734987341,-2.05850974727246e-14,-0.0429869122185295,1.24938539551573e-13,0,0,0,0,1,0.673086199299627,0.673086199299627,62.4635514947214,50.4095629106784,-2.57952538442349
45.83,0.220836446203542,0.109372007374312,0.692240075797611,5.44008445652299e-05,0.00333047563456214,0.0262728823253558,80.3053733707122,0.238647723321643,0.0782306322957345,0.00426172777041029,0.0321002083414663,0.75882575358402,-0.0249233007907394,-9.79506606281127,-2.05850974727246e-14,-0.0429869122185295,1.24938539551573e-13,0,0,0,0,1,0.673086199299627,0.673086199299627,62.4477844151816,50.4240452964634,-2.57737653141764
45.84,0.22086593903098,0.10934690108719,0.692505316787507,5.43990509457338e-05,0.00332155815517833,0.0262776020390694,80.3021377813547,0.238638178841605,0.0782312861141128,0.00426272681300533,0.0320746284522972,0.758879985411371,-0.024927042839706,-9.79428562574942,-2.05850974727246e-14,-0.0429869122185295,1.24938539551573e-13,0,0,0,0,1,0.673086199299627,0.673086199299627,62.4320157661007,50.4385267779154,-2.57521962374958
45.85,0.220895427965385,0.109321689721031,0.692770582979335,5.43989077883363e-05,0.00331264977970696,0.0262823211323505,80.2989057888866,0.23862864498553,0.0782319388441289,0.00426372444396604,0.032048944831571,0.758934148378015,-0.0249307743276484,-9.79350604067295,-2.05850974727246e-14,-0.0429869122185295,1.24938539551573e-13,0,0,0,0,1,0.673086199299627,0.673086199299627,62.4162455519775,50.4530073608473,-2.57305466984742
45.86,0.220924912994833,0.109296373365648,0.693035874378143,5.44004148200073e-05,0.00330375053577042,0.0262870395996509,80.2956774022335,0.238619121779738,0.0782325904829891,0.00426472066159357,0.0320231575721286,0.758988242336313,-0.0249344952541702,-9.79272730956393,-2.05850974727246e-14,-0.0429869122185295,1.24938539551573e-13,0,0,0,0,1,0.673086199299627,0.673086199299627,62.4004737772922,50.4674870510702,-2.57088167815708
45.87,0.220954394107415,0.109270952111139,0.693301190988996,5.44035717659856e-05,0.00329486045096527,0.0262917574354216,80.2924526303094,0.238609609250514,0.0782332410279023,0.00426571546419047,0.0319972667670925,0.75904226713886,-0.0249382056188839,-9.79194943440139,-2.05850974727246e-14,-0.0429869122185295,1.24938539551573e-13,0,0,0,0,1,0.673086199299627,0.673086199299627,62.3847004465069,50.4819658543928,-2.56870065714233
45.88,0.220983871291237,0.109245426047883,0.693566532816982,5.44083783497651e-05,0.00328597955286215,0.0262964746341132,80.2892314820161,0.238600107424108,0.0782338904760801,0.00426670885006065,0.031971272509866,0.759096222638483,-0.0249419054214119,-9.79117241716134,-2.05850974727246e-14,-0.0429869122185295,1.24938539551573e-13,0,0,0,0,1,0.673086199299627,0.673086199299627,62.3689255640649,50.4964437766217,-2.56651161528471
45.89,0.221013344534419,0.109219795266546,0.693831899867207,5.44148342930819e-05,0.00327710786900571,0.0263011911901757,80.2860139662438,0.238590616326735,0.0782345388247366,0.00426770081750946,0.0319451748941332,0.759150108688246,-0.0249455946613853,-9.79039625981676,-2.05850974727246e-14,-0.0429869122185295,1.24938539551573e-13,0,0,0,0,1,0.673086199299627,0.673086199299627,62.3531491343911,50.5109208235614,-2.56431456108352
45.9,0.221042813825098,0.109194059858074,0.694097292144796,5.44229393158992e-05,0.00326824542691445,0.0263059070980587,80.2828000918703,0.238581135984575,0.078235186071089,0.00426869136484366,0.031918974013859,0.75920392514144,-0.0249492733384435,-9.78962096433759,-2.05850974727246e-14,-0.0429869122185295,1.24938539551573e-13,0,0,0,0,1,0.673086199299627,0.673086199299627,62.3373711618921,50.525397001014,-2.56210950305578
45.91,0.221072279151424,0.109168219913699,0.694362709654897,5.44326931363956e-05,0.00325939225408072,0.026310622352211,80.279589867762,0.238571666423773,0.0782358322123565,0.00426968049037149,0.0318926699632883,0.759257671851597,-0.0249529414522367,-9.78884653269071,-2.05850974727246e-14,-0.0429869122185295,1.24938539551573e-13,0,0,0,0,1,0.673086199299627,0.673086199299627,62.3215916509559,50.5398723147794,-2.55989644973622
45.92,0.221101740501561,0.109142275524934,0.694628152402674,5.44440954709495e-05,0.00325054837797057,0.0263153369470814,80.2763833027728,0.238562207670439,0.0782364772457617,0.00427066819240264,0.031866262836946,0.75931134867248,-0.0249565990024235,-9.78807296683999,-2.05850974727246e-14,-0.0429869122185295,1.24938539551573e-13,0,0,0,0,1,0.673086199299627,0.673086199299627,62.3058106059521,50.5543467706553,-2.5576754096772
45.93,0.221131197863691,0.109116226783574,0.694893620393312,5.44571460341276e-05,0.00324171382602367,0.0263200508771179,80.273180405745,0.238552759750645,0.0782371211685294,0.00427165446924829,0.0318397527296367,0.759364955458087,-0.0249602459886722,-9.78730026874621,-2.05850974727246e-14,-0.0429869122185295,1.24938539551573e-13,0,0,0,0,1,0.673086199299627,0.673086199299627,62.2900280312317,50.568820374437,-2.55544639144875
45.94,0.221160651226009,0.109090073781696,0.695159113632017,5.44718445386695e-05,0.00323288862565325,0.0263247641367682,80.2699811855085,0.23854332269043,0.0782377639778873,0.00427263931922114,0.0318131397364446,0.759418492062651,-0.0249638824106605,-9.78652844036714,-2.05850974727246e-14,-0.0429869122185295,1.24938539551573e-13,0,0,0,0,1,0.673086199299627,0.673086199299627,62.2742439311275,50.5832931319175,-2.55320940363848
45.95,0.221190100576725,0.109063816611663,0.695424632124014,5.44881906954759e-05,0.00322407280424596,0.0263294767204797,80.2667856508815,0.238533896515798,0.078238405671066,0.0042736227406354,0.0317864239527328,0.75947195834064,-0.0249675082680758,-9.78575748365746,-2.05850974727246e-14,-0.0429869122185295,1.24938539551573e-13,0,0,0,0,1,0.673086199299627,0.673086199299627,62.2584583099536,50.5977650488874,-2.55096445485158
45.96,0.221219545904065,0.109037455366113,0.695690175874546,5.4506184213594e-05,0.00321526638916182,0.0263341886226993,80.2635938106698,0.238524481252714,0.0782390462452985,0.00427460473180684,0.0317596054741434,0.75952535414676,-0.0249711235606155,-9.78498740056883,-2.05850974727246e-14,-0.0429869122185295,1.24938539551573e-13,0,0,0,0,1,0.673086199299627,0.673086199299627,62.2426711720055,50.612236131135,-2.54871155371076
45.97,0.22124898719627,0.109010990137972,0.695955744888878,5.45258248002052e-05,0.00320646940773412,0.0263388998378738,80.2604056736673,0.238515076927112,0.078239685697821,0.00427558529105278,0.0317326843965971,0.759578679335949,-0.0249747282879864,-9.78421819304981,-2.05850974727246e-14,-0.0429869122185295,1.24938539551573e-13,0,0,0,0,1,0.673086199299627,0.673086199299627,62.2268825215606,50.6267063844461,-2.54645070885627
45.98,0.221278424441596,0.108984421020442,0.696221339172293,5.45471121606108e-05,0.00319768188726931,0.0263436103604493,80.2572212486557,0.238505683564886,0.0782403240258721,0.00427656441669214,0.0317056608162926,0.759631933763385,-0.0249783224499049,-9.78344986304594,-2.05850974727246e-14,-0.0429869122185295,1.24938539551573e-13,0,0,0,0,1,0.673086199299627,0.673086199299627,62.2110923628775,50.641175814604,-2.5441819289458
45.99,0.221307857628314,0.108957748107009,0.696486958730095,5.45700459982197e-05,0.00318890385504695,0.0263483201848721,80.2540405444046,0.238496301191896,0.0782409612266935,0.00427754210704543,0.0316785348297071,0.759685117284478,-0.0249819060460974,-9.78268241249963,-2.05850974727246e-14,-0.0429869122185295,1.24938539551573e-13,0,0,0,0,1,0.673086199299627,0.673086199299627,62.1953007001964,50.6556444273896,-2.54190522265452
46,0.221337286744712,0.108930971491439,0.696752603567606,5.45946260145346e-05,0.00318013533831958,0.0263530293055878,80.2508635696713,0.238486929833968,0.0782415972975295,0.00427851836043479,0.0316513065335951,0.759738229754878,-0.0249854790763013,-9.78191584335028,-2.05850974727246e-14,-0.0429869122185295,1.24938539551573e-13,0,0,0,0,1,0.673086199299627,0.673086199299627,62.179507537739,50.6701122285815,-2.53962059867499
46.01,0.221366711779091,0.108904091267777,0.69701827369017,5.4620851909139e-05,0.00317137636431265,0.0263577377170421,80.2476903332011,0.238477569516887,0.0782422322356273,0.00427949317518397,0.0316239760249888,0.759791271030472,-0.0249890415402624,-9.78115015753419,-2.05850974727246e-14,-0.0429869122185295,1.24938539551573e-13,0,0,0,0,1,0.673086199299627,0.673086199299627,62.1637128797085,50.6845792239556,-2.53732806571717
46.02,0.221396132719769,0.10887710753035,0.697283969103149,5.46487233796841e-05,0.00316262696022441,0.0263624454136802,80.244520843727,0.238468220266408,0.078242866038237,0.00428046654961842,0.0315965434011975,0.759844240967381,-0.0249925934377381,-9.78038535698457,-2.05850974727246e-14,-0.0429869122185295,1.24938539551573e-13,0,0,0,0,1,0.673086199299627,0.673086199299627,62.1479167302897,50.6990454192851,-2.53502763250837
46.03,0.221425549555081,0.108850020373765,0.697549689811923,5.46782401218757e-05,0.00315388715322588,0.0263671523899475,80.2413551099696,0.238458882108246,0.0782434987026114,0.00428143848206523,0.0315690087598073,0.759897139421967,-0.0249961347684948,-9.77962144363157,-2.05850974727246e-14,-0.0429869122185295,1.24938539551573e-13,0,0,0,0,1,0.673086199299627,0.673086199299627,62.1321190936486,50.7135108203409,-2.53271930779322
46.04,0.221454962273375,0.108822829892905,0.697815435821895,5.47094018294613e-05,0.00314515697046066,0.0263718586402889,80.2381931406374,0.23844955506808,0.0782441302260065,0.0042824089708532,0.0315413721986809,0.759949966250827,-0.0249996655323106,-9.77885841940224,-2.05850974727246e-14,-0.0429869122185295,1.24938539551573e-13,0,0,0,0,1,0.673086199299627,0.673086199299627,62.1163199739332,50.7279754328911,-2.53040310033363
46.05,0.221484370863015,0.108795536182937,0.698081207138486,5.47422081942173e-05,0.00313643643904494,0.0263765641591494,80.2350349444267,0.238440239171554,0.0782447606056808,0.00428337801431284,0.0315136338159574,0.760002721310799,-0.025003185728973,-9.77809628622057,-2.05850974727246e-14,-0.0429869122185295,1.24938539551573e-13,0,0,0,0,1,0.673086199299627,0.673086199299627,62.1005193752724,50.7424392627015,-2.52807901890878
46.06,0.221513775312382,0.108768139339303,0.698347003767136,5.47766589059353e-05,0.00312772558606734,0.0263812689409736,80.2318805300214,0.238430934444276,0.0782453898388959,0.0042843456107764,0.0314857937100517,0.760055404458957,-0.0250066953582798,-9.77733504600744,-2.05850974727246e-14,-0.0429869122185295,1.24938539551573e-13,0,0,0,0,1,0.673086199299627,0.673086199299627,62.084717301777,50.7569023155348,-2.52574707231508
46.07,0.221543175609873,0.108740639457727,0.698612825713305,5.481275365241e-05,0.00311902443858887,0.0263859729802064,80.2287299060929,0.238421640911817,0.0782460179229163,0.00428531175857786,0.0314578519796546,0.760108015552613,-0.02501019442004,-9.77657470068061,-2.05850974727246e-14,-0.0429869122185295,1.24938539551573e-13,0,0,0,0,1,0.673086199299627,0.673086199299627,62.0689137575392,50.7713645971514,-2.52340726936614
46.08,0.221572571743899,0.10871303663421,0.698878672982472,5.48504921194262e-05,0.00311033302364278,0.0263906762712923,80.2255830813005,0.238412358599711,0.0782466448550095,0.00428627645605299,0.0314298087237323,0.760160554449321,-0.0250136829140731,-9.77581525215479,-2.05850974727246e-14,-0.0429869122185295,1.24938539551573e-13,0,0,0,0,1,0.673086199299627,0.673086199299627,62.0531087466325,50.7858261133088,-2.52105961889272
46.09,0.221601963702889,0.108685330965031,0.699144545580138,5.48898739907456e-05,0.00310165136823453,0.0263953788086761,80.222440064291,0.238403087533456,0.0782472706324458,0.00428723970153933,0.0314016640415261,0.760213021006871,-0.0250171608402085,-9.77505670234157,-2.05850974727246e-14,-0.0429869122185295,1.24938539551573e-13,0,0,0,0,1,0.673086199299627,0.673086199299627,62.0373022731122,50.8002868697619,-2.51870412974273
46.1,0.221631351475286,0.108657522546747,0.69941044351182,5.49308989480949e-05,0.00309297949934169,0.0264000805868023,80.2193008636989,0.238393827738514,0.0782478952524985,0.00428820149337623,0.0313734180325521,0.760265415083294,-0.0250206281982875,-9.77429905314943,-2.05850974727246e-14,-0.0429869122185295,1.24938539551573e-13,0,0,0,0,1,0.673086199299627,0.673086199299627,62.0214943410147,50.8147468722627,-2.51634081078118
46.11,0.221660735049551,0.108629611476192,0.699676366783058,5.49735666711518e-05,0.0030843174439138,0.0264047816001156,80.2161654881461,0.238384579240309,0.0782485187124439,0.00428916182990486,0.031345070796601,0.76031773653686,-0.0250240849881618,-9.77354230648375,-2.05850974727246e-14,-0.0429869122185295,1.24938539551573e-13,0,0,0,0,1,0.673086199299627,0.673086199299627,62.0056849543582,50.8292061265605,-2.51396967089016
46.12,0.221690114414158,0.10860159785048,0.699942315399407,5.50178768375336e-05,0.00307566522887235,0.0264094818430607,80.2130339462423,0.238375342064231,0.0782491410095615,0.00429012070946825,0.0313166224337376,0.76036998522608,-0.0250275312096935,-9.7727864642468,-2.05850974727246e-14,-0.0429869122185295,1.24938539551573e-13,0,0,0,0,1,0.673086199299627,0.673086199299627,61.9898741171421,50.8436646384019,-2.51159071896878
46.13,0.221719489557602,0.108573481766999,0.700208289366446,5.5063829122784e-05,0.00306702288111062,0.0264141813100824,80.2099062465844,0.23836611623563,0.0782497621411333,0.00429107813041126,0.0312880730443009,0.760422161009704,-0.0250309668627564,-9.77203152833775,-2.05850974727246e-14,-0.0429869122185295,1.24938539551573e-13,0,0,0,0,1,0.673086199299627,0.673086199299627,61.9740618333476,50.8581224135305,-2.50920396393317
46.14,0.221748860468389,0.108545263323415,0.700474288689771,5.51114232003606e-05,0.00305839042749367,0.0264188799956255,80.2067823977572,0.238356901779821,0.0782503821044448,0.00429203409108065,0.0312594227289033,0.760474263746721,-0.0250343919472347,-9.7712775006526,-2.05850974727246e-14,-0.0429869122185295,1.24938539551573e-13,0,0,0,0,1,0.673086199299627,0.673086199299627,61.958248106937,50.8725794576873,-2.50680941471645
46.15,0.221778227135044,0.108516942617671,0.700740313374999,5.51606587416218e-05,0.00304976789485817,0.026423577894135,80.2036624083327,0.238347698722081,0.0782510008967844,0.00429298858982507,0.0312306715884308,0.760526293296367,-0.0250378064630248,-9.77052438308433,-2.05850974727246e-14,-0.0429869122185295,1.24938539551573e-13,0,0,0,0,1,0.673086199299627,0.673086199299627,61.9424329418543,50.88703577661,-2.50440708026868
46.16,0.221807589546109,0.108488519747986,0.701006363427764,5.52115354158156e-05,0.00304115531001236,0.0264282750000561,80.2005462868705,0.238338507087652,0.0782516185154434,0.00429394162499508,0.0312018197240422,0.760578249518109,-0.0250412104100327,-9.76977217752269,-2.05850974727246e-14,-0.0429869122185295,1.24938539551573e-13,0,0,0,0,1,0.673086199299627,0.673086199299627,61.9266163420249,50.9014913760338,-2.50199696955683
46.17,0.22183694769014,0.108459994812855,0.701272438853721,5.52640528900663e-05,0.00303255269973595,0.0264329713078342,80.1974340419177,0.238329326901738,0.0782522349577163,0.00429489319494319,0.0311728672371693,0.760630132271666,-0.0250446037881775,-9.76902088585438,-2.05850974727246e-14,-0.0429869122185295,1.24938539551573e-13,0,0,0,0,1,0.673086199299627,0.673086199299627,61.9107983113557,50.9159462616908,-2.49957909156477
46.18,0.221866301555712,0.108431367911047,0.701538539658546,5.53182108293618e-05,0.00302396009078003,0.0264376668119146,80.1943256820085,0.238320158189504,0.0782528502209006,0.00429584329802383,0.0311438142295162,0.76068194141699,-0.0250479865973881,-9.76827050996294,-2.05850974727246e-14,-0.0429869122185295,1.24938539551573e-13,0,0,0,0,1,0.673086199299627,0.673086199299627,61.8949788537349,50.9304004393101,-2.49715345529319
46.19,0.221895651131413,0.108402639141609,0.701804665847931,5.5374008896542e-05,0.00301537750986696,0.0264423615067433,80.191221215665,0.238311000976081,0.0782534643022971,0.00429679193259343,0.0311146608030591,0.76073367681428,-0.0250513588376056,-9.76752105172877,-2.05850974727246e-14,-0.0429869122185295,1.24938539551573e-13,0,0,0,0,1,0.673086199299627,0.673086199299627,61.8791579730324,50.9448539146179,-2.49472006975964
46.2,0.221924996405851,0.108373808603862,0.70207081742759,5.54314467522862e-05,0.00300680498369031,0.0264470553867661,80.1881206513963,0.238301855286561,0.0782540771992094,0.00429773909701039,0.0310854070600463,0.760785338323975,-0.0250547205087827,-9.76677251302917,-2.05850974727246e-14,-0.0429869122185295,1.24938539551573e-13,0,0,0,0,1,0.673086199299627,0.673086199299627,61.8633356730993,50.9593066933375,-2.49227894399846
46.21,0.221954337367648,0.108344876397401,0.702336994403256,5.54905240551004e-05,0.00299824253891476,0.0264517484464294,80.185023997699,0.238292721145998,0.0782546889089444,0.00429868478963513,0.0310560531029974,0.760836925806758,-0.0250580716108838,-9.76602489573826,-2.05850974727246e-14,-0.0429869122185295,1.24938539551573e-13,0,0,0,0,1,0.673086199299627,0.673086199299627,61.8475119577684,50.9737587811888,-2.48983008706071
46.22,0.221983674005445,0.108315842622097,0.70260319678068,5.5551240461306e-05,0.002989690202176,0.0264564406801797,80.181931263057,0.238283598579411,0.0782552994288121,0.00429962900883007,0.0310265990347032,0.76088843912355,-0.0250614121438837,-9.76527820172705,-2.05850974727246e-14,-0.0429869122185295,1.24938539551573e-13,0,0,0,0,1,0.673086199299627,0.673086199299627,61.8316868308537,50.9882101838891,-2.48737350801422
46.23,0.222013006307898,0.108286707378095,0.702869424565633,5.56135956250266e-05,0.00298114800008065,0.0264611320824639,80.1788424559415,0.23827448761178,0.0782559087561257,0.00430057175295969,0.0309970449582258,0.760939878135522,-0.0250647421077709,-9.7645324328634,-2.05850974727246e-14,-0.0429869122185295,1.24938539551573e-13,0,0,0,0,1,0.673086199299627,0.673086199299627,61.8158602961509,51.0026609071522,-2.4849092159435
46.24,0.222042334263679,0.108257470765812,0.703135677763906,5.56775891981767e-05,0.00297261595920617,0.0264658226477294,80.1757575848111,0.238265388268048,0.0782565168882016,0.00430151302039053,0.0309673909768976,0.760991242704082,-0.0250680615025438,-9.76378759101202,-2.05850974727246e-14,-0.0429869122185295,1.24938539551573e-13,0,0,0,0,1,0.673086199299627,0.673086199299627,61.800032357437,51.0171109566892,-2.48243721994972
46.25,0.222071657861479,0.108228132885942,0.703401956381308,5.57432208304491e-05,0.00296409410610078,0.0264705123704237,80.1726766581114,0.23825630057312,0.0782571238223592,0.00430245280949121,0.0309376371943213,0.761042532690885,-0.0250713703282137,-9.76304367803445,-2.05850974727246e-14,-0.0429869122185295,1.24938539551573e-13,0,0,0,0,1,0.673086199299627,0.673086199299627,61.7842030184704,51.0315603382077,-2.4799575291507
46.26,0.222100977090004,0.108198693839449,0.70366826042367,5.58104901693028e-05,0.00295558246728334,0.0264752012449949,80.1695996842757,0.238247224551863,0.0782577295559212,0.00430339111863242,0.0309077837143699,0.761093747957826,-0.0250746685848044,-9.76230069578909,-2.05850974727246e-14,-0.0429869122185295,1.24938539551573e-13,0,0,0,0,1,0.673086199299627,0.673086199299627,61.768372282991,51.0460090574123,-2.47747015268084
46.27,0.222130291937978,0.108169153727573,0.70393458989684,5.58793968599513e-05,0.00294708106924328,0.0264798892658915,80.1665266717241,0.238238160229108,0.0782583340862135,0.004304327946187,0.0308778306411857,0.76114488836705,-0.0250779562723499,-9.76155864613123,-2.05850974727246e-14,-0.0429869122185295,1.24938539551573e-13,0,0,0,0,1,0.673086199299627,0.673086199299627,61.7525401547203,51.0604571200045,-2.47497509969114
46.28,0.222159602394141,0.108139512651825,0.704200944806684,5.59499405453507e-05,0.00293858993844052,0.0264845764275624,80.163457628864,0.238229107629646,0.0782589374105654,0.00430526329052989,0.0308477780791808,0.761195953780939,-0.0250812333908983,-9.76081753091291,-2.05850974727246e-14,-0.0429869122185295,1.24938539551573e-13,0,0,0,0,1,0.673086199299627,0.673086199299627,61.7367066373609,51.0749045316823,-2.47247237934912
46.29,0.222188908447251,0.108109770713988,0.704467325159091,5.60221208661874e-05,0.00293010910130538,0.0264892627244571,80.1603925640901,0.238220066778233,0.0782595395263091,0.0043061971500382,0.0308176261330362,0.761246944062127,-0.0250844999405082,-9.76007735198309,-2.05850974727246e-14,-0.0429869122185295,1.24938539551573e-13,0,0,0,0,1,0.673086199299627,0.673086199299627,61.7208717345972,51.0893512981409,-2.4699620008388
46.3,0.222218210086083,0.10807992801612,0.704733730959967,5.60959374608664e-05,0.00292163858423846,0.0264939481510254,80.1573314857843,0.238211037699584,0.0782601404307804,0.00430712952309121,0.0307873749077015,0.761297859073483,-0.0250877559212517,-9.75933811118752,-2.05850974727246e-14,-0.0429869122185295,1.24938539551573e-13,0,0,0,0,1,0.673086199299627,0.673086199299627,61.7050354500948,51.1037974250719,-2.4674439733607
46.31,0.222247507299426,0.108049984660547,0.705000162215237,5.61713899654996e-05,0.00291317841361058,0.0264986327017178,80.1542744023154,0.238202020418379,0.0782607401213181,0.00430806040807037,0.0307570245083951,0.761348698678131,-0.0250910013332123,-9.75859981036879,-2.05850974727246e-14,-0.0429869122185295,1.24938539551573e-13,0,0,0,0,1,0.673086199299627,0.673086199299627,61.6891977875008,51.1182429181636,-2.46491830613177
46.32,0.222276800076092,0.10801994074987,0.705266618930846,5.62484780138936e-05,0.00290472861576268,0.0265033163709853,80.1512213220395,0.238193014959258,0.0782613385952644,0.00430898980335934,0.0307265750406033,0.761399462739436,-0.0250942361764864,-9.75786245136634,-2.05850974727246e-14,-0.0429869122185295,1.24938539551573e-13,0,0,0,0,1,0.673086199299627,0.673086199299627,61.6733587504438,51.1326877831012,-2.4623850083854
46.33,0.222306088404904,0.10798979638696,0.705533101112758,5.63272012375385e-05,0.00289628921700574,0.0265079991532796,80.1481722532998,0.238184021346824,0.0782619358499648,0.00430991770734401,0.0306960266100802,0.761450151121005,-0.0250974604511826,-9.75712603601639,-2.05850974727246e-14,-0.0429869122185295,1.24938539551573e-13,0,0,0,0,1,0.673086199299627,0.673086199299627,61.6575183425337,51.1471320255665,-2.45984408937131
46.34,0.222335372274707,0.107959551674959,0.705799608766956,5.64075592655957e-05,0.00288786024362068,0.0265126810430528,80.1451272044265,0.238175039605641,0.0782625318827681,0.00431084411841249,0.0306653793228476,0.761500763686698,-0.025100674157422,-9.75639056615203,-2.05850974727246e-14,-0.0429869122185295,1.24938539551573e-13,0,0,0,0,1,0.673086199299627,0.673086199299627,61.6416765673619,51.1615756512378,-2.45729555835562
46.35,0.222364651674361,0.107929206717279,0.706066141899443,5.64895517248867e-05,0.00287944172185825,0.0265173620347579,80.1420861837368,0.238166069760235,0.0782631266910265,0.00431176903495516,0.0306346332851943,0.761551300300613,-0.0251038772953387,-9.75565604360315,-2.05850974727246e-14,-0.0429869122185295,1.24938539551573e-13,0,0,0,0,1,0.673086199299627,0.673086199299627,61.6258334285014,51.1760186657901,-2.45473942462074
46.36,0.222393926592743,0.107898761617604,0.70633270051624,5.6573178239881e-05,0.00287103367793901,0.0265220421228482,80.139049199535,0.238157111835094,0.0782637202720955,0.00431269245536467,0.0306037886036762,0.761601760827102,-0.0251070698650787,-9.75492247019644,-2.05850974727246e-14,-0.0429869122185295,1.24938539551573e-13,0,0,0,0,1,0.673086199299627,0.673086199299627,61.6099889295064,51.190461074895,-2.4521756974654
46.37,0.222423197018749,0.107868216479887,0.706599284623388,5.66584384326849e-05,0.00286263613805315,0.026526721301778,80.1360162601125,0.238148165854669,0.0782643126233337,0.00431361437803597,0.0305728453851156,0.761652145130757,-0.0251102518668013,-9.75418984775543,-2.05850974727246e-14,-0.0429869122185295,1.24938539551573e-13,0,0,0,0,1,0.673086199299627,0.673086199299627,61.5941430739126,51.2049028842207,-2.44960438620455
46.38,0.222452462941291,0.107837571408351,0.706865894226946,5.67453319230296e-05,0.00285424912836048,0.0265313995660022,80.1329873737475,0.23813923184337,0.0782649037421036,0.00431453480136632,0.0305418037366009,0.76170245307642,-0.0251134233006782,-9.75345817810046,-2.05850974727246e-14,-0.0429869122185295,1.24938539551573e-13,0,0,0,0,1,0.673086199299627,0.673086199299627,61.5782958652372,51.2193440994319,-2.44702550016939
46.39,0.222481724349299,0.107806826507489,0.707132529332995,5.68338583282602e-05,0.00284587267499028,0.0265360769099764,80.1299625487053,0.23813030982557,0.0782654936257707,0.00431545372375528,0.0305106637654867,0.761752684529182,-0.0251165841668946,-9.75272746304866,-2.05850974727246e-14,-0.0429869122185295,1.24938539551573e-13,0,0,0,0,1,0.673086199299627,0.673086199299627,61.5624473069786,51.2337847261897,-2.44443904870729
46.4,0.22251098123172,0.107775981882062,0.707399189947631,5.69240172633236e-05,0.00283750680404126,0.0265407533281571,80.1269417932381,0.238121399825604,0.0782660822717039,0.0043163711436048,0.030479425579393,0.761802839354376,-0.0251197344656477,-9.75199770441397,-2.05850974727246e-14,-0.0429869122185295,1.24938539551573e-13,0,0,0,0,1,0.673086199299627,0.673086199299627,61.5465974026171,51.2482247701518,-2.44184504118181
46.41,0.222540233577521,0.107745037637101,0.707665876076973,5.70158083407575e-05,0.00282915154158143,0.0265454288150014,80.1239251155851,0.238112501867767,0.0782666696772758,0.00431728705931916,0.0304480892862052,0.761852917417586,-0.0251228741971488,-9.75126890400716,-2.05850974727246e-14,-0.0429869122185295,1.24938539551573e-13,0,0,0,0,1,0.673086199299627,0.673086199299627,61.5307461556138,51.2626642369724,-2.43924348697262
46.42,0.222569481375683,0.107713993877906,0.707932587727156,5.71092311706793e-05,0.00282080691364803,0.0265501033649674,80.1209125239722,0.238103615976317,0.0782672558398621,0.00431820146930503,0.0304166549940735,0.761902918584645,-0.0251260033616214,-9.75054106363577,-2.05850974727246e-14,-0.0429869122185295,1.24938539551573e-13,0,0,0,0,1,0.673086199299627,0.673086199299627,61.5148935694118,51.2771031323019,-2.4366343954755
46.43,0.222598724615208,0.107682850710044,0.708199324904336,5.72042853607741e-05,0.00281247294624745,0.026554776972514,80.1179040266124,0.238094742175472,0.0782678407568421,0.00431911437197148,0.0303851228114129,0.76195284272163,-0.0251291219593022,-9.74981418510412,-2.05850974727246e-14,-0.0429869122185295,1.24938539551573e-13,0,0,0,0,1,0.673086199299627,0.673086199299627,61.4990396474353,51.2915414617875,-2.43401777610228
46.44,0.222627963285113,0.107651608239351,0.708466087614688,5.73009705162839e-05,0.00280414966535512,0.0265594496321007,80.1148996317053,0.238085880489412,0.0782684244255986,0.00432002576573,0.0303534928469026,0.762002689694868,-0.0251322299904416,-9.74908827021337,-2.05850974727246e-14,-0.0429869122185295,1.24938539551573e-13,0,0,0,0,1,0.673086199299627,0.673086199299627,61.4831843930901,51.3059792310724,-2.43139363828086
46.45,0.222657197374434,0.107620266571931,0.708732875864404,5.73992862399961e-05,0.00279583709691545,0.0265641213381884,80.1118993474377,0.238077030942277,0.0782690068435179,0.0043209356489945,0.0303217652094857,0.762052459370936,-0.0251353274553028,-9.74836332076144,-2.05850974727246e-14,-0.0429869122185295,1.24938539551573e-13,0,0,0,0,1,0.673086199299627,0.673086199299627,61.4673278097632,51.3204164457964,-2.42876199145509
46.46,0.222686426872226,0.107588825814153,0.708999689659698,5.74992321322326e-05,0.00278753526684168,0.0265687920852384,80.1089031819829,0.23806819355817,0.0782695880079896,0.00432184402018136,0.0302899400083691,0.762102151616659,-0.0251384143541625,-9.74763933854305,-2.05850974727246e-14,-0.0429869122185295,1.24938539551573e-13,0,0,0,0,1,0.673086199299627,0.673086199299627,61.4514699008233,51.3348531115955,-2.42612284508485
46.47,0.222715651767559,0.107557286072655,0.709266529006801,5.76008077908384e-05,0.00277924420101589,0.0265734618677132,80.1059111435012,0.238059368361153,0.078270167916407,0.0043227508777094,0.0302580173530228,0.762151766299111,-0.0251414906873113,-9.74691632534971,-2.05850974727246e-14,-0.0429869122185295,1.24938539551573e-13,0,0,0,0,1,0.673086199299627,0.673086199299627,61.4356106696203,51.3492892341021,-2.42347620864591
46.48,0.222744872049525,0.107525647454342,0.709533393911963,5.77040128111704e-05,0.00277096392528881,0.0265781306800764,80.1029232401394,0.238050555375251,0.0782707465661668,0.00432365621999996,0.0302259973531801,0.762201303285614,-0.0251445564550519,-9.74619428296966,-2.05850974727246e-14,-0.0429869122185295,1.24938539551573e-13,0,0,0,0,1,0.673086199299627,0.673086199299627,61.4197501194857,51.3637248189448,-2.42082209162999
46.49,0.222774087707229,0.107493910066386,0.709800284381455,5.78088467860863e-05,0.00276269446547979,0.0265827985167924,80.0999394800314,0.238041754624449,0.0782713239546694,0.00432456004547687,0.0301938801188367,0.76225076244374,-0.0251476116577021,-9.74547321318801,-2.05850974727246e-14,-0.0429869122185295,1.24938539551573e-13,0,0,0,0,1,0.673086199299627,0.673086199299627,61.4038882537323,51.3781598717485,-2.41816050354466
46.5,0.222803298729799,0.107462074016222,0.710067200421565,5.79153093059342e-05,0.00275443584737671,0.0265874653723265,80.0969598712975,0.238032966132692,0.0782719000793185,0.00432546235256646,0.0301616657602506,0.762300143641312,-0.0251506562955928,-9.74475311778657,-2.05850974727246e-14,-0.0429869122185295,1.24938539551573e-13,0,0,0,0,1,0.673086199299627,0.673086199299627,61.3880250756544,51.3925943981343,-2.41549145391334
46.51,0.222832505106378,0.107430139411553,0.7103341420386,5.80233999585408e-05,0.00274618809673585,0.0265921312411454,80.0939844220451,0.238024189923887,0.0782724749375215,0.00432636313969762,0.0301293543879421,0.762349446746403,-0.0251536903690678,-9.74403399854397,-2.05850974727246e-14,-0.0429869122185295,1.24938539551573e-13,0,0,0,0,1,0.673086199299627,0.673086199299627,61.3721605885277,51.4070284037196,-2.41281495227528
46.52,0.222861706826127,0.107398106360349,0.710601109238886,5.81331183292008e-05,0.00273795123928184,0.0265967961177165,80.0910131403678,0.238015426021901,0.0782730485266895,0.0043272624053018,0.0300969461126929,0.762398671627334,-0.0251567138784856,-9.74331585723558,-2.05850974727246e-14,-0.0429869122185295,1.24938539551573e-13,0,0,0,0,1,0.673086199299627,0.673086199299627,61.3562947956094,51.4214618941179,-2.4101310081855
46.53,0.222890903878226,0.107365974970843,0.71086810202877,5.82444640006662e-05,0.00272972530070758,0.0266014599965087,80.0880460343463,0.238006674450562,0.078273620844237,0.00432816014781301,0.0300644410455459,0.76244781815268,-0.0251597268242185,-9.74259869563357,-2.05850974727246e-14,-0.0429869122185295,1.24938539551573e-13,0,0,0,0,1,0.673086199299627,0.673086199299627,61.340427700138,51.4358948749389,-2.40743963121475
46.54,0.222920096251875,0.107333745351532,0.711135120414615,5.83574365531348e-05,0.00272151030667409,0.0266061228719916,80.0850831120477,0.23799793523366,0.0782741918875822,0.00432905636566784,0.0300318392978054,0.762496886191262,-0.0251627292066518,-9.74188251550684,-2.05850974727246e-14,-0.0429869122185295,1.24938539551573e-13,0,0,0,0,1,0.673086199299627,0.673086199299627,61.3245593053335,51.4503273517884,-2.40474083094955
46.55,0.22294928393629,0.10730141761118,0.711402164402804,5.84720355642401e-05,0.00271330628281051,0.0266107847386363,80.0821243815258,0.237989208394942,0.0782747616541469,0.00432995105730553,0.0299991409810361,0.762545875612157,-0.0251657210261852,-9.74116731862106,-2.05850974727246e-14,-0.0429869122185295,1.24938539551573e-13,0,0,0,0,1,0.673086199299627,0.673086199299627,61.3086896143974,51.4647593302682,-2.40203461699205
46.56,0.222978466920704,0.107268991858814,0.711669233999741,5.858826060904e-05,0.00270511325471392,0.0266154455909148,80.0791698508211,0.237980493958119,0.0782753301413565,0.00433084422116789,0.029966346207063,0.76259478628469,-0.0251687022832331,-9.7404531067387,-2.05850974727246e-14,-0.0429869122185295,1.24938539551573e-13,0,0,0,0,1,0.673086199299627,0.673086199299627,61.2928186305124,51.4791908159764,-2.39932099896009
46.57,0.223007645194373,0.107236468203724,0.711936329211844,5.87061112600064e-05,0.00269693124794933,0.0266201054233005,80.0762195279604,0.237971791946861,0.0782758973466401,0.00433173585569941,0.0299334550879711,0.762643618078438,-0.0251716729782227,-9.73973988161893,-2.05850974727246e-14,-0.0429869122185295,1.24938539551573e-13,0,0,0,0,1,0.673086199299627,0.673086199299627,61.2769463568428,51.4936218145071,-2.39659998648713
46.58,0.223036818746567,0.107203846755467,0.712203450045556,5.88255870870142e-05,0.00268876028804953,0.026624764230268,80.0732734209574,0.237963102384799,0.0782764632674304,0.00433262595934723,0.0299004677361052,0.76269237086323,-0.0251746331115966,-9.7390276450177,-2.05850974727246e-14,-0.0429869122185295,1.24938539551573e-13,0,0,0,0,1,0.673086199299627,0.673086199299627,61.2610727965344,51.5080523314503,-2.39387158922221
46.59,0.223065987566576,0.107171127623858,0.712470596507333,5.8946687657331e-05,0.00268060040051505,0.0266294220062931,80.0703315378121,0.237954425295522,0.078277027901164,0.00433351453056116,0.0298673842640692,0.762741044509149,-0.0251775826838104,-9.73831639868774,-2.05850974727246e-14,-0.0429869122185295,1.24938539551573e-13,0,0,0,0,1,0.673086199299627,0.673086199299627,61.2451979527143,51.5224823723921,-2.39113581682994
46.6,0.223095151643709,0.10713831091898,0.712737768603654,5.9069412535606e-05,0.00267245161081403,0.0266340787458528,80.0673938865111,0.237945760702582,0.078277591245281,0.0043344015677937,0.0298342047847262,0.762789638886525,-0.0251805216953351,-9.73760614437847,-2.05850974727246e-14,-0.0429869122185295,1.24938539551573e-13,0,0,0,0,1,0.673086199299627,0.673086199299627,61.2293218284911,51.5369119429146,-2.38839267899046
46.61,0.223124310967294,0.107105396751175,0.713004966341015,5.919376128386e-05,0.00266431394438216,0.0266387344434256,80.0644604750276,0.237937108629491,0.0782781532972252,0.00433528706950008,0.0298009294111975,0.762838153865948,-0.0251834501466554,-9.73689688383611,-2.05850974727246e-14,-0.0429869122185295,1.24938539551573e-13,0,0,0,0,1,0.673086199299627,0.673086199299627,61.2134444269547,51.5513410485957,-2.38564218539938
46.62,0.223153465526675,0.10707238523105,0.71327218972593,5.93197334614741e-05,0.00265618742662258,0.0266433890934911,80.0615313113211,0.237928469099719,0.0782787140544442,0.00433617103413825,0.0297675582568632,0.762886589318253,-0.0251863680382699,-9.73618861880359,-2.05850974727246e-14,-0.0429869122185295,1.24938539551573e-13,0,0,0,0,1,0.673086199299627,0.673086199299627,61.1975657511766,51.5657696950096,-2.38288434576781
46.63,0.223182615311218,0.107039276469471,0.713539438764935,5.94473286251803e-05,0.0026480720829058,0.0266480426905306,80.0586064033378,0.237919842136697,0.0782792735143892,0.00433705346016888,0.0297340914353611,0.762934945114532,-0.0251892753706928,-9.73548135102059,-2.05850974727246e-14,-0.0429869122185295,1.24938539551573e-13,0,0,0,0,1,0.673086199299627,0.673086199299627,61.1816858042096,51.580197887726,-2.38011916982228
46.64,0.223211760310305,0.107006070577569,0.71380671346458,5.95765463290497e-05,0.00263996793856961,0.0266526952290263,80.05568575901,0.237911227763818,0.0782798316745155,0.00433793434605545,0.0297005290605864,0.76298322112613,-0.0251921721444523,-9.73477508222352,-2.05850974727246e-14,-0.0429869122185295,1.24938539551573e-13,0,0,0,0,1,0.673086199299627,0.673086199299627,61.1658045890881,51.5946256323107,-2.37734666730471
46.65,0.223240900513339,0.106972767666734,0.714074013831439,5.97073861244834e-05,0.00263187501891896,0.0266573467034622,80.0527693862566,0.237902626004432,0.0782803885322818,0.00433881369026417,0.029666871246692,0.763031417224645,-0.0251950583600908,-9.73406981414557,-2.05850974727246e-14,-0.0429869122185295,1.24938539551573e-13,0,0,0,0,1,0.673086199299627,0.673086199299627,61.1499221088278,51.6090529343253,-2.3745668479724
46.66,0.223270035909739,0.106939367848617,0.7143413398721,5.9839847560201e-05,0.00262379334922593,0.0266619971083237,80.0498572929831,0.237894036881851,0.0782809440851507,0.00433969149126408,0.0296331181080872,0.763079533281927,-0.0251979340181661,-9.7333655485166,-2.05850974727246e-14,-0.0429869122185295,1.24938539551573e-13,0,0,0,0,1,0.673086199299627,0.673086199299627,61.1340383664259,51.6234797993272,-2.371779721598
46.67,0.223299166488946,0.106905871235131,0.714608691593172,5.99739301822312e-05,0.0026157229547296,0.0266666464380974,80.0469494870811,0.237885460419345,0.0782814983305887,0.00434056774752702,0.0295992697594383,0.763127569170083,-0.0252007991192499,-9.73266228706322,-2.05850974727246e-14,-0.0429869122185295,1.24938539551573e-13,0,0,0,0,1,0.673086199299627,0.673086199299627,61.1181533648609,51.6379062328697,-2.36898529796943
46.68,0.223328292240418,0.106872277938448,0.714876069001284,6.01096335339007e-05,0.00260766386063597,0.0266712946872716,80.0440459764285,0.237876896640146,0.078282051266066,0.00434144245752767,0.0295653263156674,0.763175524761473,-0.0252036536639291,-9.73196003150881,-2.05850974727246e-14,-0.0429869122185295,1.24938539551573e-13,0,0,0,0,1,0.673086199299627,0.673086199299627,61.102267107093,51.6523322405019,-2.3661835868899
46.69,0.223357413153631,0.106838588071002,0.715143472103081,6.0246957155825e-05,0.00259961609211788,0.0266759418503361,80.0411467688898,0.237868345567443,0.0782826028890567,0.00434231561974353,0.029531287891953,0.763223399928708,-0.0252064976528058,-9.7312587835734,-2.05850974727246e-14,-0.0429869122185295,1.24938539551573e-13,0,0,0,0,1,0.673086199299627,0.673086199299627,61.0863795960636,51.6667578277684,-2.3633745981779
46.7,0.223386529218083,0.106804801745483,0.715410900905227,6.03859005858968e-05,0.00259157967431491,0.0266805879217822,80.0382518723157,0.237859807224387,0.0782831531970387,0.004343187232655,0.0294971546037285,0.763271194544659,-0.0252093310864962,-9.7305585449738,-2.05850974727246e-14,-0.0429869122185295,1.24938539551573e-13,0,0,0,0,1,0.673086199299627,0.673086199299627,61.0704908346956,51.6811830002099,-2.36055834166706
46.71,0.223415640423288,0.106770919074845,0.715678355414408,6.05264633592769e-05,0.0025835546323333,0.0266852328961027,80.0353612945431,0.237851281634087,0.0782837021874938,0.00434405729474533,0.029462926566683,0.763318908482448,-0.0252121539656324,-9.72985931742354,-2.05850974727246e-14,-0.0429869122185295,1.24938539551573e-13,0,0,0,0,1,0.673086199299627,0.673086199299627,61.0546008258934,51.6956077633626,-2.35773482720624
46.72,0.223444746758781,0.106736940172296,0.715945835637324,6.06686450083839e-05,0.00257554099124587,0.0266898767677922,80.0324750433953,0.237842768819612,0.0782842498579076,0.0043449258045007,0.0294286038967599,0.763366541615452,-0.0252149662908603,-9.72916110263282,-2.05850974727246e-14,-0.0429869122185295,1.24938539551573e-13,0,0,0,0,1,0.673086199299627,0.673086199299627,61.0387095725429,51.7100321227584,-2.35490406465942
46.73,0.223473848214114,0.106702865151307,0.716213341580696,6.08124450628837e-05,0.00256753877609192,0.0266945195313466,80.0295931266818,0.237834268803992,0.0782847962057696,0.00434579276041017,0.0293941867101575,0.763414093817306,-0.0252177680628425,-9.7284639023086,-2.05850974727246e-14,-0.0429869122185295,1.24938539551573e-13,0,0,0,0,1,0.673086199299627,0.673086199299627,61.0228170775113,51.7244560839248,-2.35206606390572
46.74,0.223502944778861,0.106668694125606,0.716480873251264,6.09578630496797e-05,0.00255954801187713,0.0266991611812636,80.0267155521984,0.237825781610213,0.0782853412285733,0.00434665816096575,0.029359675123328,0.763461564961898,-0.0252205592822553,-9.72776771815452,-2.05850974727246e-14,-0.0429869122185295,1.24938539551573e-13,0,0,0,0,1,0.673086199299627,0.673086199299627,61.0069233436472,51.738879652385,-2.34922083483931
46.75,0.223532036442614,0.106634427209177,0.716748430655786,6.11048984929031e-05,0.0025515687235735,0.0267038017120428,80.023842327727,0.237817307261223,0.078285884923816,0.00434752200466241,0.0293250692529773,0.763508954923373,-0.0252233399497905,-9.72707255187096,-2.05850974727246e-14,-0.0429869122185295,1.24938539551573e-13,0,0,0,0,1,0.673086199299627,0.673086199299627,60.9910283737809,51.753302833658,-2.34636838736944
46.76,0.223561123194982,0.106600064516264,0.717016013801038,6.12535509139022e-05,0.00254360093611925,0.026708441118185,80.0209734610358,0.237808845779929,0.078286427288999,0.00434838428999806,0.0292903692160649,0.763556263576132,-0.0252261100661562,-9.72637840515497,-2.05850974727246e-14,-0.0429869122185295,1.24938539551573e-13,0,0,0,0,1,0.673086199299627,0.673086199299627,60.975132170724,51.767725633258,-2.34350873142035
46.77,0.223590205025597,0.106565606161367,0.717283622693815,6.14038198312333e-05,0.00253564467441874,0.0267130793941931,80.018108959879,0.237800397189197,0.0782869683216276,0.0043492450154736,0.0292555751298031,0.76360349079483,-0.0252288696320746,-9.72568527970035,-2.05850974727246e-14,-0.0429869122185295,1.24938539551573e-13,0,0,0,0,1,0.673086199299627,0.673086199299627,60.9592347372695,51.7821480566952,-2.3406418769313
46.78,0.223619281924107,0.106531052259245,0.71755125734093,6.15557047606502e-05,0.00252769996334235,0.0267177165345716,80.0152488319973,0.237791961511851,0.0782875080192108,0.00435010417959294,0.029220687111657,0.763650636454382,-0.025231618648284,-9.72499317719755,-2.05850974727246e-14,-0.0429869122185295,1.24938539551573e-13,0,0,0,0,1,0.673086199299627,0.673086199299627,60.943336076192,51.7965701094749,-2.33776783385647
46.79,0.223648353880182,0.10649640292491,0.717818917749217,6.17092052150948e-05,0.00251976682772643,0.0267223525338269,80.0123930851171,0.237783538770675,0.078288046379262,0.00435096178086299,0.0291857052793442,0.763697700429957,-0.0252343571155376,-9.72430209933376,-2.05850974727246e-14,-0.0429869122185295,1.24938539551573e-13,0,0,0,0,1,0.673086199299627,0.673086199299627,60.9274361902474,51.8109917970981,-2.33488661216499
46.8,0.22367742088351,0.106461658273634,0.718086603925524,6.18643207046869e-05,0.00251184529237321,0.026726987386467,80.0095417269513,0.237775128988413,0.0782885833992981,0.00435181781779371,0.0291506297508339,0.763744682596984,-0.0252370850346047,-9.72361204779286,-2.05850974727246e-14,-0.0429869122185295,1.24938539551573e-13,0,0,0,0,1,0.673086199299627,0.673086199299627,60.9115350821731,51.8254131250614,-2.33199822184086
46.81,0.223706482923799,0.106426818420943,0.718354315876723,6.20210507367146e-05,0.00250393538205069,0.0267316210870019,80.0066947651986,0.237766732187767,0.0782891190768405,0.00435267228889808,0.0291154606443472,0.763791582831142,-0.0252398024062702,-9.72292302425539,-2.05850974727246e-14,-0.0429869122185295,1.24938539551573e-13,0,0,0,0,1,0.673086199299627,0.673086199299627,60.8956327546881,51.8398340988568,-2.32910267288296
46.82,0.223735539990776,0.106391883482619,0.718622053609699,6.21793948156249e-05,0.00249603712149255,0.0267362536299432,80.003852207544,0.237758348391396,0.0782896534094142,0.00435352519269217,0.0290801980783563,0.763838401008375,-0.0252425092313337,-9.72223503039861,-2.05850974727246e-14,-0.0429869122185295,1.24938539551573e-13,0,0,0,0,1,0.673086199299627,0.673086199299627,60.8797292104926,51.8542547239716,-2.32619997530498
46.83,0.223764592074187,0.106356853574699,0.718889817131359,6.23393524430132e-05,0.0024881505353981,0.0267408850098047,80.0010140616584,0.237749977621922,0.0782901863945484,0.00435437652769513,0.0290448421715844,0.763885137004882,-0.0252452055106118,-9.72154806789647,-2.05850974727246e-14,-0.0429869122185295,1.24938539551573e-13,0,0,0,0,1,0.673086199299627,0.673086199299627,60.8638244522686,51.8686750058886,-2.3232901391354
46.84,0.223793639163799,0.106321728813476,0.719157606448627,6.25009231176148e-05,0.00248027564843217,0.0267455152211019,79.9981803351987,0.237741619901923,0.0782907180297764,0.00435522629242919,0.0290093930430052,0.763931790697118,-0.0252478912449362,-9.72086213841961,-2.05850974727246e-14,-0.0429869122185295,1.24938539551573e-13,0,0,0,0,1,0.673086199299627,0.673086199299627,60.8479184826792,51.8830949500861,-2.3203731744175
46.85,0.223822681249398,0.106286509315496,0.719425421568447,6.26641063352943e-05,0.002472412485225,0.0267501442583522,79.9953510358081,0.237733275253935,0.0782912483126356,0.00435607448541972,0.0289738508118424,0.763978361961799,-0.0252505664351538,-9.72017724363534,-2.05850974727246e-14,-0.0429869122185295,1.24938539551573e-13,0,0,0,0,1,0.673086199299627,0.673086199299627,60.8320113043693,51.8975145620376,-2.31744909120923
46.86,0.22385171832079,0.10625119519756,0.719693262497779,6.28289015890364e-05,0.00246456107037219,0.0267547721160751,79.9925261711154,0.237724943700456,0.0782917772406672,0.00435692110519519,0.0289382155975697,0.764024850675896,-0.0252532310821287,-9.71949338520765,-2.05850974727246e-14,-0.0429869122185295,1.24938539551573e-13,0,0,0,0,1,0.673086199299627,0.673086199299627,60.816102919965,51.911933847212,-2.3145178995833
46.87,0.2238807503678,0.106215786576722,0.719961129243602,6.29953083689365e-05,0.0024567214284346,0.026759398788792,79.9897057487356,0.237716625263939,0.0782923048114169,0.00435776615028726,0.0289024875199101,0.764071256716642,-0.0252558851867401,-9.71881056479721,-2.05850974727246e-14,-0.0429869122185295,1.24938539551573e-13,0,0,0,0,1,0.673086199299627,0.673086199299627,60.8001933320741,51.9263528110735,-2.31157960962704
46.88,0.223909777380272,0.106180283570293,0.720229021812916,6.31633261621911e-05,0.00244889358393826,0.0267640242710262,79.9868897762698,0.237708319966798,0.0782928310224341,0.00435860961923072,0.0288666666988359,0.764117579961524,-0.0252585287498834,-9.71812878406137,-2.05850974727246e-14,-0.0429869122185295,1.24938539551573e-13,0,0,0,0,1,0.673086199299627,0.673086199299627,60.7842825432857,51.9407714590817,-2.30863423144246
46.89,0.223938799348072,0.106144686295832,0.720496940212736,6.33329544530881e-05,0.00244107756137426,0.0267686485573033,79.9840782613046,0.237700027831405,0.0782933558712727,0.00435945151056354,0.0288307532545677,0.764163820288293,-0.0252611617724699,-9.71744804465417,-2.05850974727246e-14,-0.0429869122185295,1.24938539551573e-13,0,0,0,0,1,0.673086199299627,0.673086199299627,60.7683705561704,51.9551897966913,-2.30568177514612
46.9,0.223967816261085,0.106108994871155,0.720764884450097,6.35041927229982e-05,0.00243327338519873,0.0267732716421505,79.9812712114129,0.23769174888009,0.0782938793554904,0.00436029182282691,0.0287947473075747,0.764209977574957,-0.0252637842554272,-9.7167683482263,-2.05850974727246e-14,-0.0429869122185295,1.24938539551573e-13,0,0,0,0,1,0.673086199299627,0.673086199299627,60.7524573732805,51.9696078293524,-2.30272225086919
46.91,0.223996828109214,0.106073209414329,0.721032854532051,6.36770404503647e-05,0.00242548107983268,0.0267778935200977,79.9784686341535,0.23768348313514,0.0782944014726492,0.00436113055456522,0.0287586489785741,0.76425605169978,-0.025266396199699,-9.71608969642511,-2.05850974727246e-14,-0.0429869122185295,1.24938539551573e-13,0,0,0,0,1,0.673086199299627,0.673086199299627,60.7365429971494,51.9840255625101,-2.29975566875736
46.92,0.224025834882385,0.106037330043672,0.721300850465671,6.38514971106944e-05,0.00241770066966193,0.0267825141856763,79.9756705370707,0.237675230618804,0.0782949222203152,0.00436196770432609,0.0287224583885306,0.764302042541293,-0.0252689976062451,-9.71541209089465,-2.05850974727246e-14,-0.0429869122185295,1.24938539551573e-13,0,0,0,0,1,0.673086199299627,0.673086199299627,60.7206274302924,51.998443001605,-2.29678203897085
46.93,0.224054836570542,0.106001356877755,0.721568872258045,6.40275621765487e-05,0.00240993217903709,0.0267871336334202,79.972876927695,0.237666991353285,0.0782954415960589,0.00436280327066038,0.0286861756586562,0.764347949978279,-0.0252715884760422,-9.71473553327561,-2.05850974727246e-14,-0.0429869122185295,1.24938539551573e-13,0,0,0,0,1,0.673086199299627,0.673086199299627,60.7047106752059,52.0128601520725,-2.29380137168433
46.94,0.224083833163649,0.105965290035401,0.721836919916281,6.42052351175337e-05,0.00240217563227335,0.0267917518578654,79.9700878135427,0.237658765360748,0.0782959595974548,0.00436363725212224,0.0286498009104094,0.764393773889784,-0.0252741688100825,-9.71406002520533,-2.05850974727246e-14,-0.0429869122185295,1.24938539551573e-13,0,0,0,0,1,0.673086199299627,0.673086199299627,60.6887927343681,52.0272770193435,-2.29081367708691
46.95,0.224112824651691,0.105929129635683,0.722104993447506,6.43845154002916e-05,0.00239443105365051,0.0267963688535501,79.9673032021158,0.237650552663314,0.0782964762220815,0.00436446964726906,0.0286133342654959,0.764439514155119,-0.0252767386093754,-9.71338556831785,-2.05850974727246e-14,-0.0429869122185295,1.24938539551573e-13,0,0,0,0,1,0.673086199299627,0.673086199299627,60.6728736102385,52.0416936088438,-2.28781896538214
46.96,0.224141811024672,0.105892875797925,0.722373092858863,6.45654024884913e-05,0.00238669846741283,0.0268009846150145,79.9645231009022,0.237642353283062,0.0782969914675221,0.00436530045466155,0.0285767758458668,0.764485170653846,-0.0252792978749458,-9.71271216424382,-2.05850974727246e-14,-0.0429869122185295,1.24938539551573e-13,0,0,0,0,1,0.673086199299627,0.673086199299627,60.6569533052583,52.0561099259944,-2.28481724678792
46.97,0.224170792272616,0.105856528641701,0.722641218157515,6.47478958428192e-05,0.00237897789776897,0.0268055991368013,79.9617475173754,0.237634167242031,0.0782975053313637,0.00436612967286372,0.0285401257737194,0.764530743265795,-0.0252818466078359,-9.71203981461058,-2.05850974727246e-14,-0.0429869122185295,1.24938539551573e-13,0,0,0,0,1,0.673086199299627,0.673086199299627,60.6410318218499,52.0705259762113,-2.28180853153651
46.98,0.22419976838557,0.105820088286836,0.722909369350642,6.493199492097e-05,0.00237126936889189,0.0268102124134553,79.958976458995,0.237625994562215,0.0782980178111978,0.00436695730044292,0.0285033841714959,0.764576231871055,-0.0252843848091044,-9.71136852104212,-2.05850974727246e-14,-0.0429869122185295,1.24938539551573e-13,0,0,0,0,1,0.673086199299627,0.673086199299627,60.6251091624174,52.0849417649056,-2.27879282987447
46.99,0.224228739353597,0.105783554853405,0.723177546445444,6.51176991776384e-05,0.00236357290491874,0.0268148244395237,79.9562099332061,0.237617835265568,0.0782985289046201,0.00436778333596983,0.0284665511618841,0.764621636349975,-0.0252869124798264,-9.71069828515906,-2.05850974727246e-14,-0.0429869122185295,1.24938539551573e-13,0,0,0,0,1,0.673086199299627,0.673086199299627,60.6091853293465,52.0993572974833,-2.27577015206267
47,0.224257705166783,0.105746928461729,0.723445749449137,6.53050080645087e-05,0.00235588852995085,0.0268194352095559,79.9534479474394,0.237609689374002,0.0782990386092305,0.00436860777801849,0.0284296268678158,0.764666956583166,-0.0252894296210939,-9.71002910857866,-2.05850974727246e-14,-0.0429869122185295,1.24938539551573e-13,0,0,0,0,1,0.673086199299627,0.673086199299627,60.5932603250042,52.1137725793457,-2.2727405083762
47.01,0.224286665815233,0.105710209232382,0.723713978368956,6.54939210302478e-05,0.00234821626805354,0.0268240447181038,79.9506905091116,0.237601556909386,0.0782995469226334,0.00436943062516634,0.0283926114124674,0.7647121924515,-0.0252919362340155,-9.70936099291485,-2.05850974727246e-14,-0.0429869122185295,1.24938539551573e-13,0,0,0,0,1,0.673086199299627,0.673086199299627,60.577334151739,52.1281876158887,-2.26970390910439
47.02,0.224315621289073,0.105673397286185,0.723982233212154,6.56844375204942e-05,0.00234055614325613,0.0268286529597216,79.9479376256248,0.237593437893547,0.0783000538424373,0.00437025187599417,0.0283555049192592,0.764757343836112,-0.0252944323197164,-9.70869393977821,-2.05850974727246e-14,-0.0429869122185295,1.24938539551573e-13,0,0,0,0,1,0.673086199299627,0.673086199299627,60.5614068118812,52.1426024125033,-2.26666036455075
47.03,0.22434457157845,0.105636492744206,0.724250513986003,6.58765569778504e-05,0.0023329081795518,0.0268332599289657,79.9451893043671,0.237585332348269,0.0783005593662551,0.00437107152908621,0.0283183075118546,0.764802410618397,-0.0252969178793395,-9.70802795077593,-2.05850974727246e-14,-0.0429869122185295,1.24938539551573e-13,0,0,0,0,1,0.673086199299627,0.673086199299627,60.5454783077424,52.1570169745756,-2.26360988503294
47.04,0.22437351667353,0.105599495727763,0.724518820697792,6.60702788418738e-05,0.0023252724008975,0.0268378656203951,79.942445552712,0.237577240295294,0.0783010634917042,0.00437188958303011,0.0282810193141605,0.764847392680014,-0.0252993929140433,-9.70736302751185,-2.05850974727246e-14,-0.0429869122185295,1.24938539551573e-13,0,0,0,0,1,0.673086199299627,0.673086199299627,60.5295486416157,52.1714313074864,-2.26055248088273
47.05,0.2244024565645,0.105562406358419,0.724787153354828,6.62656025490678e-05,0.00231764883121389,0.0268424700285714,79.9397063780186,0.237569161756324,0.0783015662164061,0.00437270603641695,0.0282436404503262,0.764892289902883,-0.0253018574250043,-9.70669917158646,-2.05850974727246e-14,-0.0429869122185295,1.24938539551573e-13,0,0,0,0,1,0.673086199299627,0.673086199299627,60.5136178157758,52.1858454166114,-2.25748816244601
47.06,0.224431391241567,0.105525224757987,0.725055511964436,6.64625275328729e-05,0.00231003749438526,0.0268470731480583,79.9369717876317,0.237561096753014,0.0783020675379867,0.00437352088784127,0.0282061710447434,0.764937102169187,-0.0253043114134161,-9.70603638459685,-2.05850974727246e-14,-0.0429869122185295,1.24938539551573e-13,0,0,0,0,1,0.673086199299627,0.673086199299627,60.4976858324789,52.2002593073212,-2.2544169400827
47.07,0.22446032069496,0.105487951048524,0.725323896533961,6.66610532236584e-05,0.00230243841425939,0.0268516749734223,79.9342417888817,0.23755304530698,0.0783025674540764,0.00437433413590108,0.0281686112220461,0.764981829361373,-0.0253067548804887,-9.70537466813679,-2.05850974727246e-14,-0.0429869122185295,1.24938539551573e-13,0,0,0,0,1,0.673086199299627,0.673086199299627,60.4817526939627,52.2146729849812,-2.25133882416676
47.08,0.224489244914926,0.105450585352335,0.725592307070763,6.68611790487131e-05,0.00229485161464755,0.0268562754992323,79.9315163890845,0.237545007439794,0.07830306596231,0.00437514577919788,0.0281309611071092,0.765026471362149,-0.0253091878274496,-9.70471402379662,-2.05850974727246e-14,-0.0429869122185295,1.24938539551573e-13,0,0,0,0,1,0.673086199299627,0.673086199299627,60.4658184024466,52.2290864549517,-2.24825382508614
47.09,0.224518163891736,0.105413127791971,0.725860743582222,6.70629044322374e-05,0.00228727711932433,0.0268608747200597,79.9287955955417,0.237536983172987,0.0783035630603266,0.00437595581633668,0.0280932208250494,0.765071028054487,-0.0253116102555432,-9.70405445316336,-2.05850974727246e-14,-0.0429869122185295,1.24938539551573e-13,0,0,0,0,1,0.673086199299627,0.673086199299627,60.4498829601314,52.2434997225876,-2.24516195324274
47.1,0.224547077615679,0.105375578490228,0.726129206075735,6.72662287953338e-05,0.00227971495202759,0.0268654726304786,79.9260794155402,0.237528972528044,0.0783040587457697,0.004376764245926,0.0280553905012239,0.765115499321623,-0.0253140221660316,-9.70339595782062,-2.05850974727246e-14,-0.0429869122185295,1.24938539551573e-13,0,0,0,0,1,0.673086199299627,0.673086199299627,60.4339463691994,52.2579127932388,-2.24206321905241
47.11,0.224575986077065,0.105337937570148,0.726397694558717,6.74711515559992e-05,0.00227216513645841,0.0268700692250657,79.9233678563527,0.23752097552641,0.0783045530162875,0.00437757106657789,0.0280174702612303,0.765159885047055,-0.025316423560194,-9.70273853934864,-2.05850974727246e-14,-0.0429869122185295,1.24938539551573e-13,0,0,0,0,1,0.673086199299627,0.673086199299627,60.4180086318146,52.2723256722496,-2.23895763294488
47.12,0.224604889266226,0.105300205155016,0.726666209038602,6.7677672129116e-05,0.00226462769628092,0.0268746644984001,79.920660925237,0.237512992189487,0.0783050458695322,0.00437837627690796,0.0279794602309063,0.765204185114547,-0.0253188144393272,-9.70208219932429,-2.05850974727246e-14,-0.0429869122185295,1.24938539551573e-13,0,0,0,0,1,0.673086199299627,0.673086199299627,60.4020697501224,52.2867383649593,-2.23584520536375
47.13,0.224633787173514,0.105262381368365,0.726934749522841,6.7885789926443e-05,0.00225710265512231,0.0268792584450639,79.9179586294367,0.237505022538632,0.0783055373031609,0.0043791798755354,0.0279413605363292,0.765248399408125,-0.025321194804745,-9.70142693932105,-2.05850974727246e-14,-0.0429869122185295,1.24938539551573e-13,0,0,0,0,1,0.673086199299627,0.673086199299627,60.3861297262498,52.3011508767018,-2.23272594676645
47.14,0.2246626797893,0.105224466333969,0.727203316018903,6.80955043566085e-05,0.00224959003657267,0.0268838510596415,79.9152609761808,0.237497066595163,0.078306027314835,0.00437998186108296,0.0279031713038156,0.765292527812082,-0.0253235646577792,-9.70077276090901,-2.05850974727246e-14,-0.0429869122185295,1.24938539551573e-13,0,0,0,0,1,0.673086199299627,0.673086199299627,60.3701885623054,52.3155632128057,-2.22959986762422
47.15,0.224691567103979,0.105186460175847,0.727471908534275,6.83068148251001e-05,0.00224208986418495,0.0268884423367204,79.9125679726837,0.23748912438035,0.0783065159022204,0.00438078223217699,0.0278648926599207,0.765336570210972,-0.025325923999778,-9.70011966565488,-2.05850974727246e-14,-0.0429869122185295,1.24938539551573e-13,0,0,0,0,1,0.673086199299627,0.673086199299627,60.3542462603795,52.3299753785941,-2.22646697842206
47.16,0.224720449107965,0.105148363018261,0.72774052707646,6.85197207342577e-05,0.00223460216147484,0.0268930322708904,79.9098796261452,0.237481195915425,0.0783070030629874,0.00438158098744747,0.0278265247314386,0.765380526489615,-0.0253282728321086,-9.69946765512199,-2.05850974727246e-14,-0.0429869122185295,1.24938539551573e-13,0,0,0,0,1,0.673086199299627,0.673086199299627,60.3383028225436,52.3443873793849,-2.2233272896587
47.17,0.224749325791694,0.105110174985718,0.728009171652983,6.87342214832642e-05,0.00222712695192071,0.0268976208567445,79.9071959437505,0.237473281221573,0.078307488794811,0.004382378125528,0.0277880676454011,0.765424396533098,-0.0253306111561549,-9.69881673087024,-2.05850974727246e-14,-0.0429869122185295,1.24938539551573e-13,0,0,0,0,1,0.673086199299627,0.673086199299627,60.3223582508511,52.3587992204904,-2.22018081184658
47.18,0.224778197145621,0.105071896202964,0.728277842271383,6.89503164681377e-05,0.00221966425896354,0.0269022080888782,79.9045169326702,0.237465380319938,0.0783079730953707,0.00438317364505582,0.0277495215290778,0.76546818022677,-0.025332938973319,-9.6981668944562,-2.05850974727246e-14,-0.0429869122185295,1.24938539551573e-13,0,0,0,0,1,0.673086199299627,0.673086199299627,60.3064125473368,52.3732109072176,-2.21702755551181
47.19,0.224807063160223,0.10503352679499,0.728546538939218,6.91680050817235e-05,0.00221221410600678,0.0269067939618898,79.9018426000603,0.23745749323162,0.0783084559623505,0.00438396754467184,0.0277108865099756,0.765511877456246,-0.0253352562850203,-9.69751814743297,-2.05850974727246e-14,-0.0429869122185295,1.24938539551573e-13,0,0,0,0,1,0.673086199299627,0.673086199299627,60.2904657140172,52.3876224448681,-2.21386753119415
47.2,0.224835923826,0.10499506688703,0.728815261664064,6.93872867136852e-05,0.00220477651641632,0.0269113784703805,79.899172953062,0.237449619977676,0.0783089373934389,0.00438475982302065,0.0276721627158383,0.765555488107406,-0.0253375630926963,-9.69687049135031,-2.05850974727246e-14,-0.0429869122185295,1.24938539551573e-13,0,0,0,0,1,0.673086199299627,0.673086199299627,60.2745177528904,52.4020338387377,-2.21070074944695
47.21,0.224864779133469,0.104956516604555,0.729084010453515,6.96081607504967e-05,0.00219735151352037,0.0269159616089545,79.896507998802,0.237441760579119,0.0783094173863292,0.00438555047875052,0.0276333502746463,0.765599012066398,-0.0253398593978021,-9.69622392775454,-2.05850974727246e-14,-0.0429869122185295,1.24938539551573e-13,0,0,0,0,1,0.673086199299627,0.673086199299627,60.2585686659358,52.4164450941171,-2.20752722083715
47.22,0.224893629073172,0.104917876073282,0.729352785315182,6.98306265754349e-05,0.00218993912060939,0.0269205433722186,79.8938477443923,0.237433915056921,0.078309895938719,0.00438633951051343,0.0275944493146158,0.765642449219634,-0.0253421452018112,-9.69557845818862,-2.05850974727246e-14,-0.0429869122185295,1.24938539551573e-13,0,0,0,0,1,0.673086199299627,0.673086199299627,60.2426184551149,52.4308562162912,-2.20434695594522
47.23,0.224922473635669,0.104879145419167,0.729621586256694,7.00546835685705e-05,0.00218253936093602,0.0269251237547828,79.89119219693,0.237426083432007,0.0783103730483108,0.00438712691696509,0.027555459964199,0.765685799453793,-0.0253444205062147,-9.69493408419208,-2.05850974727246e-14,-0.0429869122185295,1.24938539551573e-13,0,0,0,0,1,0.673086199299627,0.673086199299627,60.2266671223703,52.4452672105395,-2.20115996536514
47.24,0.224951312811544,0.104840324768405,0.729890413285698,7.02803311067602e-05,0.00217515225771496,0.0269297027512599,79.8885413634978,0.237418265725262,0.0783108487128116,0.00438791269676495,0.0275163823520832,0.765729062655819,-0.025346685312521,-9.69429080730103,-2.05850974727246e-14,-0.0429869122185295,1.24938539551573e-13,0,0,0,0,1,0.673086199299627,0.673086199299627,60.2107146696264,52.4596780821359,-2.19796625970438
47.25,0.224980146591399,0.104801414247432,0.730159266409858,7.05075685636389e-05,0.00216777783412292,0.0269342803562655,79.8858952511632,0.237410461957525,0.0783113229299329,0.00438869684857619,0.0274772166071907,0.765772238712923,-0.025348939622258,-9.69364862904818,-2.05850974727246e-14,-0.0429869122185295,1.24938539551573e-13,0,0,0,0,1,0.673086199299627,0.673086199299627,60.1947610987894,52.4740888363485,-2.19476584958385
47.26,0.225008974965861,0.104762413982924,0.730428145636857,7.07363953096121e-05,0.0021604161132985,0.0269388565644185,79.8832538669794,0.237402672149593,0.078311795697391,0.0043894793710658,0.0274379628586784,0.765815327512584,-0.0253511834369703,-9.69300755096287,-2.05850974727246e-14,-0.0429869122185295,1.24938539551573e-13,0,0,0,0,1,0.673086199299627,0.673086199299627,60.1788064117468,52.4884994784401,-2.19155874563786
47.27,0.225037797925574,0.104723324101797,0.730697050974393,7.09668107118469e-05,0.00215306711834215,0.0269434313703406,79.8806172179845,0.237394896322218,0.0783122670129068,0.00439026026290451,0.0273986212359371,0.765858328942544,-0.025353416758222,-9.69236757457095,-2.05850974727246e-14,-0.0429869122185295,1.24938539551573e-13,0,0,0,0,1,0.673086199299627,0.673086199299627,60.1628506103679,52.5029100136675,-2.18834495851414
47.28,0.225066615461208,0.104684144731204,0.730965982430185,7.11988141342651e-05,0.00214573087231605,0.0269480047686567,79.877985311202,0.237387134496109,0.0783127368742061,0.00439103952276689,0.0273591918685915,0.765901242890816,-0.0253556395875945,-9.69172870139492,-2.05850974727246e-14,-0.0429869122185295,1.24938539551573e-13,0,0,0,0,1,0.673086199299627,0.673086199299627,60.1468936965035,52.5173204472822,-2.18512449887372
47.29,0.22509542756345,0.104644875998538,0.731234940011967,7.14324049375346e-05,0.00213840739824404,0.0269525767539946,79.8753581536403,0.237379386691931,0.078313205279019,0.00439181714933131,0.0273196748864994,0.76594406924568,-0.025357851926687,-9.69109093295383,-2.05850974727246e-14,-0.0429869122185295,1.24938539551573e-13,0,0,0,0,1,0.673086199299627,0.673086199299627,60.1309356719862,52.5317307845298,-2.18189737739097
47.3,0.225124234223011,0.104605518031429,0.731503923727492,7.16675824790623e-05,0.00213109671911152,0.0269571473209853,79.8727357522934,0.237371652930307,0.0783136722250806,0.00439259314127995,0.0272800704197517,0.76598680789568,-0.0253600537771188,-9.69045427076332,-2.05850974727246e-14,-0.0429869122185295,1.24938539551573e-13,0,0,0,0,1,0.673086199299627,0.673086199299627,60.11497653863,52.5461410306501,-2.17866360475356
47.31,0.225153035430623,0.104566070957746,0.731772933584528,7.19043461129855e-05,0.0021237988578654,0.0269617164642629,79.87011811414,0.237363933231813,0.0783141377101307,0.00439336749729887,0.0272403785986718,0.766029458729632,-0.0253622451405256,-9.6898187163356,-2.05850974727246e-14,-0.0429869122185295,1.24938539551573e-13,0,0,0,0,1,0.673086199299627,0.673086199299627,60.0990162982309,52.5605511908773,-2.17542319166239
47.32,0.225181831177038,0.104526534905594,0.732041969590865,7.21426951901652e-05,0.00211651383741398,0.0269662841784646,79.8675052461442,0.237356227616984,0.0783146017319136,0.00439414021607797,0.0272005995538149,0.766072021636617,-0.0253644260185625,-9.68918427117948,-2.05850974727246e-14,-0.0429869122185295,1.24938539551573e-13,0,0,0,0,1,0.673086199299627,0.673086199299627,60.0830549525661,52.5749612704399,-2.17217614883158
47.33,0.225210621453031,0.104486910003315,0.732311031754307,7.23826290581769e-05,0.0021092416806269,0.0269708504582308,79.8648971552552,0.237348536106309,0.0783150642881786,0.00439491129631103,0.0271607334159682,0.766114496505985,-0.0253665964129032,-9.68855093680033,-2.05850974727246e-14,-0.0429869122185295,1.24938539551573e-13,0,0,0,0,1,0.673086199299627,0.673086199299627,60.0670925033947,52.5893712745603,-2.16892248698846
47.34,0.225239406249398,0.104447196379488,0.732580120082676,7.26241470613043e-05,0.00210198241033502,0.0269754152982052,79.862293848407,0.237340858720235,0.0783155253766797,0.00439568073669573,0.0271207803161501,0.766156883227355,-0.0253687563252395,-9.68791871470006,-2.05850974727246e-14,-0.0429869122185295,1.24938539551573e-13,0,0,0,0,1,0.673086199299627,0.673086199299627,60.0511289524574,52.6037812084555,-2.16566221687348
47.35,0.225268185556957,0.104407394162929,0.732849234583812,7.28672485405308e-05,0.00209473604933035,0.0269799786930345,79.8596953325192,0.237333195479162,0.0783159849951756,0.00439644853593364,0.0270807403856099,0.766199181690612,-0.0253709057572818,-9.68728760637721,-2.05850974727246e-14,-0.0429869122185295,1.24938539551573e-13,0,0,0,0,1,0.673086199299627,0.673086199299627,60.0351643014767,52.6181910773363,-2.16239534924025
47.36,0.225296959366547,0.104367503482689,0.733118375265573,7.31119328335327e-05,0.00208750262036599,0.0269845406373688,79.8571016144959,0.237325546403448,0.0783164431414299,0.00439721469273027,0.0270406137558271,0.766241391785912,-0.0253730447107595,-9.68665761332684,-2.05850974727246e-14,-0.0429869122185295,1.24938539551573e-13,0,0,0,0,1,0.673086199299627,0.673086199299627,60.0191985521564,52.6326008864079,-2.15912189485545
47.37,0.225325727669028,0.104327524468053,0.733387542135833,7.33581992746711e-05,0.00208028214615602,0.0269891011258616,79.8545127012266,0.237317911513408,0.0783168998132109,0.00439797920579505,0.0270004005585117,0.766283513403677,-0.0253751731874199,-9.6860287370406,-2.05850974727246e-14,-0.0429869122185295,1.24938539551573e-13,0,0,0,0,1,0.673086199299627,0.673086199299627,60.0032317061824,52.6470106408694,-2.15584186449883
47.38,0.225354490455284,0.104287457248543,0.733656735202484,7.3606047194984e-05,0.00207307464937542,0.0269936601531694,79.8519285995856,0.23731029082931,0.0783173550082917,0.00439874207384139,0.0269601009256029,0.766325546434601,-0.0253772911890301,-9.68540097900669,-2.05850974727246e-14,-0.0429869122185295,1.24938539551573e-13,0,0,0,0,1,0.673086199299627,0.673086199299627,59.9872637652219,52.6614203459143,-2.15255526896314
47.39,0.225383247716218,0.104247301953916,0.733925954473437,7.38554759221794e-05,0.00206588015265999,0.0269982177139521,79.8493493164325,0.237302684371379,0.0783178087244504,0.00439950329558662,0.0269197149892696,0.766367490769647,-0.0253793987173747,-9.6847743407099,-2.05850974727246e-14,-0.0429869122185295,1.24938539551573e-13,0,0,0,0,1,0.673086199299627,0.673086199299627,59.9712947309241,52.6758300067298,-2.14926211905415
47.4,0.225411999442756,0.10420705871416,0.734195199956617,7.41064847806281e-05,0.00205869867860628,0.0270027738028733,79.8467748586116,0.237295092159796,0.0783182609594699,0.0044002628697521,0.026879242881909,0.766409346300046,-0.0253814957742587,-9.68414882363154,-2.05850974727246e-14,-0.0429869122185295,1.24938539551573e-13,0,0,0,0,1,0.673086199299627,0.673086199299627,59.9553246049197,52.6902396284974,-2.1459624255906
47.41,0.225440745625845,0.1041667276595,0.73446447165997,7.43590730913555e-05,0.00205153024977147,0.0270073284145995,79.8442052329522,0.237287514214697,0.0783187117111377,0.00440102079506315,0.0268386847361473,0.766451112917296,-0.0253835823615038,-9.68352442924949,-2.05850974727246e-14,-0.0429869122185295,1.24938539551573e-13,0,0,0,0,1,0.673086199299627,0.673086199299627,59.939353388821,52.7046492163925,-2.14265619940413
47.42,0.225469486256456,0.104126308920393,0.734733769591456,7.46132401720349e-05,0.00204437488867332,0.0270118815438008,79.8416404462687,0.237279950556175,0.0783191609772465,0.00440177707024913,0.026798040684838,0.766492790513172,-0.0253856584809528,-9.68290115903821,-2.05850974727246e-14,-0.0429869122185295,1.24938539551573e-13,0,0,0,0,1,0.673086199299627,0.673086199299627,59.9233810842222,52.7190587755846,-2.13934345133929
47.43,0.225498221325578,0.104085802627529,0.735003093759055,7.48689853369798e-05,0.00203723261779011,0.0270164331851508,79.8390805053603,0.237272401204276,0.0783196087555938,0.00440253169404341,0.0267573108610629,0.766534378979711,-0.0253877241344664,-9.6822790144687,-2.05850974727246e-14,-0.0429869122185295,1.24938539551573e-13,0,0,0,0,1,0.673086199299627,0.673086199299627,59.9074076926992,52.733468311237,-2.1360241922535
47.44,0.225526950824226,0.104045208911832,0.735272444170762,7.51263078971369e-05,0.00203010345956047,0.0270209833333266,79.8365254170112,0.237264866179003,0.0783200550439819,0.00440328466518341,0.0267164953981305,0.766575878209225,-0.0253897793239237,-9.68165799700848,-2.05850974727246e-14,-0.0429869122185295,1.24938539551573e-13,0,0,0,0,1,0.673086199299627,0.673086199299627,59.8914332158094,52.7478778285073,-2.13269843301702
47.45,0.225555674743433,0.104004527904455,0.735541820834591,7.53852071600783e-05,0.00202298743638339,0.0270255319830085,79.8339751879904,0.237257345500316,0.078320499840218,0.00440403598241059,0.0266755944295762,0.766617288094295,-0.0253918240512245,-9.68103810812167,-2.05850974727246e-14,-0.0429869122185295,1.24938539551573e-13,0,0,0,0,1,0.673086199299627,0.673086199299627,59.875457655092,52.7622873325466,-2.12936618451288
47.46,0.225584393074258,0.103963759736786,0.735811223758573,7.56456824299951e-05,0.00201588457061809,0.0270300791288806,79.8314298250519,0.237249839188127,0.0783209431421144,0.00440478564447051,0.0266346080891618,0.766658608527773,-0.0253938583182862,-9.68041934926893,-2.05850974727246e-14,-0.0429869122185295,1.24938539551573e-13,0,0,0,0,1,0.673086199299627,0.673086199299627,59.8594810120681,52.7766968285002,-2.12602745763691
47.47,0.225613105807778,0.103922904540444,0.736080652950754,7.59077330076894e-05,0.00200879488458395,0.0270346247656303,79.8288893349345,0.237242347262306,0.0783213849474883,0.00440553365011278,0.0265935365108748,0.76669983940278,-0.0253958821270462,-9.67980172190742,-2.05850974727246e-14,-0.0429869122185295,1.24938539551573e-13,0,0,0,0,1,0.673086199299627,0.673086199299627,59.8435032882403,52.7911063215071,-2.12268226329765
47.48,0.225641812935094,0.103881962447277,0.736350108419201,7.61713581905679e-05,0.00200171840056042,0.0270391688879488,79.8263537243618,0.237234869742677,0.0783218252541616,0.00440627999809115,0.0265523798289285,0.76674098061271,-0.0253978954794606,-9.6791852274909,-2.05850974727246e-14,-0.0429869122185295,1.24938539551573e-13,0,0,0,0,1,0.673086199299627,0.673086199299627,59.8275244850931,52.8055158167004,-2.11933061241636
47.49,0.225670514447329,0.103840933589365,0.736619590171995,7.64365572726341e-05,0.00199465514078695,0.0270437114905308,79.8238230000422,0.237227406649019,0.0783222640599616,0.00440702468716345,0.026511138177761,0.766782032051224,-0.0253998983775054,-9.67856986746963,-2.05850974727246e-14,-0.0429869122185295,1.24938539551573e-13,0,0,0,0,1,0.673086199299627,0.673086199299627,59.8115446040924,52.8199253192067,-2.11597251592696
47.5,0.225699210335627,0.103799818099018,0.736889098217235,7.67033295444819e-05,0.00198760512746288,0.0270482525680744,79.8212971686692,0.237219958001067,0.0783227013627202,0.00440776771609167,0.0264698116920353,0.766822993612261,-0.0254018908231748,-9.67795564329044,-2.05850974727246e-14,-0.0429869122185295,1.24938539551573e-13,0,0,0,0,1,0.673086199299627,0.673086199299627,59.7955636466863,52.8343348341468,-2.11260798477603
47.51,0.225727900591156,0.103758616108776,0.737158632563038,7.69716742932882e-05,0.00198056838274741,0.0270527921152817,79.8187762369207,0.237212523818511,0.0783231371602745,0.00440850908364191,0.0264284005066386,0.766863865190025,-0.0254038728184838,-9.67734255639668,-2.05850974727246e-14,-0.0429869122185295,1.24938539551573e-13,0,0,0,0,1,0.673086199299627,0.673086199299627,59.7795816143044,52.8487443666349,-2.10923702992273
47.52,0.225756585205105,0.103717327751408,0.737428193217536,7.72415908028058e-05,0.00197354492875945,0.0270573301268581,79.8162602114596,0.237205104120996,0.0783235714504666,0.00440924878858447,0.0263869047566817,0.766904646678995,-0.0254058443654656,-9.67673060822825,-2.05850974727246e-14,-0.0429869122185295,1.24938539551573e-13,0,0,0,0,1,0.673086199299627,0.673086199299627,59.7635985083581,52.8631539217794,-2.1058596623388
47.53,0.225785264168684,0.103675953159913,0.737697780188882,7.75130783533569e-05,0.00196653478757761,0.027061866597513,79.8137490989335,0.237197698928122,0.0783240042311436,0.00440998682969379,0.026345324577499,0.766945337973921,-0.0254078054661732,-9.67611980022158,-2.05850974727246e-14,-0.0429869122185295,1.24938539551573e-13,0,0,0,0,1,0.673086199299627,0.673086199299627,59.7476143302405,52.8775635046819,-2.10247589300853
47.54,0.225813937473128,0.103634492467517,0.737967393485242,7.77861362218255e-05,0.00195953798124004,0.0270664015219593,79.8112429059748,0.237190308259443,0.0783244355001575,0.00441072320574851,0.0263036601046478,0.766985938969824,-0.025409756122679,-9.6755101338096,-2.05850974727246e-14,-0.0429869122185295,1.24938539551573e-13,0,0,0,0,1,0.673086199299627,0.673086199299627,59.7316290813265,52.8919731204383,-2.09908573292871
47.55,0.22584260510969,0.103592945807675,0.7382370331148,7.80607636816515e-05,0.00195255453174444,0.0270709348949138,79.8087416392006,0.237182932134469,0.0783248652553655,0.00441145791553149,0.0262619114739081,0.767026449561998,-0.0254116963370758,-9.67490161042183,-2.05850974727246e-14,-0.0429869122185295,1.24938539551573e-13,0,0,0,0,1,0.673086199299627,0.673086199299627,59.7156427629728,52.9063827741377,-2.09568919310861
47.56,0.22587126706965,0.103551313314069,0.738506699085758,7.83369600028228e-05,0.00194558446104788,0.0270754667110969,79.8062453052126,0.237175570572665,0.07832529349463,0.00441219095782978,0.0262200788212818,0.76706686964601,-0.0254136261114745,-9.67429423148429,-2.05850974727246e-14,-0.0429869122185295,1.24938539551573e-13,0,0,0,0,1,0.673086199299627,0.673086199299627,59.6996553765179,52.9207924708632,-2.09228628456995
47.57,0.225899923344306,0.10350959512061,0.738776391406336,7.86147244518694e-05,0.0019386277910668,0.0270799969652329,79.8037539105974,0.23716822359345,0.0783257202158181,0.00441292233143468,0.0261781622829927,0.767107199117697,-0.0254155454480067,-9.67368799841951,-2.05850974727246e-14,-0.0429869122185295,1.24938539551573e-13,0,0,0,0,1,0.673086199299627,0.673086199299627,59.6836669232821,52.9352022156914,-2.08887701834686
47.58,0.225928573924982,0.103467791361434,0.739046110084767,7.8894056291856e-05,0.00193168454367688,0.0270845256520499,79.8012674619261,0.237160891216199,0.0783261454168024,0.00441365203514173,0.0261361619954857,0.767147437873173,-0.0254174543488232,-9.67308291264656,-2.05850974727246e-14,-0.0429869122185295,1.24938539551573e-13,0,0,0,0,1,0.673086199299627,0.673086199299627,59.6676774045673,52.9496120136927,-2.08546140548584
47.59,0.225957218803021,0.103425902170906,0.739315855129305,7.91749547823758e-05,0.00192475474071298,0.0270890527662798,79.7987859657546,0.237153573460241,0.0783265690954603,0.00441438006775072,0.0260940780954267,0.767187585808821,-0.0254193528160951,-9.67247897558105,-2.05850974727246e-14,-0.0429869122185295,1.24938539551573e-13,0,0,0,0,1,0.673086199299627,0.673086199299627,59.6516868216575,52.9640218699308,-2.08203945704574
47.6,0.225985857969792,0.103383927683614,0.739585626548219,7.94574191795432e-05,0.00191783840396905,0.0270935783026585,79.7963094286232,0.237146270344858,0.0783269912496745,0.00441510642806575,0.0260519107197017,0.767227642821296,-0.0254212408520121,-9.67187618863507,-2.05850974727246e-14,-0.0429869122185295,1.24938539551573e-13,0,0,0,0,1,0.673086199299627,0.673086199299627,59.6356951758183,52.9784317894632,-2.07861118409773
47.61,0.226014491416682,0.103341868034374,0.739855424349796,7.97414487359881e-05,0.00191093555519804,0.0270981022559255,79.7938378570571,0.23713898188929,0.0783274118773328,0.00441583111489517,0.0260096600054172,0.767267608807531,-0.0254231184587854,-9.67127455321726,-2.05850974727246e-14,-0.0429869122185295,1.24938539551573e-13,0,0,0,0,1,0.673086199299627,0.673086199299627,59.6197024682972,52.992841777341,-2.07517659772526
47.62,0.226043119135104,0.103299723358226,0.740125248542338,8.0027042700848e-05,0.00190404621611186,0.0271026246208247,79.791371257566,0.237131708112729,0.078327830976328,0.00441655412705165,0.0259673260898989,0.767307483664728,-0.0254249856386439,-9.67067407073279,-2.05850974727246e-14,-0.0429869122185295,1.24938539551573e-13,0,0,0,0,1,0.673086199299627,0.673086199299627,59.6037087003233,53.0072518386086,-2.07173570902404
47.63,0.226071741116492,0.103257493790437,0.740395099134165,8.03142003197626e-05,0.00189717040838123,0.0271071453921035,79.7889096366441,0.237124449034321,0.0783282485445582,0.00441727546335218,0.0259249091106917,0.767347267290366,-0.0254268423938389,-9.67007474258332,-2.05850974727246e-14,-0.0429869122185295,1.24938539551573e-13,0,0,0,0,1,0.673086199299627,0.673086199299627,59.587713873108,53.0216619783043,-2.06828852910197
47.64,0.226100357352303,0.103215179466494,0.740664976133614,8.0602920834867e-05,0.00189030815363568,0.0271116645645134,79.7864530007703,0.23711720467317,0.0783286645799267,0.00441799512261809,0.0258824092055592,0.767386959582193,-0.0254286887266393,-9.669476570167,-2.05850974727246e-14,-0.0429869122185295,1.24938539551573e-13,0,0,0,0,1,0.673086199299627,0.673086199299627,59.571717987844,53.0360722014594,-2.06483506907917
47.65,0.226128967834016,0.103172780522114,0.740934879549038,8.08932034847845e-05,0.00188345947346339,0.02711618213281,79.7840013564081,0.237109975048332,0.0783290790803419,0.00441871310367504,0.0258398265124833,0.767426560438236,-0.0254305246393353,-9.66887955487858,-2.05850974727246e-14,-0.0429869122185295,1.24938539551573e-13,0,0,0,0,1,0.673086199299627,0.673086199299627,59.5557210457062,53.0504825130991,-2.06137534008788
47.66,0.226157572553132,0.103130297093232,0.741204809388809,8.11850475046211e-05,0.00187662438941117,0.0271206980917529,79.7815547100054,0.237102760178815,0.0783294920437174,0.00441942940535306,0.0257971611696636,0.767466069756793,-0.0254323501342373,-9.66828369810921,-2.05850974727246e-14,-0.0429869122185295,1.24938539551573e-13,0,0,0,0,1,0.673086199299627,0.673086199299627,59.5397230478512,53.0648929182418,-2.05790935327249
47.67,0.226186171501176,0.103087729316011,0.741474765661312,8.14784521259584e-05,0.00186980292298435,0.0271252124361056,79.7791130679947,0.237095560083587,0.0783299034679721,0.00442014402648655,0.0257544133155173,0.767505487436438,-0.0254341652136751,-9.66768900124664,-2.05850974727246e-14,-0.0429869122185295,1.24938539551573e-13,0,0,0,0,1,0.673086199299627,0.673086199299627,59.5237239954176,53.0793034218994,-2.05443711978946
47.68,0.226214764669695,0.103045077326832,0.741744748374952,8.17734165768478e-05,0.0018629950956467,0.0271297251606359,79.776676436793,0.237088374781565,0.0783303133510301,0.0044208569659143,0.0257115830886783,0.767544813376017,-0.0254359698799984,-9.66709546567505,-2.05850974727246e-14,-0.0429869122185295,1.24938539551573e-13,0,0,0,0,1,0.673086199299627,0.673086199299627,59.5077238895255,53.0937140290772,-2.05095865080731
47.69,0.226243352050259,0.103002341262303,0.742014757538149,8.20699400818034e-05,0.00185620092882037,0.0271342362601155,79.7742448228017,0.237081204291623,0.0783307216908207,0.00442156822247951,0.0256686706279974,0.767584047474652,-0.0254377641355782,-9.6665030927752,-2.05850974727246e-14,-0.0429869122185295,1.24938539551573e-13,0,0,0,0,1,0.673086199299627,0.673086199299627,59.4917227312773,53.1081247447739,-2.04747395750658
47.7,0.226271933634458,0.102959521259251,0.742284793159341,8.23680218617965e-05,0.00184942044388577,0.0271387457293204,79.7718182324069,0.237074048632589,0.0783311284852784,0.00442227779502979,0.0256256760725411,0.76762318963174,-0.0254395479828046,-9.66591188392429,-2.05850974727246e-14,-0.0429869122185295,1.24938539551573e-13,0,0,0,0,1,0.673086199299627,0.673086199299627,59.4757205217571,53.1225355739813,-2.0439830510798
47.71,0.22630050941391,0.102916617454726,0.742554855246981,8.26676611342488e-05,0.00184265366218155,0.0271432535630306,79.769396671979,0.237066907823244,0.078331533732343,0.00442298568241719,0.0255825995615917,0.767662239746952,-0.0254413214240889,-9.66532184049607,-2.05850974727246e-14,-0.0429869122185295,1.24938539551573e-13,0,0,0,0,1,0.673086199299627,0.673086199299627,59.4597172620307,53.1369465216851,-2.04048594273147
47.72,0.22632907938025,0.102873629985997,0.742824943809539,8.29688571130265e-05,0.00183590060500445,0.0271477597560303,79.7669801478728,0.237059781882324,0.0783319374299598,0.00442369188349818,0.0255394412346469,0.767701197720236,-0.0254430844618615,-9.66473296386074,-2.05850974727246e-14,-0.0429869122185295,1.24938539551573e-13,0,0,0,0,1,0.673086199299627,0.673086199299627,59.4437129531461,53.1513575928636,-2.036982643678
47.73,0.226357643525139,0.102830558990557,0.743095058855504,8.32716090084336e-05,0.00182916129360928,0.0271522643031081,79.7645686664277,0.237052670828518,0.078332339576079,0.00442439639713373,0.0254962012314188,0.767740063451811,-0.0254448370985745,-9.66414525538505,-2.05850974727246e-14,-0.0429869122185295,1.24938539551573e-13,0,0,0,0,1,0.673086199299627,0.673086199299627,59.4277075961331,53.165768792489,-2.03347316514772
47.74,0.22638620184026,0.102787404606115,0.743365200393377,8.35759160272066e-05,0.00182243574920881,0.0271567671990565,79.7621622339673,0.237045574680472,0.0783327401686564,0.00442509922218925,0.0254528796918342,0.767778836842177,-0.0254465793366995,-9.66355871643221,-2.05850974727246e-14,-0.0429869122185295,1.24938539551573e-13,0,0,0,0,1,0.673086199299627,0.673086199299627,59.4117011920032,53.1801801255263,-2.02995751838078
47.75,0.22641475431732,0.102744166970605,0.74363536843168,8.38817773725076e-05,0.00181572399297368,0.0271612684386725,79.7597608567998,0.237038493456781,0.078333139205653,0.00442580035753465,0.0254094767560335,0.767817517792107,-0.0254483111787285,-9.66297334836195,-2.05850974727246e-14,-0.0429869122185295,1.24938539551573e-13,0,0,0,0,1,0.673086199299627,0.673086199299627,59.39569374175,53.1945915969341,-2.02643571462918
47.76,0.226443300948047,0.102700846222176,0.743905562978949,8.41891922439186e-05,0.00180902604603236,0.0271657680167573,79.7573645412177,0.237031427175998,0.0783335366850352,0.00442649980204434,0.0253659925643707,0.767856106202646,-0.0254500326271747,-9.66238915253045,-2.05850974727246e-14,-0.0429869122185295,1.24938539551573e-13,0,0,0,0,1,0.673086199299627,0.673086199299627,59.3796852463492,53.2090032116639,-2.02290776515674
47.77,0.226471841724192,0.102657442499197,0.744175784043738,8.44981598374353e-05,0.00180234192947103,0.0271702659281165,79.7549732934978,0.237024375856628,0.0783339326047747,0.00442719755459724,0.0253224272574128,0.767894601975122,-0.0254517436845712,-9.66180613029043,-2.05850974727246e-14,-0.0429869122185295,1.24938539551573e-13,0,0,0,0,1,0.673086199299627,0.673086199299627,59.363675706758,53.2234149746607,-2.01937368123901
47.78,0.22650037663753,0.102613955940258,0.744446031634616,8.48086793454613e-05,0.00179567166433352,0.0271747621675598,79.7525871199013,0.237017339517131,0.0783343269628485,0.0044278936140768,0.0252787809759394,0.767933005011133,-0.0254534443534714,-9.66122428299107,-2.05850974727246e-14,-0.0429869122185295,1.24938539551573e-13,0,0,0,0,1,0.673086199299627,0.673086199299627,59.3476651239158,53.2378268908625,-2.01583347416327
47.79,0.226528905679859,0.102570386684164,0.74471630576017,8.5120749956802e-05,0.00178901527162123,0.0271792567299015,79.7502060266737,0.237010318175919,0.0783347197572391,0.00442858797937101,0.0252350538609421,0.767971315212558,-0.0254551346364504,-9.66064361197806,-2.05850974727246e-14,-0.0429869122185295,1.24938539551573e-13,0,0,0,0,1,0.673086199299627,0.673086199299627,59.3316534987439,53.2522389652003,-2.01228715522853
47.8,0.226557428842999,0.102526734869939,0.744986606429001,8.54343708566583e-05,0.00178237277229306,0.0271837496099602,79.7478300200449,0.237003311851358,0.0783351109859343,0.00442928064937243,0.0251912460536242,0.768009532481547,-0.0254568145361023,-9.66006411859355,-2.05850974727246e-14,-0.0429869122185295,1.24938539551573e-13,0,0,0,0,1,0.673086199299627,0.673086199299627,59.3156408321455,53.2666512025986,-2.00873473574544
47.81,0.226585946118792,0.102483000636824,0.74525693364973,8.57495412266219e-05,0.00177574418726529,0.0271882408025589,79.7454591062291,0.23699632056177,0.0783355006469273,0.00442997162297817,0.0251473576954005,0.768047656720532,-0.025458484055044,-9.65948580417618,-2.05850974727246e-14,-0.0429869122185295,1.24938539551573e-13,0,0,0,0,1,0.673086199299627,0.673086199299627,59.299627125006,53.2810636079747,-2.0051762270363
47.82,0.226614457499106,0.102439184124279,0.745527287430992,8.6066260244668e-05,0.00176912953741156,0.0271927303025249,79.7430932914247,0.236989344325429,0.0783358887382167,0.00443066089908994,0.0251033889278962,0.768085687832217,-0.0254601431959109,-9.65890867006109,-2.05850974727246e-14,-0.0429869122185295,1.24938539551573e-13,0,0,0,0,1,0.673086199299627,0.673086199299627,59.2836123781923,53.2954761862391,-2.00161164043499
47.83,0.226642962975829,0.102395285471976,0.745797667781437,8.638452708515e-05,0.00176252884356275,0.0271972181046903,79.7407325818143,0.23698238316056,0.0783362752578067,0.00443134847661404,0.025059339892947,0.768123625719587,-0.0254617919613611,-9.65833271757988,-2.05850974727246e-14,-0.0429869122185295,1.24938539551573e-13,0,0,0,0,1,0.673086199299627,0.673086199299627,59.2675965925537,53.3098889422953,-1.99804098728699
47.84,0.226671462540875,0.102351304819806,0.746068074709735,8.67043409187947e-05,0.00175594212650692,0.0272017042038913,79.738376983565,0.236975437085347,0.0783366602037066,0.00443203435446136,0.0250152107325986,0.768161470285901,-0.0254634303540719,-9.65775794806065,-2.05850974727246e-14,-0.0429869122185295,1.24938539551573e-13,0,0,0,0,1,0.673086199299627,0.673086199299627,59.2515797689213,53.3243018810399,-1.99446427894928
47.85,0.226699956186178,0.102307242307876,0.74633850822457,8.70257009126948e-05,0.00174936940698921,0.0272061885949688,79.7360265028279,0.236968506117922,0.0783370435739315,0.00443271853154746,0.0249710015891059,0.768199221434699,-0.0254650583767427,-9.65718436282797,-2.05850974727246e-14,-0.0429869122185295,1.24938539551573e-13,0,0,0,0,1,0.673086199299627,0.673086199299627,59.2355619081082,53.3387150073624,-1.99088152679038
47.86,0.226728443903697,0.102263098076507,0.746608968334643,8.73486062303049e-05,0.00174281070571179,0.0272106712727684,79.7336811457384,0.236961590276374,0.0783374253665016,0.00443340100679249,0.0249267126049331,0.768236879069791,-0.0254666760320932,-9.65661196320286,-2.05850974727246e-14,-0.0429869122185295,1.24938539551573e-13,0,0,0,0,1,0.673086199299627,0.673086199299627,59.2195430109095,53.3531283261455,-1.98729274219026
47.87,0.226756925685413,0.102218872266233,0.746879455048671,8.76730560314345e-05,0.00173626604333378,0.0272151522321399,79.7313409184162,0.236954689578744,0.078337805579443,0.00443408177912129,0.0248823439227526,0.768274443095272,-0.0254682833228639,-9.65604075050286,-2.05850974727246e-14,-0.0429869122185295,1.24938539551573e-13,0,0,0,0,1,0.673086199299627,0.673086199299627,59.2035230781024,53.3675418422647,-1.98369793654035
47.88,0.226785401523333,0.102174565017806,0.747149968375387,8.7999049472243e-05,0.00172973544047112,0.0272196314679379,79.7290058269651,0.236947804043027,0.0783381842107869,0.00443476084746333,0.0248378956854451,0.768311913415512,-0.0254698802518164,-9.65547072604195,-2.05850974727246e-14,-0.0429869122185295,1.24938539551573e-13,0,0,0,0,1,0.673086199299627,0.673086199299627,59.1875021104458,53.3819555605885,-1.98009712124345
47.89,0.226813871409483,0.102130176472189,0.74742050832354,8.83265857052344e-05,0.00172321891769658,0.0272241089750217,79.7266758774731,0.236940933687171,0.0783385612585703,0.00443543821075278,0.024793368036099,0.768349289935157,-0.0254714668217341,-9.65490189113058,-2.05850974727246e-14,-0.0429869122185295,1.24938539551573e-13,0,0,0,0,1,0.673086199299627,0.673086199299627,59.1714801086811,53.3963694859784,-1.97649030771377
47.9,0.226842335335915,0.102085706770559,0.747691074901896,8.86556638792509e-05,0.00171671649553959,0.027228584748255,79.7243510760123,0.236934078529075,0.0783389367208354,0.00443611386792849,0.0247487611180098,0.768386572559133,-0.0254730430354197,-9.65433424707569,-2.05850974727246e-14,-0.0429869122185295,1.24938539551573e-13,0,0,0,0,1,0.673086199299627,0.673086199299627,59.1554570735313,53.4107836232885,-1.97287750737685
47.91,0.226870793294703,0.102041156054306,0.747961668119237,8.89862831394683e-05,0.00171022819448625,0.0272330587825063,79.722031428639,0.236927238586596,0.0783393105956303,0.00443678781793404,0.0247040750746796,0.768423761192646,-0.0254746088956992,-9.65376779518069,-2.05850974727246e-14,-0.0429869122185295,1.24938539551573e-13,0,0,0,0,1,0.673086199299627,0.673086199299627,59.1394330057018,53.4251979773661,-1.96925873166953
47.92,0.226899245277946,0.101996524465033,0.748232287984361,8.93184426273898e-05,0.00170375403497916,0.0272375310726489,79.7197169413937,0.23692041387754,0.0783396828810083,0.00443746005971768,0.0246593100498169,0.768460855741174,-0.0254761644054175,-9.65320253674542,-2.05850974727246e-14,-0.0429869122185295,1.24938539551573e-13,0,0,0,0,1,0.673086199299627,0.673086199299627,59.1234079058797,53.4396125530513,-1.96563399203995
47.93,0.226927691277763,0.101951812144554,0.748502934506082,8.9652141480841e-05,0.00169729403741744,0.0272420016135605,79.7174076203008,0.236913604419668,0.0783400535750285,0.00443813059223244,0.0246144661873361,0.76849785611048,-0.0254777095674428,-9.65263847306622,-2.05850974727246e-14,-0.0429869122185295,1.24938539551573e-13,0,0,0,0,1,0.673086199299627,0.673086199299627,59.1073817747343,53.4540273551768,-1.96200329994747
47.94,0.226956131286301,0.101907019234895,0.74877360769323,8.99873788339645e-05,0.00169084822215657,0.0272464704001239,79.7151034713691,0.236906810230693,0.0783404226757553,0.00443879941443607,0.0245695436313569,0.768534762206602,-0.0254792443846625,-9.65207560543587,-2.05850974727246e-14,-0.0429869122185295,1.24938539551573e-13,0,0,0,0,1,0.673086199299627,0.673086199299627,59.0913546129171,53.4684423885686,-1.95836666686268
47.95,0.226984565295725,0.101862145878294,0.749044307554651,9.03241538172141e-05,0.00168441660950835,0.0272509374272265,79.7128045005912,0.236900031328282,0.0783407901812591,0.00443946652529107,0.0245245425262039,0.768571573935859,-0.0254807688599871,-9.65151393514365,-2.05850974727246e-14,-0.0429869122185295,1.24938539551573e-13,0,0,0,0,1,0.673086199299627,0.673086199299627,59.0753264210615,53.4828576580449,-1.95472410426734
47.96,0.227012993298228,0.101817192217199,0.749315034099209,9.06624655573501e-05,0.00167799921974084,0.0272554026897603,79.7105107139439,0.236893267730054,0.0783411560896153,0.00444013192376474,0.0244794630164062,0.768608291204846,-0.0254822829963472,-9.65095346347524,-2.05850974727246e-14,-0.0429869122185295,1.24938539551573e-13,0,0,0,0,1,0.673086199299627,0.673086199299627,59.059297199783,53.4972731684171,-1.95107562365437
47.97,0.227041415286024,0.101772158394268,0.74958578733578,9.10023131774333e-05,0.00167159607307823,0.0272598661826226,79.7082221173881,0.236886519453582,0.0783415203989055,0.00444079560882913,0.0244343052466966,0.768644913920439,-0.0254837867966948,-9.65039419171283,-2.05850974727246e-14,-0.0429869122185295,1.24938539551573e-13,0,0,0,0,1,0.673086199299627,0.673086199299627,59.0432669496793,53.5116889244892,-1.94742123652778
47.98,0.227069831251351,0.10172704455237,0.749856567273259,9.13436957968205e-05,0.00166520718970083,0.027264327900715,79.7059387168687,0.236879786516391,0.0783418831072166,0.00444145757946111,0.024389069362012,0.768681441989793,-0.0254852802640038,-9.64983612113506,-2.05850974727246e-14,-0.0429869122185295,1.24938539551573e-13,0,0,0,0,1,0.673086199299627,0.673086199299627,59.0272356713301,53.5261049310579,-1.94376095440269
47.99,0.22709824118647,0.101681850834582,0.750127373920557,9.16866125311586e-05,0.00165883258974492,0.0272687878389443,79.7036605183145,0.23687306893596,0.0783422442126411,0.00444211783464235,0.024343755507492,0.768717875320343,-0.0254867634012695,-9.64927925301698,-2.05850974727246e-14,-0.0429869122185295,1.24938539551573e-13,0,0,0,0,1,0.673086199299627,0.673086199299627,59.0112033652972,53.5405211929125,-1.94009478880525
48,0.227126645083666,0.101636577384189,0.750398207286599,9.203106249238e-05,0.00165247229330275,0.0272732459922221,79.7013875276385,0.236866366729719,0.0783426037132772,0.00444277637335935,0.0242983638284788,0.768754213819801,-0.025488236211508,-9.64872358863015,-2.05850974727246e-14,-0.0429869122185295,1.24938539551573e-13,0,0,0,0,1,0.673086199299627,0.673086199299627,58.9951700321245,53.5549377148353,-1.93642275127265
48.01,0.227155042935247,0.101591224344689,0.750669067380328,9.23770447886969e-05,0.00164612632042239,0.027277702355465,79.6991197507377,0.236859679915051,0.0783429616072288,0.00444343319460344,0.0242528944705168,0.768790457396162,-0.0254896986977576,-9.64816912924256,-2.05850974727246e-14,-0.0429869122185295,1.24938539551573e-13,0,0,0,0,1,0.673086199299627,0.673086199299627,58.9791356723382,53.5693545016009,-1.93274485335303
48.02,0.227183434733545,0.101545791859783,0.750939954210702,9.27245585245968e-05,0.00163979469110771,0.0272821569235944,79.6968571934928,0.236853008509294,0.0783433178926055,0.0044440882973708,0.0242073475793523,0.768826605957698,-0.0254911508630776,-9.64761587611865,-2.05850974727246e-14,-0.0429869122185295,1.24938539551573e-13,0,0,0,0,1,0.673086199299627,0.673086199299627,58.9631002864463,53.5837715579767,-1.92906110660552
48.03,0.227211820470916,0.101500280073382,0.751210867786695,9.30736028008369e-05,0.00163347742531828,0.0272866096915367,79.6945998617687,0.236846352529737,0.0783436725675224,0.00444474168066248,0.0241617233009325,0.768862659412962,-0.0254925927105491,-9.6470638305193,-2.05850974727246e-14,-0.0429869122185295,1.24938539551573e-13,0,0,0,0,1,0.673086199299627,0.673086199299627,58.9470638749394,53.5981888887228,-1.92537152260015
48.04,0.227240200139738,0.101454689129603,0.751481808117295,9.34241767144394e-05,0.00162717454296929,0.0272910606542235,79.6923477614143,0.23683971199362,0.0783440256301005,0.00444539334348439,0.0241160217814056,0.768898617670786,-0.0254940242432753,-9.64651299370184,-2.05850974727246e-14,-0.0429869122185295,1.24938539551573e-13,0,0,0,0,1,0.673086199299627,0.673086199299627,58.9310264382897,53.6126064985917,-1.92167611291783
48.05,0.227268573732414,0.101409019172773,0.751752775211509,9.37762793586863e-05,0.00162088606393149,0.027295509806591,79.6901008982623,0.236833086918139,0.0783443770784664,0.00444604328484735,0.02407024316712,0.768934480640286,-0.0254954454643797,-9.64596336692008,-2.05850974727246e-14,-0.0429869122185295,1.24938539551573e-13,0,0,0,0,1,0.673086199299627,0.673086199299627,58.9149879769521,53.6270243923286,-1.91797488915035
48.06,0.227296941241371,0.10136327034742,0.752023769078358,9.41299098231146e-05,0.00161461200803108,0.027299957143581,79.6878592781293,0.23682647732044,0.0783447269107523,0.00444669150376706,0.024024387604624,0.768970248230853,-0.025496856377009,-9.64541495142423,-2.05850974727246e-14,-0.0429869122185295,1.24938539551573e-13,0,0,0,0,1,0.673086199299627,0.673086199299627,58.8989484913632,53.6414425746712,-1.91426786290031
48.07,0.227325302659057,0.101317442798282,0.752294789726879,9.44850671935114e-05,0.00160835239504968,0.0273044026601398,79.6856229068159,0.236819883217621,0.0783450751250964,0.00444733799926414,0.0239784552406653,0.769005920352162,-0.0254982569843305,-9.64486774846096,-2.05850974727246e-14,-0.0429869122185295,1.24938539551573e-13,0,0,0,0,1,0.673086199299627,0.673086199299627,58.8829079819422,53.6558610503497,-1.91055504578109
48.08,0.227353657977946,0.101271536670301,0.752565837166125,9.48417505519088e-05,0.00160210724472423,0.0273088463512193,79.6833917901066,0.236813304626736,0.0783454217196424,0.00444798277036414,0.0239324462221903,0.76904149691417,-0.0254996472895342,-9.6443217592734,-2.05850974727246e-14,-0.0429869122185295,1.24938539551573e-13,0,0,0,0,1,0.673086199299627,0.673086199299627,58.8668664490902,53.6702798240868,-1.90683644941684
48.09,0.227382007190536,0.101225552108624,0.752836911405163,9.51999589765793e-05,0.00159587657674691,0.0273132882117761,79.6811659337697,0.236806741564787,0.0783457666925399,0.00444862581609755,0.0238863606963442,0.76907697782711,-0.0255010272958309,-9.64377698510109,-2.05850974727246e-14,-0.0429869122185295,1.24938539551573e-13,0,0,0,0,1,0.673086199299627,0.673086199299627,58.8508238931906,53.6846989005978,-1.90311208544244
48.1,0.227410350289348,0.101179489258601,0.753108012453079,9.55596915420308e-05,0.00158966041076507,0.0273177282367722,79.6789453435574,0.236800194048732,0.0783461100419441,0.0044492671354998,0.0238401988104697,0.7691123630015,-0.025502397006454,-9.64323342718002,-2.05850974727246e-14,-0.0429869122185295,1.24938539551573e-13,0,0,0,0,1,0.673086199299627,0.673086199299627,58.8347803146089,53.6991182845904,-1.89938196550344
48.11,0.227438687266925,0.101133348265788,0.753379140318971,9.59209473190021e-05,0.00158345876638117,0.0273221664211747,79.6767300252057,0.236793662095479,0.0783464517660162,0.00444990672761129,0.0237939607121074,0.769147652348137,-0.0255037564246588,-9.64269108674262,-2.05850974727246e-14,-0.0429869122185295,1.24938539551573e-13,0,0,0,0,1,0.673086199299627,0.673086199299627,58.8187357136931,53.7135379807645,-1.89564610125608
48.12,0.227467018115837,0.101087129275945,0.753650295011956,9.6283725374458e-05,0.00157727166315267,0.0273266027599559,79.6745199844345,0.236787145721888,0.078346791862923,0.00445054459147741,0.0237476465489947,0.7691828457781,-0.0255051055537213,-9.64214996501777,-2.05850974727246e-14,-0.0429869122185295,1.24938539551573e-13,0,0,0,0,1,0.673086199299627,0.673086199299627,58.802690090773,53.7279579938128,-1.89190450436721
48.13,0.227495342828675,0.101040832435031,0.753921476541164,9.66480247715843e-05,0.00157109912059199,0.0273310372480933,79.6723152269475,0.236780644944774,0.0783471303308372,0.00445118072614853,0.0237012564690658,0.769217943202749,-0.0255064443969411,-9.64161006323076,-2.05850974727246e-14,-0.0429869122185295,1.24938539551573e-13,0,0,0,0,1,0.673086199299627,0.673086199299627,58.786643446161,53.7423783284202,-1.88815718651427
48.14,0.227523661398055,0.100994457889214,0.754192684915741,9.70138445697836e-05,0.00156494115816643,0.0273354698805697,79.6701157584322,0.236774159780901,0.0783474671679373,0.00445181513068001,0.0236547906204506,0.769252944533727,-0.0255077729576391,-9.64107138260333,-2.05850974727246e-14,-0.0429869122185295,1.24938539551573e-13,0,0,0,0,1,0.673086199299627,0.673086199299627,58.7705957801515,53.7567989892639,-1.88440415938529
48.15,0.227551973816618,0.100948005784858,0.754463920144851,9.73811838246706e-05,0.00155879779529806,0.0273399006523732,79.66792158456,0.236767690246987,0.0783478023724076,0.00445244780413224,0.0236082491514751,0.769287849682957,-0.0255090912391577,-9.64053392435365,-2.05850974727246e-14,-0.0429869122185295,1.24938539551573e-13,0,0,0,0,1,0.673086199299627,0.673086199299627,58.7545470930214,53.7712199810135,-1.8806454346788
48.16,0.227580280077027,0.100901476268532,0.754735182237669,9.77500415880676e-05,0.0015526690513637,0.027344329558497,79.6657327109858,0.236761236359701,0.0783481359424382,0.00445307874557063,0.02356163221066,0.769322658562643,-0.0255103992448618,-9.63999768969629,-2.05850974727246e-14,-0.0429869122185295,1.24938539551573e-13,0,0,0,0,1,0.673086199299627,0.673086199299627,58.7384973850296,53.7856413083311,-1.87688102410384
48.17,0.227608580171968,0.100854869487006,0.75500647120339,9.81204169079991e-05,0.00154655494569479,0.0273487565939398,79.6635491433484,0.236754798135666,0.0783484678762252,0.00445370795406564,0.023514939946721,0.769357371085273,-0.0255116969781386,-9.6394626798423,-2.05850974727246e-14,-0.0429869122185295,1.24938539551573e-13,0,0,0,0,1,0.673086199299627,0.673086199299627,58.7224466564175,53.8000629758708,-1.87311093937992
48.18,0.227636874094155,0.100808185587251,0.755277787051222,9.84923088286888e-05,0.00154045549757738,0.0273531817537057,79.6613708872706,0.236748375591455,0.0783487981719703,0.00445433542869277,0.0234681725085677,0.769391987163617,-0.0255129844423969,-9.63892889599913,-2.05850974727246e-14,-0.0429869122185295,1.24938539551573e-13,0,0,0,0,1,0.673086199299627,0.673086199299627,58.7063949074086,53.8144849882793,-1.86933519223698
48.19,0.227665161836322,0.100761424716437,0.755549129790389,9.88657163905537e-05,0.00153437072625197,0.027357605032804,79.6591979483585,0.236741968743593,0.0783491268278814,0.00445496116853258,0.0234213300453037,0.769426506710725,-0.0255142616410681,-9.63839633937067,-2.05850974727246e-14,-0.0429869122185295,1.24938539551573e-13,0,0,0,0,1,0.673086199299627,0.673086199299627,58.6903421382088,53.8289073501952,-1.86555379441536
48.2,0.227693443391228,0.100714587021934,0.75582049943013,9.92406386302007e-05,0.00152830065091353,0.0273620264262494,79.6570303322023,0.236735577608558,0.0783494538421721,0.00445558517267073,0.0233744127062257,0.769460929639932,-0.0255155285776058,-9.63786501115719,-2.05850974727246e-14,-0.0429869122185295,1.24938539551573e-13,0,0,0,0,1,0.673086199299627,0.673086199299627,58.6742883490063,53.8433300662498,-1.86176675766576
48.21,0.227721718751656,0.100667672651313,0.756091895979701,9.96170745804214e-05,0.00152224529071135,0.0273664459290623,79.6548680443756,0.23672920220278,0.0783497792130618,0.00445620744019794,0.0233274206408232,0.769495255864852,-0.0255167852554856,-9.63733491255544,-2.05850974727246e-14,-0.0429869122185295,1.24938539551573e-13,0,0,0,0,1,0.673086199299627,0.673086199299627,58.6582335399714,53.8577531410662,-1.85797409374923
48.22,0.227749987910414,0.100620681752344,0.75636331944837,9.99950232701882e-05,0.00151620466474901,0.0273708635362681,79.6527110904359,0.236722842542639,0.078350102938776,0.00445682797021006,0.023280353998778,0.769529485299388,-0.0255180316782051,-9.63680604475857,-2.05850974727246e-14,-0.0429869122185295,1.24938539551573e-13,0,0,0,0,1,0.673086199299627,0.673086199299627,58.6421777112571,53.8721765792598,-1.85417581443712
48.23,0.227778250860333,0.100573614472992,0.756634769845423,0.00010037448372465,0.00151017879208431,0.0273752792428981,79.6505594759244,0.236716498644469,0.078350425017546,0.00445744676180802,0.0232332129299637,0.769563617857717,-0.0255192678492851,-9.63627840895615,-2.05850974727246e-14,-0.0429869122185295,1.24938539551573e-13,0,0,0,0,1,0.673086199299627,0.673086199299627,58.6261208629985,53.8866003854384,-1.85037193151104
48.24,0.227806507594269,0.100526470961424,0.756906247180162,0.000100755454965128,0.00150416769172915,0.0273796930439889,79.6484132063656,0.236710170524556,0.0783507454476092,0.0044580638140979,0.0231859975844452,0.769597653454306,-0.0255204937722676,-9.63575200633417,-2.05850974727246e-14,-0.0429869122185295,1.24938539551573e-13,0,0,0,0,1,0.673086199299627,0.673086199299627,58.610062995313,53.9010245642017,-1.84656245676284
48.25,0.227834758105099,0.100479251366003,0.757177751461902,0.00010113793600911,0.00149817138264949,0.0273841049345825,79.6462722872682,0.236703858199134,0.0783510642272088,0.00445867912619092,0.0231387081124783,0.769631592003902,-0.0255217094507177,-9.63522683807504,-2.05850974727246e-14,-0.0429869122185295,1.24938539551573e-13,0,0,0,0,1,0.673086199299627,0.673086199299627,58.5940041083005,53.9154491201416,-1.84274740199459
48.26,0.227863002385729,0.100431955835288,0.757449282699974,0.000101521925870249,0.00149218988376531,0.0273885149097267,79.6441367241242,0.236697561684393,0.0783513813545939,0.00445929269720343,0.0230913446645092,0.769665433421535,-0.025522914888223,-9.63470290535757,-2.05850974727246e-14,-0.0429869122185295,1.24938539551573e-13,0,0,0,0,1,0.673086199299627,0.673086199299627,58.5779442020432,53.9298740578422,-1.83892677901853
48.27,0.227891240429084,0.100384584518038,0.757720840903725,0.000101907423558357,0.00148622321395045,0.0273929229644748,79.6420065224092,0.236691280996473,0.0783516968280196,0.00445990452625696,0.0230439073911739,0.76969917762252,-0.025524110088393,-9.63418020935702,-2.05850974727246e-14,-0.0429869122185295,1.24938539551573e-13,0,0,0,0,1,0.673086199299627,0.673086199299627,58.5618832766055,53.9442993818795,-1.83510059965702
48.28,0.227919472228118,0.100337137563203,0.757992426082516,0.000102294428079401,0.00148027139203263,0.0273973290938855,79.6398816875826,0.236685016151465,0.0783520106457472,0.00446051461247821,0.022996396443298,0.769732824522453,-0.0255252950548598,-9.63365875124503,-2.05850974727246e-14,-0.0429869122185295,1.24938539551573e-13,0,0,0,0,1,0.673086199299627,0.673086199299627,58.5458213320345,53.9587250968218,-1.83126887574256
48.29,0.227947697775805,0.100289615119934,0.758264038245725,0.000102682938435499,0.00147433443679331,0.0274017332930234,79.6377622250872,0.236678767165412,0.0783523228060438,0.00446112295499905,0.0229488119718958,0.769766374037215,-0.0255264697912786,-9.63313853218968,-2.05850974727246e-14,-0.0429869122185295,1.24938539551573e-13,0,0,0,0,1,0.673086199299627,0.673086199299627,58.5297583683595,53.9731512072292,-1.82743161911768
48.3,0.227975917065146,0.100242017337574,0.758535677402742,0.000103072953624916,0.00146841236696765,0.0274061355569586,79.6356481403496,0.236672534054308,0.0783526333071824,0.00446172955295657,0.0229011541281702,0.769799826082971,-0.0255276343013262,-9.63261955335543,-2.05850974727246e-14,-0.0429869122185295,1.24938539551573e-13,0,0,0,0,1,0.673086199299627,0.673086199299627,58.5136943855922,53.9875777176541,-1.82358884163502
48.31,0.228004130089164,0.100194344365661,0.758807343562975,0.000103464472642061,0.00146250520124443,0.0274105358807669,79.6335394387797,0.2366663168341,0.0783529421474423,0.00446233440549305,0.022853423063512,0.76983318057617,-0.0255287885887024,-9.63210181590319,-2.05850974727246e-14,-0.0429869122185295,1.24938539551573e-13,0,0,0,0,1,0.673086199299627,0.673086199299627,58.4976293837268,54.0020046326406,-1.81974055515716
48.32,0.228032336840907,0.100146596353929,0.759079036735847,0.000103857494477481,0.00145661295826598,0.0274149342595298,79.6314361257712,0.236660115520686,0.0783532493251086,0.00446293751175601,0.0228056189294996,0.769866437433541,-0.0255299326571301,-9.63158532099023,-2.05850974727246e-14,-0.0429869122185295,1.24938539551573e-13,0,0,0,0,1,0.673086199299627,0.673086199299627,58.4815633627398,54.0164319567251,-1.81588677155671
48.33,0.228060537313449,0.100098773452303,0.759350756930793,0.00010425201811786,0.0014507356566281,0.0274193306883344,79.6293382067012,0.236653930129914,0.0783535548384724,0.0044635388708982,0.0227577418778981,0.769899596572104,-0.0255310665103541,-9.6310700697703,-2.05850974727246e-14,-0.0429869122185295,1.24938539551573e-13,0,0,0,0,1,0.673086199299627,0.673086199299627,58.4654963225903,54.0308596944356,-1.8120275027162
48.34,0.228088731499885,0.100050875810905,0.759622504157267,0.00010464804254601,0.00144487331487999,0.0274237251622739,79.6272456869304,0.236647760677584,0.0783538586858312,0.0044641384820776,0.0227097920606595,0.769932657909156,-0.0255321901521424,-9.63055606339348,-2.05850974727246e-14,-0.0429869122185295,1.24938539551573e-13,0,0,0,0,1,0.673086199299627,0.673086199299627,58.4494282632196,54.0452878502924,-1.80816276052808
48.35,0.228116919393338,0.100002903580046,0.759894278424735,0.000105045566740873,0.00143902595152421,0.0274281176764468,79.625158571803,0.236641607179449,0.0783541608654881,0.00446473634445746,0.0226617696299215,0.769965621362283,-0.0255333035862848,-9.63004330300628,-2.05850974727246e-14,-0.0429869122185295,1.24938539551573e-13,0,0,0,0,1,0.673086199299627,0.673086199299627,58.4333591845517,54.0597164288074,-1.80429255689469
48.36,0.228145100986951,0.0999548569102314,0.760166079742679,0.000105444589677514,0.00143319358501653,0.0274325082259577,79.6230768666467,0.23663546965121,0.0783544613757527,0.0044653324572063,0.0226136747380075,0.769998486849356,-0.0255344068165952,-9.62953178975165,-2.05850974727246e-14,-0.0429869122185295,1.24938539551573e-13,0,0,0,0,1,0.673086199299627,0.673086199299627,58.417289086493,54.0741454344847,-1.8004169037282
48.37,0.228173276273895,0.0999067359521592,0.760437908120596,0.000105845110327118,0.00142737623376596,0.027436896805917,79.6210005767727,0.236629348108523,0.0783547602149403,0.00446592681949791,0.0225655075374259,0.770031254288525,-0.0255354998469094,-9.6290215247689,-2.05850974727246e-14,-0.0429869122185295,1.24938539551573e-13,0,0,0,0,1,0.673086199299627,0.673086199299627,58.4012179689323,54.08857487182,-1.79653581295061
48.38,0.228201445247363,0.0998585408567176,0.760709763567999,0.000106247127656983,0.00142157391613458,0.0274412834114408,79.6189297074756,0.236623242566991,0.0783550573813726,0.00446651943051138,0.0225172681808696,0.770063923598231,-0.0255365826810859,-9.62851250919375,-2.05850974727246e-14,-0.0429869122185295,1.24938539551573e-13,0,0,0,0,1,0.673086199299627,0.673086199299627,58.3851458317409,54.1030047453011,-1.79264929649369
48.39,0.228229607900574,0.0998102717749861,0.760981646094414,0.000106650640630524,0.00141578665043756,0.0274456680376513,79.6168642640336,0.236617153042173,0.0783553528733772,0.0044671102894311,0.0224689568212158,0.770096494697195,-0.0255376553230068,-9.62800474415834,-2.05850974727246e-14,-0.0429869122185295,1.24938539551573e-13,0,0,0,0,1,0.673086199299627,0.673086199299627,58.3690726747727,54.1174350594073,-1.78875736629898
48.4,0.22825776422677,0.0997619288582346,0.761253555709382,0.000107055648207259,0.00141001445494301,0.0274500506796764,79.6148042517082,0.236611079549576,0.0783556466892879,0.00446769939544679,0.0224205736115249,0.770128967504427,-0.0255387177765759,-9.62749823079118,-2.05850974727246e-14,-0.0429869122185295,1.24938539551573e-13,0,0,0,0,1,0.673086199299627,0.673086199299627,58.3529984978639,54.13186581861,-1.78486003431773
48.41,0.228285914219218,0.0997135122579233,0.761525492422461,0.000107462149342816,0.00140425734787197,0.02745443133265,79.6127496757445,0.236605022104658,0.0783559388274448,0.00446828674775348,0.0223721187050408,0.770161341939218,-0.0255397700457208,-9.6269929702172,-2.05850974727246e-14,-0.0429869122185295,1.24938539551573e-13,0,0,0,0,1,0.673086199299627,0.673086199299627,58.3369233008336,54.1462970273724,-1.78095731251086
48.42,0.228314057871209,0.0996650221257015,0.76179745624322,0.000107870142988922,0.00139851534739829,0.0274588099917118,79.6107005413709,0.236598980722828,0.0783562292861937,0.00446887234555153,0.0223235922551896,0.770193617921148,-0.025540812134392,-9.62648896355773,-2.05850974727246e-14,-0.0429869122185295,1.24938539551573e-13,0,0,0,0,1,0.673086199299627,0.673086199299627,58.3208470834829,54.1607286901492,-1.77704921284898
48.43,0.228342195176059,0.0996164586134081,0.762069447181247,0.000108279628093399,0.00139278847164859,0.0274631866520078,79.6086568537992,0.236592955419449,0.0783565180638871,0.00446945618804667,0.0222749944155798,0.770225795370078,-0.0255418440465626,-9.62598621193047,-2.05850974727246e-14,-0.0429869122185295,1.24938539551573e-13,0,0,0,0,1,0.673086199299627,0.673086199299627,58.3047698455959,54.1751608113871,-1.77313574731228
48.44,0.228370326127108,0.09956782187307,0.762341465246142,0.000108690603600167,0.00138707673870219,0.0274675613086896,79.6066186182248,0.236586946209831,0.0783568051588833,0.00447003827444999,0.0222263253400014,0.770257874206158,-0.0255428657862289,-9.62548471644952,-2.05850974727246e-14,-0.0429869122185295,1.24938539551573e-13,0,0,0,0,1,0.673086199299627,0.673086199299627,58.288691586939,54.1895933955244,-1.76921692789056
48.45,0.228398450717722,0.0995191120569025,0.762613510447519,0.000109103068449234,0.00138138016659102,0.0274719339569152,79.6045858398262,0.236580953109238,0.0783570905695467,0.00447061860397794,0.0221775851824255,0.770289854349824,-0.02554387735741,-9.62498447822542,-2.05850974727246e-14,-0.0429869122185295,1.24938539551573e-13,0,0,0,0,1,0.673086199299627,0.673086199299627,58.2726123072613,54.2040264469912,-1.76529276658319
48.46,0.228426568941288,0.0994703293173086,0.76288558279501,0.000109517021576697,0.00137569877329957,0.0274763045918482,79.6025585237655,0.236574976132883,0.0783573742942483,0.00447119717585236,0.0221287740970038,0.770321735721793,-0.0255448787641482,-9.62448549836501,-2.05850974727246e-14,-0.0429869122185295,1.24938539551573e-13,0,0,0,0,1,0.673086199299627,0.673086199299627,58.2565320062944,54.2184599702092,-1.76136327539902
48.47,0.228454680791221,0.0994214738068783,0.763157682298259,0.000109932461914734,0.00137003257676481,0.0274806732086587,79.600536675188,0.236569015295929,0.0783576563313649,0.00447177398930049,0.0220798922380681,0.770353518243071,-0.0255458700105089,-9.62398777797162,-2.05850974727246e-14,-0.0429869122185295,1.24938539551573e-13,0,0,0,0,1,0.673086199299627,0.673086199299627,58.2404506837525,54.2328939695917,-1.75742846635644
48.48,0.228482786260958,0.0993725456783881,0.763429808966925,0.000110349388391606,0.00136438159487611,0.0274850398025227,79.5985202992224,0.236563070613494,0.0783579366792798,0.00447234904355496,0.02203093976013,0.770385201834953,-0.0255468511005809,-9.62349131814491,-2.05850974727246e-14,-0.0429869122185295,1.24938539551573e-13,0,0,0,0,1,0.673086199299627,0.673086199299627,58.2243683393323,54.2473284495439,-1.75348835148328
48.49,0.228510885343962,0.0993235450848009,0.763701962810683,0.000110767799931648,0.00135874584547519,0.0274894043686223,79.5965094009809,0.236557142100642,0.0783582153363822,0.00447292233785384,0.0219819168178802,0.770416786419013,-0.0255478220384757,-9.62299611998094,-2.05850974727246e-14,-0.0429869122185295,1.24938539551573e-13,0,0,0,0,1,0.673086199299627,0.673086199299627,58.2082849727133,54.2617634144623,-1.74954294281677
48.5,0.228538978033721,0.0992744721792652,0.763974143839219,0.00011118769545527,0.00135312534635605,0.0274937669021458,79.5945039855588,0.236551229772391,0.0783584923010678,0.00447349387144062,0.0219328235661877,0.770448271917116,-0.025548782828328,-9.62250218457216,-2.05850974727246e-14,-0.0429869122185295,1.24938539551573e-13,0,0,0,0,1,0.673086199299627,0.673086199299627,58.1922005835575,54.2761988687351,-1.74559225240357
48.51,0.228567064323746,0.0992253271151146,0.764246352062239,0.000111609073878953,0.00134752011526488,0.0274981273982875,79.5925040580348,0.236545333643708,0.0783587675717385,0.00447406364356422,0.0218836601601001,0.77047965825141,-0.0255497334742959,-9.6220095130074,-2.05850974727246e-14,-0.0429869122185295,1.24938539551573e-13,0,0,0,0,1,0.673086199299627,0.673086199299627,58.1761151715096,54.2906348167423,-1.7416362922997
48.52,0.228595144207574,0.0991761100458677,0.764518587489458,0.000112031934115243,0.0013419301699,0.0275024858522482,79.5905096234708,0.236539453729511,0.0783590411468023,0.00447463165347903,0.0218344267548424,0.770510945344334,-0.0255506739805605,-9.62151810637189,-2.05850974727246e-14,-0.0429869122185295,1.24938539551573e-13,0,0,0,0,1,0.673086199299627,0.673086199299627,58.1600287361968,54.3050712628552,-1.73767507457048
48.53,0.228623217678764,0.0991268211252268,0.764790850130609,0.00011245627507275,0.00133635552791182,0.0275068422592346,79.5885206869123,0.236533590044669,0.0783593130246737,0.00447519790044488,0.0217851235058167,0.770542133118609,-0.0255516043513267,-9.62102796574725,-2.05850974727246e-14,-0.0429869122185295,1.24938539551573e-13,0,0,0,0,1,0.673086199299627,0.673086199299627,58.1439412772291,54.3195082114366,-1.73370861129054
48.54,0.228651284730904,0.0990774605070786,0.765063139995438,0.000112882095656145,0.00133079620690271,0.0275111966144599,79.5865372533877,0.236527742604002,0.0783595832037732,0.00447576238372709,0.0217357505686019,0.770573221497246,-0.0255525245908222,-9.62053909221145,-2.05850974727246e-14,-0.0429869122185295,1.24938539551573e-13,0,0,0,0,1,0.673086199299627,0.673086199299627,58.1278527941992,54.3339456668411,-1.72973691454379
48.55,0.228679345357602,0.0990280283454925,0.765335457093707,0.000113309394766157,0.00132525222442699,0.0275155489131433,79.5845593279088,0.236521911422279,0.0783598516825278,0.00447632510259647,0.0216863080989529,0.770604210403537,-0.0255534347032983,-9.62005148683884,-2.05850974727246e-14,-0.0429869122185295,1.24938539551573e-13,0,0,0,0,1,0.673086199299627,0.673086199299627,58.1117632866822,54.3483836334145,-1.72575999642336
48.56,0.228707399552495,0.0989785247947208,0.765607801435189,0.000113738171299567,0.00131972359799084,0.0275198991505105,79.5825869154707,0.236516096514221,0.0783601184593707,0.00447688605632929,0.0216367962528003,0.770635099761067,-0.0255543346930292,-9.61956515070021,-2.05850974727246e-14,-0.0429869122185295,1.24938539551573e-13,0,0,0,0,1,0.673086199299627,0.673086199299627,58.0956727542361,54.3628221154942,-1.72177786903157
48.57,0.22873544730924,0.0989289500091984,0.765880173029675,0.00011416842414921,0.0013142103450522,0.0275242473217935,79.5806200210517,0.2365102978945,0.0783603835327415,0.00447744524420738,0.0215872151862499,0.770665889493706,-0.0255552245643128,-9.61908008486266,-2.05850974727246e-14,-0.0429869122185295,1.24938539551573e-13,0,0,0,0,1,0.673086199299627,0.673086199299627,58.0795811964017,54.3772611174091,-1.71779054447991
48.58,0.228763488621524,0.0988793041435415,0.766152571886968,0.000114600152203966,0.00130871248302078,0.0275285934222304,79.5786586496134,0.236504515577736,0.0783606469010859,0.00447800266551803,0.0215375650555819,0.770696579525609,-0.0255561043214704,-9.61859629038972,-2.05850974727246e-14,-0.0429869122185295,1.24938539551573e-13,0,0,0,0,1,0.673086199299627,0.673086199299627,58.0634886127023,54.3917006434795,-1.71379803488902
48.59,0.228791523483053,0.0988295873525479,0.766424998016886,0.000115033354348763,0.00130323002925789,0.0275329374470661,79.5767028061004,0.236498749578502,0.0783609085628563,0.00447855831955411,0.0214878460172509,0.770727169781221,-0.0255569739688472,-9.61811376834126,-2.05850974727246e-14,-0.0429869122185295,1.24938539551573e-13,0,0,0,0,1,0.673086199299627,0.673086199299627,58.047395002644,54.406140698017,-1.70980035238862
48.6,0.228819551887562,0.0987797997911962,0.766697451429263,0.00011546802946457,0.00129776300107646,0.0275372793915514,79.5747524954408,0.236492999911319,0.078361168516511,0.00447911220561399,0.0214380582278849,0.770757660185273,-0.0255578335108108,-9.61763251977355,-2.05850974727246e-14,-0.0429869122185295,1.24938539551573e-13,0,0,0,0,1,0.673086199299627,0.673086199299627,58.0313003657157,54.4205812853247,-1.7057975091175
48.61,0.22884757382881,0.098729941614645,0.766969932133943,0.000115904176428393,0.00129231141574094,0.0275416192509438,79.5728077225456,0.236487266590661,0.0783614267605149,0.00447966432300161,0.0213882018442852,0.77078805066278,-0.0255586829517535,-9.61715254573921,-2.05850974727246e-14,-0.0429869122185295,1.24938539551573e-13,0,0,0,0,1,0.673086199299627,0.673086199299627,58.0152047013889,54.435022409697,-1.70178951722352
48.62,0.228875589300579,0.0986800129782331,0.767242440140788,0.000116341794113277,0.0012868752904672,0.0275459570205071,79.5708684923091,0.236481549630951,0.0783616832933394,0.00448021467102645,0.0213382770234257,0.77081834113905,-0.0255595222960899,-9.61667384728726,-2.05850974727246e-14,-0.0429869122185295,1.24938539551573e-13,0,0,0,0,1,0.673086199299627,0.673086199299627,57.999108009118,54.4494640754198,-1.6977763888635
48.63,0.228903598296678,0.0986300140374785,0.767514975459674,0.0001167808813883,0.00128145464242252,0.0275502926955118,79.5689348096089,0.236475849046561,0.0783619381134619,0.0044807632490036,0.0212882839224523,0.770848531539677,-0.0255603515482595,-9.61619642546309,-2.05850974727246e-14,-0.0429869122185295,1.24938539551573e-13,0,0,0,0,1,0.673086199299627,0.673086199299627,57.9830102883401,54.4639062867702,-1.69375813620325
48.64,0.228931600810938,0.0985799449480779,0.767787538100488,0.000117221437118569,0.00127604948872549,0.0275546262712345,79.5670066793056,0.236470164851816,0.0783621912193664,0.00448131005625368,0.0212382226986825,0.77087862179054,-0.0255611707127242,-9.61572028130845,-2.05850974727246e-14,-0.0429869122185295,1.24938539551573e-13,0,0,0,0,1,0.673086199299627,0.673086199299627,57.9669115384751,54.4783490480166,-1.68973477141753
48.65,0.228959596837217,0.0985298058659065,0.768060128073134,0.000117663460165221,0.00127065984644593,0.0275589577429587,79.5650841062429,0.236464497060988,0.0783624426095434,0.00448185509210294,0.021188093509605,0.770908611817807,-0.0255619797939704,-9.61524541586148,-2.05850974727246e-14,-0.0429869122185295,1.24938539551573e-13,0,0,0,0,1,0.673086199299627,0.673086199299627,57.9508117589257,54.4927923634186,-1.68570630668999
48.66,0.228987586369399,0.0984795969470172,0.76833274538753,0.000118106949385416,0.00126528573260486,0.0275632871059741,79.5631670952478,0.236458845688302,0.0783626922824895,0.00448239835588322,0.021137896512879,0.770938501547936,-0.0255627787965073,-9.61477183015665,-2.05850974727246e-14,-0.0429869122185295,1.24938539551573e-13,0,0,0,0,1,0.673086199299627,0.673086199299627,57.9347109490774,54.5072362372273,-1.68167275421316
48.67,0.229015569401388,0.0984293183476403,0.768605390053606,0.000118551903632336,0.00125992716417442,0.0275676143555771,79.5612556511302,0.236453210747932,0.078362940236708,0.00448293984693198,0.0210876318663338,0.77096829090767,-0.0255635677248683,-9.61429952522486,-2.05850974727246e-14,-0.0429869122185295,1.24938539551573e-13,0,0,0,0,1,0.673086199299627,0.673086199299627,57.9186091082984,54.521680673685,-1.67763412618841
48.68,0.229043545927119,0.0983789702241831,0.768878062081307,0.000118998321755186,0.00125458415807777,0.0275719394870707,79.5593497786833,0.236447592254002,0.0783631864707084,0.00448347956459228,0.0210372997279683,0.770997979824042,-0.0255643465836103,-9.61382850209331,-2.05850974727246e-14,-0.0429869122185295,1.24938539551573e-13,0,0,0,0,1,0.673086199299627,0.673086199299627,57.90250623594,54.5361256770249,-1.67359043482593
48.69,0.229071515940547,0.0983285527332289,0.769150761480594,0.000119446202599184,0.00124925673118907,0.0275762624957645,79.5574494826832,0.236441990220586,0.0783634309830069,0.00448401750821284,0.0209869002559505,0.771027568224373,-0.0255651153773146,-9.61335876178562,-2.05850974727246e-14,-0.0429869122185295,1.24938539551573e-13,0,0,0,0,1,0.673086199299627,0.673086199299627,57.8864023313361,54.5505712514718,-1.66954169234468
48.7,0.229099479435654,0.0982780660315373,0.769423488261438,0.000119895545005564,0.0012439449003334,0.0275805833769746,79.5555547678894,0.236436404661709,0.0783636737721258,0.00448455367714802,0.0209364336086167,0.771057056036271,-0.025565874110585,-9.61289030532176,-2.05850974727246e-14,-0.0429869122185295,1.24938539551573e-13,0,0,0,0,1,0.673086199299627,0.673086199299627,57.8702973938036,54.5650174012416,-1.66548791097236
48.71,0.229127436406447,0.0982275102760427,0.769696242433828,0.000120346347811573,0.00123864868228668,0.027584902126024,79.5536656390442,0.236430835591344,0.0783639148365942,0.00448508807075783,0.0208858999444715,0.771086443187633,-0.0255666227880498,-9.61242313371805,-2.05850974727246e-14,-0.0429869122185295,1.24938539551573e-13,0,0,0,0,1,0.673086199299627,0.673086199299627,57.8541914226421,54.579464130541,-1.66142910294538
48.72,0.229155386846958,0.0981768856238549,0.769969024007764,0.000120798609850464,0.00123336809377561,0.0275892187382421,79.5517821008731,0.236425283023416,0.0783641541749473,0.00448562068840793,0.020835299422187,0.771115729606643,-0.0255673614143616,-9.61195724798719,-2.05850974727246e-14,-0.0429869122185295,1.24938539551573e-13,0,0,0,0,1,0.673086199299627,0.673086199299627,57.8380844171343,54.5939114435685,-1.65736528050885
48.73,0.229183330751242,0.0981261922322577,0.770241832993262,0.000121252329951501,0.00122810315147761,0.0275935332089652,79.5499041580844,0.236419746971799,0.0783643917857272,0.00448615152946969,0.0207846322006021,0.77114491522178,-0.0255680899941955,-9.61149264913825,-2.05850974727246e-14,-0.0429869122185295,1.24938539551573e-13,0,0,0,0,1,0.673086199299627,0.673086199299627,57.8219763765456,54.6083593445131,-1.65329645591649
48.74,0.229211268113381,0.098075430258709,0.770514669400349,0.000121707506939949,0.00122285387202076,0.0275978455335362,79.5480318153698,0.236414227450317,0.0783646276674821,0.00448668059332013,0.0207338984387224,0.771173999961801,-0.0255688085322516,-9.61102933817663,-2.05850974727246e-14,-0.0429869122185295,1.24938539551573e-13,0,0,0,0,1,0.673086199299627,0.673086199299627,57.8058673001244,54.6228078375553,-1.64922264143067
48.75,0.229239198927482,0.0980245998608397,0.770787533239068,0.000122164139637075,0.00121762027198371,0.0276021557073048,79.5461650774038,0.236408724472744,0.0783648618187669,0.00448720787934199,0.0206830982957195,0.771202983755762,-0.0255695170332536,-9.61056731610411,-2.05850974727246e-14,-0.0429869122185295,1.24938539551573e-13,0,0,0,0,1,0.673086199299627,0.673086199299627,57.789757187102,54.6372569268664,-1.64514384932233
48.76,0.229267123187676,0.0979737011964538,0.771060424519475,0.000122622226860147,0.00121240236789564,0.0276064637256275,79.544303948844,0.236403238052804,0.0783650942381429,0.0044877333869237,0.0206322319309302,0.771231866533001,-0.0255702155019488,-9.61010658391886,-2.05850974727246e-14,-0.0429869122185295,1.24938539551573e-13,0,0,0,0,1,0.673086199299627,0.673086199299627,57.7736460366927,54.6517066166089,-1.64106009187095
48.77,0.229295040888119,0.0979227344235278,0.771333343251641,0.00012308176742243,0.0012072001762362,0.0276107695838675,79.542448434331,0.236397768204169,0.0783653249241781,0.00448825711545942,0.0205812995038566,0.771260648223148,-0.0255709039431087,-9.60964714261536,-2.05850974727246e-14,-0.0429869122185295,1.24938539551573e-13,0,0,0,0,1,0.673086199299627,0.673086199299627,57.7575338480935,54.6661569109365,-1.63697138136455
48.78,0.229322952022993,0.0978716997002096,0.771606289445649,0.000123542760133183,0.00120201371343539,0.0276150732773949,79.5405985384883,0.236392314940465,0.0783655538754468,0.00448877906434903,0.0205303011741651,0.771289328756121,-0.025571582361529,-9.60918899318449,-2.05850974727246e-14,-0.0429869122185295,1.24938539551573e-13,0,0,0,0,1,0.673086199299627,0.673086199299627,57.7414206204847,54.6806078139936,-1.63287773009961
48.79,0.229350856586503,0.0978205971848188,0.771879263111596,0.000124005203797658,0.00119684299587359,0.0276193748015866,79.5387542659224,0.236386878275263,0.0783657810905299,0.00448929923299814,0.0204792371016858,0.771317908062129,-0.0255722507620281,-9.60873213661344,-2.05850974727246e-14,-0.0429869122185295,1.24938539551573e-13,0,0,0,0,1,0.673086199299627,0.673086199299627,57.7253063530292,54.6950593299157,-1.62877915038108
48.8,0.229378754572882,0.0977694270358456,0.772152264259593,0.000124469097217095,0.0011916880398814,0.0276236741518263,79.536915621223,0.236381458222086,0.0783660065680149,0.00448981762081811,0.0204281074464126,0.771346386071668,-0.0255729091494504,-9.60827657388579,-2.05850974727246e-14,-0.0429869122185295,1.24938539551573e-13,0,0,0,0,1,0.673086199299627,0.673086199299627,57.7091910448733,54.7095114628295,-1.62467565452232
48.81,0.229406645976386,0.0977181894119507,0.772425292899765,0.000124934439188726,0.00118654886173964,0.0276279713235048,79.5350826089625,0.236376054794407,0.0783662303064959,0.00449033422722607,0.0203769123685019,0.771374762715524,-0.0255735575286631,-9.60782230598148,-2.05850974727246e-14,-0.0429869122185295,1.24938539551573e-13,0,0,0,0,1,0.673086199299627,0.673086199299627,57.6930746951458,54.7239642168523,-1.62056725484508
48.82,0.229434530791295,0.0976668844719645,0.77269834904225,0.000125401228505766,0.00118142547767924,0.0276322663120196,79.5332552336963,0.236370668005649,0.0783664523045734,0.00449084905164488,0.0203256520282727,0.771403037924773,-0.0255741959045576,-9.60736933387678,-2.05850974727246e-14,-0.0429869122185295,1.24938539551573e-13,0,0,0,0,1,0.673086199299627,0.673086199299627,57.676957302959,54.7384175960927,-1.61645396367947
48.83,0.229462409011918,0.0976155123748869,0.7729714326972,0.000125869463957415,0.00117631790388123,0.0276365591127753,79.5314334999628,0.236365297869181,0.0783666725608547,0.00449136209350322,0.0202743265862058,0.77143121163078,-0.0255748242820489,-9.60691765854435,-2.05850974727246e-14,-0.0429869122185295,1.24938539551573e-13,0,0,0,0,1,0.673086199299627,0.673086199299627,57.6608388674078,54.7528716046499,-1.61233579336392
48.84,0.229490280632585,0.0975640732798862,0.77324454387478,0.000126339144328854,0.00117122615647662,0.0276408497211833,79.5296174122834,0.236359944398327,0.0783668910739533,0.00449187335223551,0.0202229362029433,0.7714592837652,-0.0255754426660777,-9.60646728095315,-2.05850974727246e-14,-0.0429869122185295,1.24938539551573e-13,0,0,0,0,1,0.673086199299627,0.673086199299627,57.6447193875704,54.7673262466142,-1.60821275624514
48.85,0.229518145647653,0.0975125673462994,0.773517682585168,0.000126810268401243,0.00116615025154637,0.027645138132662,79.5278069751622,0.236354607606356,0.0783671078424897,0.00449238282728202,0.0201714810392882,0.771487254259977,-0.0255760510616066,-9.60601820206855,-2.05850974727246e-14,-0.0429869122185295,1.24938539551573e-13,0,0,0,0,1,0.673086199299627,0.673086199299627,57.628598862508,54.7817815260667,-1.60408486467812
48.86,0.229546004051504,0.0974609947336311,0.773790848838556,0.00012728283495172,0.00116109020512133,0.027649424342637,79.5260021930863,0.236349287506489,0.0783673228650909,0.00449289051808876,0.0201199612562036,0.771515123047344,-0.0255766494736246,-9.60557042285222,-2.05850974727246e-14,-0.0429869122185295,1.24938539551573e-13,0,0,0,0,1,0.673086199299627,0.673086199299627,57.6124772912648,54.7962374470793,-1.59995213102605
48.87,0.229573855838545,0.0974093556015532,0.774064042645151,0.0001277568427534,0.00115604603318215,0.0276537083465408,79.5242030705259,0.236343984111896,0.0783675361403904,0.00449339642410762,0.0200683770148125,0.771542890059826,-0.0255772379071433,-9.60512394426222,-2.05850974727246e-14,-0.0429869122185295,1.24938539551573e-13,0,0,0,0,1,0.673086199299627,0.673086199299627,57.5963546728679,54.810694013715,-1.59581456766034
48.88,0.229601701003209,0.0973576501099044,0.774337264015171,0.00012823229057537,0.00115101775165923,0.0276579901398128,79.5224096119338,0.236338697435696,0.0783677476670283,0.00449390054479626,0.020016728476397,0.771570555230238,-0.0255778163671992,-9.60467876725292,-2.05850974727246e-14,-0.0429869122185295,1.24938539551573e-13,0,0,0,0,1,0.673086199299627,0.673086199299627,57.5802310063279,54.8251512300272,-1.59167218696053
48.89,0.229629539539952,0.0973058784186896,0.774610512958848,0.000128709177182688,0.00114600537643267,0.0276622697178997,79.5206218217457,0.236333427490958,0.0783679574436515,0.00449440287961821,0.0199650158023982,0.771598118491685,-0.0255783848588529,-9.60423489277509,-2.05850974727246e-14,-0.0429869122185295,1.24938539551573e-13,0,0,0,0,1,0.673086199299627,0.673086199299627,57.5641062906381,54.8396091000604,-1.58752500131432
48.9,0.229657371443257,0.0972540406880794,0.774883789486427,0.000129187501336384,0.00114100892333219,0.0276665470762553,79.5188397043804,0.236328174290699,0.0783681654689134,0.00449490342804282,0.0199132391544151,0.771625579777561,-0.0255789433871891,-9.6037923217758,-2.05850974727246e-14,-0.0429869122185295,1.24938539551573e-13,0,0,0,0,1,0.673086199299627,0.673086199299627,57.5479805247751,54.8540676278498,-1.58337302311748
48.91,0.229685196707631,0.0972021370784098,0.775157093608169,0.000129667261793452,0.00113602840813707,0.0276708222103403,79.5170632642394,0.236322937847887,0.0783683717414742,0.0044954021895453,0.0198613986942045,0.771652939021547,-0.0255794919573167,-9.60335105519849,-2.05850974727246e-14,-0.0429869122185295,1.24938539551573e-13,0,0,0,0,1,0.673086199299627,0.673086199299627,57.5318537076987,54.8685268174213,-1.57921626477386
48.92,0.229713015327609,0.0971501677501813,0.775430425334344,0.000130148457306858,0.0011310638465761,0.0276750951156229,79.515292505707,0.236317718175439,0.0783685762600005,0.00449589916360675,0.0198094945836804,0.771680196157623,-0.0255800305743694,-9.60291109398295,-2.05850974727246e-14,-0.0429869122185295,1.24938539551573e-13,0,0,0,0,1,0.673086199299627,0.673086199299627,57.5157258383517,54.8829866727917,-1.57505473869533
48.93,0.229740827297747,0.0970981328640587,0.775703784675238,0.000130631086625526,0.0011261152543275,0.0276793657875782,79.5135274331504,0.236312515286221,0.0783687790231659,0.00449639434971409,0.0197575269849132,0.77170735112005,-0.0255805592435052,-9.60247243906528,-2.05850974727246e-14,-0.0429869122185295,1.24938539551573e-13,0,0,0,0,1,0.673086199299627,0.673086199299627,57.4995969156599,54.8974471979682,-1.57088845730176
48.94,0.229768632612628,0.0970460325808706,0.775977171641151,0.000131115148494346,0.00112118264701888,0.0276836342216885,79.5117680509196,0.236307329193049,0.0783689800296504,0.00449688774736016,0.0197054960601296,0.771734403843387,-0.0255810779699055,-9.60203509137798,-2.05850974727246e-14,-0.0429869122185295,1.24938539551573e-13,0,0,0,0,1,0.673086199299627,0.673086199299627,57.4834669385326,54.9119083969492,-1.566717433021
48.95,0.229796431266863,0.0969938670616086,0.776250586242392,0.00013160064165417,0.00111626604022716,0.0276879004134434,79.5100143633475,0.236302159908686,0.0783691792781408,0.00449737935604368,0.0196534019717119,0.77176135426248,-0.0255815867587771,-9.60159905184986,-2.05850974727246e-14,-0.0429869122185295,1.24938539551573e-13,0,0,0,0,1,0.673086199299627,0.673086199299627,57.4673359058621,54.9263702737232,-1.56254167828882
48.96,0.229824223255083,0.0969416364674269,0.776524028489287,0.000132087564841805,0.00111136544947849,0.0276921643583398,79.5082663747496,0.236297007445846,0.0783693767673307,0.00449786917526926,0.0196012448821972,0.771788202312464,-0.0255820856153503,-9.60116432140605,-2.05850974727246e-14,-0.0429869122185295,1.24938539551573e-13,0,0,0,0,1,0.673086199299627,0.673086199299627,57.4512038165239,54.9408328322697,-1.55836120554889
48.97,0.229852008571949,0.0968893409596422,0.776797498392175,0.000132575916790019,0.00110648089024826,0.0276964260518817,79.5065240894243,0.236291871817192,0.0783695724959202,0.00449835720454744,0.0195490249542774,0.771814947928768,-0.0255825745448812,-9.60073090096808,-2.05850974727246e-14,-0.0429869122185295,1.24938539551573e-13,0,0,0,0,1,0.673086199299627,0.673086199299627,57.4350706693766,54.9552960765588,-1.55417602725276
48.98,0.229879787212144,0.0968369806997323,0.777070995961405,0.000133065696227535,0.00110161237796095,0.0277006854895806,79.504787511653,0.236286753035337,0.0783697664626162,0.00449884344339466,0.0194967423507981,0.771841591047111,-0.0255830535526489,-9.60029879145377,-2.05850974727246e-14,-0.0429869122185295,1.24938539551573e-13,0,0,0,0,1,0.673086199299627,0.673086199299627,57.4189364632622,54.9697600105512,-1.5499861558598
48.99,0.229907559170378,0.0967845558493366,0.777344521207343,0.00013355690187903,0.00109675992799012,0.027704942666955,79.5030566456995,0.236281651112841,0.0783699586661324,0.00449932789133329,0.0194443972347586,0.771868131603502,-0.0255835226439576,-9.59986799377731,-2.05850974727246e-14,-0.0429869122185295,1.24938539551573e-13,0,0,0,0,1,0.673086199299627,0.673086199299627,57.4028011970059,54.9842246381981,-1.54579160383719
49,0.229935324441387,0.0967320665702548,0.777618074140364,0.000134049532465133,0.00109192355565834,0.0277091975795312,79.5013314958106,0.236276566062215,0.0783701491051892,0.00449981054789165,0.019391989769311,0.771894569534244,-0.0255839818241362,-9.59943850884922,-2.05850974727246e-14,-0.0429869122185295,1.24938539551573e-13,0,0,0,0,1,0.673086199299627,0.673086199299627,57.386664869416,54.9986899634414,-1.54159238365991
49.01,0.22996308301993,0.0966795130244466,0.777891654770859,0.000134543586702428,0.00108710327623714,0.0277134502228424,79.4996120662158,0.236271497895918,0.0783703377785136,0.00450029141260399,0.0193395201177597,0.771920904775925,-0.0255844310985372,-9.59901033757635,-2.05850974727246e-14,-0.0429869122185295,1.24938539551573e-13,0,0,0,0,1,0.673086199299627,0.673086199299627,57.3705274792842,55.0131559902135,-1.53738850781063
49.02,0.229990834900792,0.0966268953740315,0.778165263109231,0.000135039063303443,0.00108229910494692,0.0277177005924293,79.4978983611273,0.236266446626358,0.0783705246848397,0.00450077048501052,0.0192869884435612,0.77194713726543,-0.0255848704725387,-9.59858348086189,-2.05850974727246e-14,-0.0429869122185295,1.24938539551573e-13,0,0,0,0,1,0.673086199299627,0.673086199299627,57.3543890253853,55.0276227224373,-1.53317998877976
49.03,0.230018580078785,0.0965742137812879,0.778438899165895,0.00013553596097666,0.00107751105695691,0.0277219486838403,79.4961903847402,0.236261412265893,0.0783707098229079,0.00450124776465742,0.019234394910323,0.771973266939933,-0.0255852999515431,-9.5981579396054,-2.05850974727246e-14,-0.0429869122185295,1.24938539551573e-13,0,0,0,0,1,0.673086199299627,0.673086199299627,57.3382495064777,55.0420901640263,-1.52896683906538
49.04,0.230046318548745,0.0965214684086527,0.77871256295128,0.000136034278426505,0.00107273914738513,0.0277261944926308,79.494488141232,0.236256394826828,0.0783708931914657,0.00450172325109683,0.0191817396818039,0.771999293736899,-0.0255857195409764,-9.59773371470273,-2.05850974727246e-14,-0.0429869122185295,1.24938539551573e-13,0,0,0,0,1,0.673086199299627,0.673086199299627,57.3221089213027,55.0565583188845,-1.52474907117321
49.05,0.230074050305533,0.0964686594187207,0.778986254475828,0.00013653401435335,0.00106798339129827,0.027730438014364,79.4927916347632,0.23625139432142,0.0783710747892673,0.00450219694388688,0.0191290229219124,0.772025217594085,-0.0255861292462905,-9.59731080704609,-2.05850974727246e-14,-0.0429869122185295,1.24938539551573e-13,0,0,0,0,1,0.673086199299627,0.673086199299627,57.3059672685853,55.0710271909063,-1.52052669761656
49.06,0.230101775344037,0.0964157869742443,0.779259973749992,0.000137035167453512,0.0010632438037117,0.0277346792446102,79.4911008694769,0.236246410761872,0.0783712546150736,0.00450266884259169,0.0190762447947072,0.772051038449539,-0.0255865290729609,-9.59688921752403,-2.05850974727246e-14,-0.0429869122185295,1.24938539551573e-13,0,0,0,0,1,0.673086199299627,0.673086199299627,57.2898245470335,55.0854967839766,-1.51629973091636
49.07,0.230129493659168,0.0963628512381327,0.77953372078424,0.000137537736419251,0.00105852039958935,0.0277389181789476,79.4894158494989,0.236241444160337,0.0783714326676525,0.00450313894678139,0.0190234054643959,0.772076756241602,-0.0255869190264886,-9.5964689470214,-2.05850974727246e-14,-0.0429869122185295,1.24938539551573e-13,0,0,0,0,1,0.673086199299627,0.673086199299627,57.2736807553387,55.0999671019707,-1.51206818360105
49.08,0.230157205245864,0.0963098523734518,0.779807495589052,0.000138041719938769,0.00105381319384371,0.0277431548129617,79.4877365789378,0.236236494528917,0.0783716089457784,0.00450360725603209,0.0189705050953348,0.772102370908902,-0.0255872991123986,-9.59604999641943,-2.05850974727246e-14,-0.0429869122185295,1.24938539551573e-13,0,0,0,0,1,0.673086199299627,0.673086199299627,57.257535892176,55.1144381487543,-1.50783206820659
49.09,0.230184910099088,0.0962567905434231,0.780081298174919,0.000138547116696208,0.00104912220133571,0.0277473891422456,79.4860630618846,0.236231561879663,0.0783717834482328,0.00450407376992594,0.0189175438520285,0.772127882390366,-0.0255876693362406,-9.59563236659566,-2.05850974727246e-14,-0.0429869122185295,1.24938539551573e-13,0,0,0,0,1,0.673086199299627,0.673086199299627,57.2413899562033,55.1289099281837,-1.50359139727643
49.1,0.23021260821383,0.0962036659114234,0.780355128552347,0.00013905392537165,0.0010444474368747,0.0277516211623998,79.4843953024132,0.236226646224574,0.0783719561738039,0.00450453848805111,0.018864521899129,0.772153290625207,-0.0255880297035896,-9.59521605842395,-2.05850974727246e-14,-0.0429869122185295,1.24938539551573e-13,0,0,0,0,1,0.673086199299627,0.673086199299627,57.2252429460624,55.1433824441053,-1.49934618336146
49.11,0.230240299585101,0.0961504786409847,0.780628986731854,0.000139562144641115,0.00103978891521839,0.0277558508690327,79.4827333045802,0.236221747575598,0.0783721271212868,0.0045050014100018,0.0188114394014355,0.772178595552931,-0.0255883802200446,-9.59480107277451,-2.05850974727246e-14,-0.0429869122185295,1.24938539551573e-13,0,0,0,0,1,0.673086199299627,0.673086199299627,57.2090948603782,55.1578557003561,-1.49509643901998
49.12,0.230267984207943,0.096097228895793,0.780902872723969,0.000140071773176562,0.00103514665107278,0.02776007825776,79.4810770724246,0.236216865944633,0.0783722962894832,0.00450546253537826,0.0187582965238937,0.77220379711334,-0.0255887208912292,-9.59438741051389,-2.05850974727246e-14,-0.0429869122185295,1.24938539551573e-13,0,0,0,0,1,0.673086199299627,0.673086199299627,57.192945697759,55.1723297007632,-1.49084217681768
49.13,0.23029566207742,0.0960439168396881,0.781176786539237,0.000140582809645882,0.0010305206590921,0.0277643033242052,79.4794266099683,0.236212001343524,0.0783724636772019,0.00450592186378679,0.0187050934315952,0.772228895246522,-0.0255890517227934,-9.59397507250494,-2.05850974727246e-14,-0.0429869122185295,1.24938539551573e-13,0,0,0,0,1,0.673086199299627,0.673086199299627,57.1767954567967,55.1868044491442,-1.48658340932761
49.14,0.230323333188622,0.0959905426366634,0.781450728188211,0.000141095252712907,0.00102591095387876,0.0277685260639995,79.4777819212156,0.236207153784066,0.0783726292832586,0.00450637939483974,0.0186518302897771,0.772253889892858,-0.0255893727204093,-9.59356405960686,-2.05850974727246e-14,-0.0429869122185295,1.24938539551573e-13,0,0,0,0,1,0.673086199299627,0.673086199299627,57.1606441360665,55.2012799493069,-1.48232014913013
49.15,0.230350997536664,0.0959371064508645,0.781724697681461,0.000141609101037397,0.00102131754998327,0.0277727464727817,79.4761430101536,0.236202323278001,0.0783727931064757,0.00450683512815553,0.0185985072638214,0.772278780993028,-0.0255896838897763,-9.59315437267518,-2.05850974727246e-14,-0.0429869122185295,1.24938539551573e-13,0,0,0,0,1,0.673086199299627,0.673086199299627,57.1444917341271,55.2157562050496,-1.47805240881288
49.16,0.230378655116689,0.0958836084465897,0.781998695029565,0.00014212435327505,0.00101674046190423,0.0277769645461982,79.4745098807519,0.236197509837021,0.0783729551456824,0.00450728906335868,0.0185451245192544,0.772303568487994,-0.0255899852366168,-9.59274601256174,-2.05850974727246e-14,-0.0429869122185295,1.24938539551573e-13,0,0,0,0,1,0.673086199299627,0.673086199299627,57.1283382495206,55.2302332201605,-1.47378020097075
49.17,0.230406305923861,0.0958300487882886,0.782272720243118,0.000142641008077494,0.00101217970408823,0.0277811802799033,79.4728825369628,0.236192713472767,0.078373115399715,0.00450774120007977,0.0184916822217465,0.772328252319018,-0.025590276766679,-9.59233898011472,-2.05850974727246e-14,-0.0429869122185295,1.24938539551573e-13,0,0,0,0,1,0.673086199299627,0.673086199299627,57.1121836807728,55.2447109984183,-1.46950353820587
49.18,0.230433949953375,0.0957764276405622,0.782546773332724,0.000143159064092288,0.0010076352909298,0.027785393669559,79.4712609827211,0.236187934196828,0.0783732738674167,0.00450819153795547,0.018438180537111,0.772352832427651,-0.0255905584857359,-9.59193327617864,-2.05850974727246e-14,-0.0429869122185295,1.24938539551573e-13,0,0,0,0,1,0.673086199299627,0.673086199299627,57.0960280263927,55.2591895435919,-1.46522243312755
49.19,0.230461587200446,0.095722745168162,0.782820854309001,0.000143678519962923,0.00100310723677136,0.027789604710835,79.4696452219443,0.23618317202074,0.0783734305476373,0.00450864007662857,0.0183846196313041,0.772377308755737,-0.0255908303995853,-9.59152890159431,-2.05850974727246e-14,-0.0429869122185295,1.24938539551573e-13,0,0,0,0,1,0.673086199299627,0.673086199299627,57.079871284873,55.2736688594403,-1.46093689835226
49.2,0.230489217660319,0.0956690015359895,0.783094963182579,0.000144199374328819,0.000998595555903176,0.0277938133994088,79.4680352585323,0.23617842695599,0.0783735854392339,0.00450908681574797,0.0183309996704245,0.772401681245413,-0.0255910925140492,-9.59112585719892,-2.05850974727246e-14,-0.0429869122185295,1.24938539551573e-13,0,0,0,0,1,0.673086199299627,0.673086199299627,57.0637134546898,55.2881489497128,-1.45664694650358
49.21,0.230516841328262,0.095615196909096,0.783369099964099,0.000144721625825325,0.000994100262563263,0.0277980197309659,79.4664310963677,0.236173699014013,0.0783737385410702,0.00450953175496866,0.0182773208207121,0.772425949839108,-0.0255913448349751,-9.59072414382593,-2.05850974727246e-14,-0.0429869122185295,1.24938539551573e-13,0,0,0,0,1,0.673086199299627,0.673086199299627,57.0475545343029,55.3026298181487,-1.45235259021219
49.22,0.23054445819957,0.0955613314526815,0.783643264664216,0.000145245273083718,0.000989621370937373,0.0278022237011993,79.4648327393156,0.23616898820619,0.0783738898520169,0.0045099748939518,0.0182235832485483,0.772450114479542,-0.0255915873682359,-9.59032376230513,-2.05850974727246e-14,-0.0429869122185295,1.24938539551573e-13,0,0,0,0,1,0.673086199299627,0.673086199299627,57.0313945221555,55.3171114684777,-1.44805384211585
49.23,0.230572068269561,0.0955074053320947,0.783917457293597,0.000145770314731202,0.000985158895158911,0.0278064253058101,79.4632401912237,0.236164294543854,0.0783740393709518,0.00451041623236465,0.0181697871204547,0.772474175109732,-0.0255918201197288,-9.58992471346269,-2.05850974727246e-14,-0.0429869122185295,1.24938539551573e-13,0,0,0,0,1,0.673086199299627,0.673086199299627,57.0152334166745,55.3315939044194,-1.44375071485931
49.24,0.230599671533582,0.0954534187128322,0.784191677862921,0.000146296749390909,0.000980712849308891,0.0278106245405073,79.4616534559223,0.236159618038285,0.0783741870967595,0.00451085576988062,0.0181159326030933,0.772498131672984,-0.0255920430953756,-9.58952699812103,-2.05850974727246e-14,-0.0429869122185295,1.24938539551573e-13,0,0,0,0,1,0.673086199299627,0.673086199299627,56.9990712162703,55.3460771296836,-1.43944322109434
49.25,0.230627267987002,0.0953993717605381,0.784465926382878,0.000146824575681896,0.000976283247415875,0.0278148214010077,79.460072537224,0.23615495870071,0.0783743330283314,0.00451129350617928,0.0180620198632653,0.772521984112898,-0.0255922563011238,-9.58913061709895,-2.05850974727246e-14,-0.0429869122185295,1.24938539551573e-13,0,0,0,0,1,0.673086199299627,0.673086199299627,56.9829079193368,55.3605611479702,-1.43513137347966
49.26,0.23065485762522,0.0953452646410032,0.784740202864171,0.000147353792219146,0.000971870103455915,0.0278190158830361,79.4584974389242,0.236150316542306,0.0783744771645662,0.00451172944094635,0.0180080490679112,0.772545732373365,-0.0255924597429461,-9.58873557121152,-2.05850974727246e-14,-0.0429869122185295,1.24938539551573e-13,0,0,0,0,1,0.673086199299627,0.673086199299627,56.9667435242517,55.375045962969,-1.43081518468094
49.27,0.230682440443656,0.0952910975201648,0.785014507317516,0.000147884397613567,0.000967473431352505,0.027823207982325,79.4569281648006,0.236145691574197,0.0783746195043694,0.00451216357387373,0.0179540203841096,0.772569376398575,-0.025592653426839,-9.5883418612702,-2.05850974727246e-14,-0.0429869122185295,1.24938539551573e-13,0,0,0,0,1,0.673086199299627,0.673086199299627,56.9505780293763,55.3895315783602,-1.42649466737073
49.28,0.230710016437757,0.0952368705641059,0.78528883975364,0.000148416390471992,0.000963093244976518,0.0278273976946153,79.4553647186135,0.236141083807458,0.0783747600466533,0.00451259590465947,0.017899933979077,0.772592916133002,-0.0255928373588253,-9.58794948808268,-2.05850974727246e-14,-0.0429869122185295,1.24938539551573e-13,0,0,0,0,1,0.673086199299627,0.673086199299627,56.9344114330554,55.4040179978138,-1.42216983422845
49.29,0.230737585602998,0.0951825839390549,0.785563200183281,0.000148949769397175,0.000958729558146158,0.0278315850156556,79.4538071041057,0.23613649325311,0.0783748987903374,0.00451302643300781,0.0178457900201673,0.77261635152142,-0.0255930115449522,-9.58755845245305,-2.05850974727246e-14,-0.0429869122185295,1.24938539551573e-13,0,0,0,0,1,0.673086199299627,0.673086199299627,56.9182437336175,55.4185052249897,-1.41784069794034
49.3,0.230765147934878,0.0951282378113849,0.785837588617192,0.000149484532987799,0.000954382384626895,0.0278357699412026,79.4522553250025,0.236131919922122,0.0783750357343482,0.00451345515862921,0.0177915886748711,0.772639682508893,-0.0255931759912921,-9.58716875518168,-2.05850974727246e-14,-0.0429869122185295,1.24938539551573e-13,0,0,0,0,1,0.673086199299627,0.673086199299627,56.902074929375,55.432993263538,-1.41350727119948
49.31,0.230792703428919,0.095073832347613,0.786112005066135,0.000150020679838464,0.000950051738131421,0.0278399524670209,79.4507093850117,0.236127363825413,0.078375170877619,0.00451388208124028,0.0177373301108153,0.772662909040781,-0.0255933307039424,-9.58678039706526,-2.05850974727246e-14,-0.0429869122185295,1.24938539551573e-13,0,0,0,0,1,0.673086199299627,0.673086199299627,56.8859050186236,55.4474821170987,-1.40916956670567
49.32,0.230820252080673,0.0950193677144003,0.786386449540885,0.000150558208539697,0.000945737632319589,0.0278441325888834,79.4491692878234,0.236122824973848,0.0783753042190902,0.00451430720056387,0.0176830144957623,0.772686031062733,-0.0255934756890256,-9.58639337889682,-2.05850974727246e-14,-0.0429869122185295,1.24938539551573e-13,0,0,0,0,1,0.673086199299627,0.673086199299627,56.869733999643,55.4619717893018,-1.40482759716548
49.33,0.230847793885714,0.0949648440785508,0.78666092205223,0.000151097117677945,0.000941440080798363,0.027848310302571,79.4476350371105,0.236118303378243,0.0783754357577094,0.00451473051632903,0.01762864199761,0.772709048520695,-0.0255936109526894,-9.58600770146571,-2.05850974727246e-14,-0.0429869122185295,1.24938539551573e-13,0,0,0,0,1,0.673086199299627,0.673086199299627,56.8535618706966,55.4764622837671,-1.40048137529217
49.34,0.230875328839645,0.0949102616070112,0.786935422610967,0.000151637405835577,0.000937159097121754,0.0278524856038725,79.446106636528,0.23611379904936,0.0783755654924309,0.00451515202827103,0.0175742127843903,0.772731961360904,-0.0255937365011068,-9.58562336555754,-2.05850974727246e-14,-0.0429869122185295,1.24938539551573e-13,0,0,0,0,1,0.673086199299627,0.673086199299627,56.8373886300313,55.4909536041045,-1.39613091380568
49.35,0.230902856938092,0.0948556204668701,0.787209951227908,0.000152179071590886,0.00093289469479078,0.0278566584885851,79.4445840897135,0.236109311997909,0.0783756934222162,0.00451557173613138,0.0175197270242696,0.772754769529892,-0.0255938523404755,-9.5852403719543,-2.05850974727246e-14,-0.0429869122185295,1.24938539551573e-13,0,0,0,0,1,0.673086199299627,0.673086199299627,56.8212142758779,55.5054457539136,-1.39177622543258
49.36,0.230930378176708,0.0948009208253577,0.787484507913875,0.000152722113518083,0.000928646887253399,0.027860828952514,79.4430674002872,0.23610484223455,0.0783758195460338,0.00451598963965781,0.0174651848855475,0.772777472974483,-0.0255939584770185,-9.58485872143427,-2.05850974727246e-14,-0.0429869122185295,1.24938539551573e-13,0,0,0,0,1,0.673086199299627,0.673086199299627,56.8050388064511,55.5199387367841,-1.38741732290606
49.37,0.23095789255117,0.0947461628498452,0.787759092679702,0.000153266530187303,0.000924415687904468,0.0278649969914726,79.4415565718515,0.236100389769889,0.0783759438628593,0.00451640573860429,0.0174105865366567,0.772800071641795,-0.0255940549169849,-9.58447841477206,-2.05850974727246e-14,-0.0429869122185295,1.24938539551573e-13,0,0,0,0,1,0.673086199299627,0.673086199299627,56.7888622199491,55.5344325562953,-1.38305421896587
49.38,0.230985400057183,0.0946913467078442,0.788033705536234,0.0001538123201646,0.00092020111008568,0.0278691626012826,79.4400516079912,0.236095954614482,0.0783760663716752,0.00451682003273107,0.0173559321461622,0.772822565479241,-0.0255941416666472,-9.58409945273857,-2.05850974727246e-14,-0.0429869122185295,1.24938539551573e-13,0,0,0,0,1,0.673086199299627,0.673086199299627,56.7726845145541,55.5489272160166,-1.3786869263583
49.39,0.231012900690477,0.0946364725670062,0.78830834649433,0.00015435948201195,0.000916003167085513,0.0278733257777736,79.4385525122738,0.236091536778831,0.0783761870714713,0.00451723252180463,0.0173012218827609,0.772844954434526,-0.0255942187323046,-9.58372183610104,-2.05850974727246e-14,-0.0429869122185295,1.24938539551573e-13,0,0,0,0,1,0.673086199299627,0.673086199299627,56.756505688432,55.563422719507,-1.37431545783617
49.4,0.231040394446805,0.0945815405951218,0.788583015564857,0.00015490801428725,0.000911821872139182,0.0278774865167838,79.437059288249,0.236087136273389,0.0783763059612441,0.00451764320559771,0.0172464559152807,0.772867238455648,-0.0255942861202806,-9.58334556562301,-2.05850974727246e-14,-0.0429869122185295,1.24938539551573e-13,0,0,0,0,1,0.673086199299627,0.673086199299627,56.7403257397325,55.5779190703155,-1.36993982615877
49.41,0.23106788132195,0.0945265509601208,0.788857712758698,0.000155457915544316,0.000907657238428577,0.0278816448141595,79.4355719394489,0.236082753108553,0.0783764230399976,0.00451805208388936,0.0171916344126805,0.772889417490901,-0.025594343836925,-9.58297064206435,-2.05850974727246e-14,-0.0429869122185295,1.24938539551573e-13,0,0,0,0,1,0.673086199299627,0.673086199299627,56.7241446665893,55.5924162719807,-1.36556004409183
49.42,0.231095361311718,0.0944715038300709,0.789132438086743,0.000156009184332886,0.000903509279082222,0.0278858006657553,79.434090469388,0.236078387294672,0.0783765383067425,0.00451845915646488,0.0171367575440493,0.772911491488872,-0.0255943918886114,-9.58259706618121,-2.05850974727246e-14,-0.0429869122185295,1.24938539551573e-13,0,0,0,0,1,0.673086199299627,0.673086199299627,56.7079624671198,55.6069143280311,-1.36117612440749
49.43,0.231122834411941,0.0944163993731777,0.789407191559897,0.000156561819198619,0.000899378007175213,0.0278899540674339,79.4326148815633,0.236074038842041,0.0783766517604968,0.00451886442311586,0.0170818254786056,0.77293346039844,-0.0255944302817403,-9.58222483872608,-2.05850974727246e-14,-0.0429869122185295,1.24938539551573e-13,0,0,0,0,1,0.673086199299627,0.673086199299627,56.6917791394253,55.6214132419849,-1.35678807988429
49.44,0.231150300618477,0.0943612377577839,0.789681973189075,0.000157115818683093,0.000895263435729172,0.0278941050150667,79.431145179454,0.236069707760901,0.0783767634002856,0.00451926788364018,0.0170268383856971,0.772955324168781,-0.0255944590227358,-9.58185396044777,-2.05850974727246e-14,-0.0429869122185295,1.24938539551573e-13,0,0,0,0,1,0.673086199299627,0.673086199299627,56.6755946815909,55.63591301735,-1.35239592330709
49.45,0.23117775992721,0.0943060191523689,0.789956782985204,0.000157671181323809,0.00089116557771219,0.0278982535045331,79.4296813665218,0.236065394061445,0.0783768732251409,0.00451966953784205,0.0169717964347999,0.772977082749361,-0.0255944781180489,-9.58148443209137,-2.05850974727246e-14,-0.0429869122185295,1.24938539551573e-13,0,0,0,0,1,0.673086199299627,0.673086199299627,56.6594090916859,55.650413657624,-1.3479996674671
49.46,0.23120521233405,0.0942507437255479,0.790231620959221,0.000158227905654186,0.000887084446038778,0.0279023995317211,79.4282234462108,0.236061097753812,0.078376981234102,0.00452006938553195,0.0169166997955181,0.772998736089944,-0.0255944875741548,-9.5811162543983,-2.05850974727246e-14,-0.0429869122185295,1.24938539551573e-13,0,0,0,0,1,0.673086199299627,0.673086199299627,56.6432223677633,55.6649151662943,-1.34359932516178
49.47,0.231232657834931,0.0941954116460719,0.790506487122077,0.000158785990203566,0.000883020053569818,0.0279065430925269,79.4267714219473,0.236056818848087,0.0783770874262153,0.0045204674265267,0.0168615486375832,0.773020284140587,-0.0255944873975546,-9.58074942810632,-2.05850974727246e-14,-0.0429869122185295,1.24938539551573e-13,0,0,0,0,1,0.673086199299627,0.673086199299627,56.6270345078598,55.6794175468378,-1.33919490919487
49.48,0.231260096425814,0.0941400230828268,0.790781381484732,0.000159345433497211,0.00087897241311251,0.0279106841828553,79.4253252971401,0.236052557354307,0.0783771918005342,0.00452086366064944,0.0168063431308535,0.773041726851639,-0.0255944775947741,-9.58038395394943,-2.05850974727246e-14,-0.0429869122185295,1.24938539551573e-13,0,0,0,0,1,0.673086199299627,0.673086199299627,56.6108455099965,55.6939208027212,-1.33478643237632
49.49,0.231287528102687,0.0940845782048328,0.791056304058157,0.000159906234056306,0.000874941537420315,0.0279148227986195,79.4238850751803,0.236048313282452,0.0783772943561193,0.00452125808772963,0.0167510834453135,0.773063064173743,-0.0255944581723652,-9.580019832658,-2.05850974727246e-14,-0.0429869122185295,1.24938539551573e-13,0,0,0,0,1,0.673086199299627,0.673086199299627,56.5946553721782,55.7084249374007,-1.33037390752226
49.5,0.23131495286156,0.0940290771812443,0.791331254853338,0.000160468390397955,0.000870927439192918,0.0279189589357408,79.4224507594413,0.236044086642454,0.0783773950920384,0.00452165070760308,0.0166957697510736,0.77308429605784,-0.0255944291369047,-9.5796570649587,-2.05850974727246e-14,-0.0429869122185295,1.24938539551573e-13,0,0,0,0,1,0.673086199299627,0.673086199299627,56.5784640923937,55.7229299543224,-1.32595734745499
49.51,0.231342370698474,0.0939735201813486,0.791606233881267,0.000161031901035185,0.000866930131076159,0.0279230925901495,79.4210223532788,0.23603987744419,0.0783774940073664,0.00452204152011192,0.0166404022183692,0.773105422455163,-0.0255943904949952,-9.57929565157448,-2.05850974727246e-14,-0.0429869122185295,1.24938539551573e-13,0,0,0,0,1,0.673086199299627,0.673086199299627,56.5622716686159,55.7374358569215,-1.32153676500292
49.52,0.231369781609491,0.0939179073745661,0.791881241152951,0.000161596764476946,0.000862949625661999,0.0279272237577841,79.4195998600309,0.236035685697487,0.0783775911011852,0.00452243052510465,0.0165849810175605,0.773126443317237,-0.025594342253264,-9.57893559322463,-2.05850974727246e-14,-0.0429869122185295,1.24938539551573e-13,0,0,0,0,1,0.673086199299627,0.673086199299627,56.5460780988016,55.7519426486233,-1.31711217300055
49.53,0.231397185590701,0.0938622389304493,0.792156276679408,0.000162162979228109,0.000858985935488462,0.0279313524345917,79.4181832830179,0.236031511412117,0.078377686372584,0.00452281772243613,0.0165295063191315,0.773147358595884,-0.0255942844183646,-9.57857689062473,-2.05850974727246e-14,-0.0429869122185295,1.24938539551573e-13,0,0,0,0,1,0.673086199299627,0.673086199299627,56.5298833808915,55.7664503328423,-1.31268358428845
49.54,0.231424582638219,0.0938065150186824,0.792431340471664,0.000162730543789468,0.000855039073039586,0.0279354786165277,79.4167726255427,0.236027354597802,0.0783777798206592,0.00452320311196756,0.0164739782936899,0.773168168243223,-0.0255942169969752,-9.57821954448669,-2.05850974727246e-14,-0.0429869122185295,1.24938539551573e-13,0,0,0,0,1,0.673086199299627,0.673086199299627,56.5136875128108,55.7809589129828,-1.30825101171321
49.55,0.231451972748188,0.0937507358090808,0.79270643254076,0.000163299456657741,0.000851109050745374,0.0279396022995565,79.4153678908901,0.236023215264212,0.0783778714445142,0.00452358669356654,0.0164183971119662,0.773188872211659,-0.0255941399957999,-9.5778635555187,-2.05850974727246e-14,-0.0429869122185295,1.24938539551573e-13,0,0,0,0,1,0.673086199299627,0.673086199299627,56.4974904924682,55.7954683924383,-1.30381446812741
49.56,0.231479355916773,0.0936949014715903,0.792981552897746,0.00016386971632557,0.000847195880981743,0.0279437234796507,79.4139690823274,0.236019093420962,0.0783779612432598,0.00452396846710702,0.0163627629448134,0.7732094704539,-0.0255940534215686,-9.57750892442526,-2.05850974727246e-14,-0.0429869122185295,1.24938539551573e-13,0,0,0,0,1,0.673086199299627,0.673086199299627,56.4812923177568,55.8099787745921,-1.2993739663896
49.57,0.231506732140167,0.0936390121762868,0.793256701553682,0.00016444132128152,0.000843299576070478,0.0279478421527916,79.4125762031042,0.236014989077617,0.0783780492160138,0.00452434843246935,0.0163070759632061,0.773229962922943,-0.0255939572810355,-9.57715565190721,-2.05850974727246e-14,-0.0429869122185295,1.24938539551573e-13,0,0,0,0,1,0.673086199299627,0.673086199299627,56.4650929865538,55.8244900628168,-1.29492951936426
49.58,0.23153410141459,0.0935830680933759,0.793531878519642,0.000165014270010081,0.000839420148279181,0.0279519583149692,79.4111892564523,0.23601090224369,0.0783781353619012,0.00452472658954025,0.0162513363382404,0.773250349572084,-0.0255938515809812,-9.57680373866166,-2.05850974727246e-14,-0.0429869122185295,1.24938539551573e-13,0,0,0,0,1,0.673086199299627,0.673086199299627,56.4488924967204,55.8390022604747,-1.29048113992175
49.59,0.231561463736285,0.0935270693931917,0.793807083806709,0.000165588560991668,0.000835557609821219,0.0279560719621822,79.4098082455858,0.236006832928638,0.0783782196800542,0.00452510293821287,0.0161955442411328,0.773270630354908,-0.0255937363282115,-9.57645318538203,-2.05850974727246e-14,-0.0429869122185295,1.24938539551573e-13,0,0,0,0,1,0.673086199299627,0.673086199299627,56.4326908461018,55.8535153709172,-1.28602884093832
49.6,0.231588819101524,0.0934710162461971,0.794082317425976,0.000166164192702622,0.000831711972855679,0.0279601830904377,79.4084331737012,0.236002781141871,0.0783783021696124,0.00452547747838673,0.0161396998432203,0.7732908052253,-0.0255936115295583,-9.57610399275807,-2.05850974727246e-14,-0.0429869122185295,1.24938539551573e-13,0,0,0,0,1,0.673086199299627,0.673086199299627,56.4164880325276,55.8680293974855,-1.28157263529604
49.61,0.2316161675066,0.0934149088229825,0.794357579388549,0.000166741163615212,0.000827883249487322,0.0279642916957518,79.4070640439771,0.235998746892742,0.0783783828297223,0.00452585020996776,0.0160838033159592,0.773310874137437,-0.0255934771918775,-9.57575616147581,-2.05850974727246e-14,-0.0429869122185295,1.24938539551573e-13,0,0,0,0,1,0.673086199299627,0.673086199299627,56.4002840538114,55.8825443435099,-1.27711253588278
49.62,0.231643508947837,0.0933587472942656,0.794632869705543,0.00016731947219763,0.000824071451766528,0.027968397774149,79.4057008595743,0.235994730190554,0.0783784616595379,0.00452622113286834,0.0160278548309247,0.773330837045791,-0.0255933333220521,-9.5754096922176,-2.05850974727246e-14,-0.0429869122185295,1.24938539551573e-13,0,0,0,0,1,0.673086199299627,0.673086199299627,56.3840789077511,55.8970602123104,-1.27264855559217
49.63,0.231670843421583,0.093302531830891,0.794908188388086,0.000167899116914001,0.000820276591689252,0.0279725013216627,79.404343623636,0.235990731044557,0.0783785386582201,0.00452659024700723,0.0159718545598108,0.773350693905127,-0.0255931799269896,-9.5750645856621,-2.05850974727246e-14,-0.0429869122185295,1.24938539551573e-13,0,0,0,0,1,0.673086199299627,0.673086199299627,56.3678725921285,55.911577007196,-1.2681807073236
49.64,0.23169817092421,0.0932462626038292,0.795183535447315,0.000168480096224374,0.000816498681196977,0.0279766023343351,79.4029923392876,0.235986749463948,0.0783786138249372,0.00452695755230963,0.015915802674429,0.773370444670509,-0.0255930170136238,-9.57472084248424,-2.05850974727246e-14,-0.0429869122185295,1.24938539551573e-13,0,0,0,0,1,0.673086199299627,0.673086199299627,56.35166510471,55.9260947314653,-1.26370900398214
49.65,0.231725491452117,0.0931899397841764,0.795458910894377,0.00016906240858473,0.000812737732176666,0.027980700808217,79.4016470096367,0.235982785457873,0.0783786871588649,0.0045273230487072,0.0158596993467084,0.773390089297292,-0.0255928445889134,-9.57437846335531,-2.05850974727246e-14,-0.0429869122185295,1.24938539551573e-13,0,0,0,0,1,0.673086199299627,0.673086199299627,56.3354564432459,55.9406133884063,-1.25923345847856
49.66,0.231752805001731,0.0931335635431539,0.795734314740433,0.000169646052446978,0.000808993756460713,0.0279847967393681,79.4003076377731,0.235978839035423,0.0783787586591858,0.00452768673613799,0.0158035447486947,0.773409627741125,-0.0255926626598433,-9.57403744894283,-2.05850974727246e-14,-0.0429869122185295,1.24938539551573e-13,0,0,0,0,1,0.673086199299627,0.673086199299627,56.3192466054708,55.9551329812962,-1.25475408372923
49.67,0.231780111569502,0.0930771340521074,0.79600974699665,0.00017023102625896,0.000805266765826899,0.0279888901238569,79.3989742267689,0.235974910205638,0.0783788283250899,0.00452804861454655,0.0157473390525499,0.773429059957958,-0.0255924712334232,-9.5736977999107,-2.05850974727246e-14,-0.0429869122185295,1.24938539551573e-13,0,0,0,0,1,0.673086199299627,0.673086199299627,56.3030355891036,55.9696535134015,-1.25027089265616
49.68,0.231807411151906,0.0930206514825064,0.796285207674211,0.000170817328464449,0.00080155677199834,0.0279929809577608,79.3976467796783,0.235970998977506,0.0783788961557746,0.00452840868388383,0.0156910824305514,0.773448385904027,-0.0255922703166889,-9.57335951691907,-2.05850974727246e-14,-0.0429869122185295,1.24938539551573e-13,0,0,0,0,1,0.673086199299627,0.673086199299627,56.2868233918476,55.984174987978,-1.24578389818693
49.69,0.231834703745446,0.092964116005944,0.796560696784304,0.000171404957503148,0.000797863786643448,0.0279970692371658,79.3963252995379,0.235967105359962,0.0783789621504443,0.00452876694410728,0.0156347750550917,0.773467605535872,-0.0255920599167021,-9.57302260062442,-2.05850974727246e-14,-0.0429869122185295,1.24938539551573e-13,0,0,0,0,1,0.673086199299627,0.673086199299627,56.2706100113901,55.9986974082708,-1.24129311325465
49.7,0.231861989346651,0.092907527794136,0.796836214338132,0.000171993911810698,0.000794187821375872,0.028001154958167,79.3950097893663,0.235963229361887,0.0783790263083109,0.0045291233951808,0.0155784170986781,0.773486718810323,-0.0255918400405491,-9.57268705167954,-2.05850974727246e-14,-0.0429869122185295,1.24938539551573e-13,0,0,0,0,1,0.673086199299627,0.673086199299627,56.254395445403,56.0132207775142,-1.23679855079794
49.71,0.231889267952076,0.0928508870189203,0.797111760346906,0.000172584189818671,0.000790528887754469,0.0280052381168684,79.3937002521644,0.235959370992112,0.0783790886285932,0.00452947803707474,0.0155220087339314,0.773505725684501,-0.0255916106953427,-9.57235287073346,-2.05850974727246e-14,-0.0429869122185295,1.24938539551573e-13,0,0,0,0,1,0.673086199299627,0.673086199299627,56.2381796915422,56.0277450989317,-1.23230022376092
49.72,0.2319165395583,0.0927941938522567,0.797387334821849,0.000173175789954577,0.000786886997283246,0.0280093187093827,79.3923966909153,0.235955530259412,0.0783791491105177,0.00452983086976596,0.0154655501335861,0.773524626115832,-0.0255913718882213,-9.5720200584316,-2.05850974727246e-14,-0.0429869122185295,1.24938539551573e-13,0,0,0,0,1,0.673086199299627,0.673086199299627,56.2219627474481,56.0422703757361,-1.22779814509315
49.73,0.231943804161929,0.092737448466226,0.797662937774193,0.000173768710641859,0.000783262161411314,0.0280133967318317,79.3910991085841,0.235951707172514,0.078379207753318,0.00453018189323777,0.0154090414704891,0.773543420062029,-0.0255911236263484,-9.57168861541562,-2.05850974727246e-14,-0.0429869122185295,1.24938539551573e-13,0,0,0,0,1,0.673086199299627,0.673086199299627,56.2057446107456,56.0567966111294,-1.22329232774959
49.74,0.231971061759595,0.0926806510330296,0.797938569215182,0.000174362950299902,0.000779654391532848,0.0280174721803462,79.3898075081185,0.235947901740087,0.0783792645562349,0.00453053110747999,0.0153524829175998,0.773562107481103,-0.0255908659169134,-9.57135854232351,-2.05850974727246e-14,-0.0429869122185295,1.24938539551573e-13,0,0,0,0,1,0.673086199299627,0.673086199299627,56.1895252790438,56.0713238083028,-1.21878278469058
49.75,0.231998312347956,0.0926238017249889,0.798214229156068,0.000174958507344027,0.000776063698987039,0.0280215450510659,79.3885218924478,0.235944113970751,0.0783793195185165,0.00453087851248892,0.0152958746479893,0.773580688331361,-0.0255905987671314,-9.57102983978955,-2.05850974727246e-14,-0.0429869122185295,1.24938539551573e-13,0,0,0,0,1,0.673086199299627,0.673086199299627,56.173304749936,56.0858519704364,-1.21426952888184
49.76,0.232025555923697,0.0925669007145447,0.798489917608117,0.000175555380185495,0.000772490095058049,0.0280256153401394,79.387242264484,0.235940343873073,0.0783793726394184,0.00453122410826736,0.0152392168348396,0.773599162571403,-0.0255903221842436,-9.57070250844433,-2.05850974727246e-14,-0.0429869122185295,1.24938539551573e-13,0,0,0,0,1,0.673086199299627,0.673086199299627,56.1570830210004,56.1003811006998,-1.20975257329437
49.77,0.232052792483525,0.0925099481742567,0.798765634582601,0.000176153567231508,0.000768933590974969,0.0280296830437245,79.3859686271209,0.235936591455566,0.0783794239182033,0.00453156789482461,0.0151825096514432,0.773617530160123,-0.0255900361755157,-9.57037654891471,-2.05850974727246e-14,-0.0429869122185295,1.24938539551573e-13,0,0,0,0,1,0.673086199299627,0.673086199299627,56.140860089799,56.1149112022515,-1.20523193090449
49.78,0.232080022024177,0.092452944276803,0.799041380090804,0.00017675306688521,0.000765394197911769,0.0280337481579879,79.3847009832347,0.235932856726691,0.0783794733541412,0.0045319098721765,0.0151257532712026,0.773635791056715,-0.0255897407482404,-9.57005196182388,-2.05850974727246e-14,-0.0429869122185295,1.24938539551573e-13,0,0,0,0,1,0.673086199299627,0.673086199299627,56.1246359538788,56.1294422782391,-1.20070761469374
49.79,0.232107244542414,0.0923958891949792,0.799317154144023,0.000177353877545691,0.000761871926987257,0.0280378106791053,79.3834393356835,0.235929139694855,0.0783795209465096,0.00453225004034534,0.0150689478676298,0.773653945220665,-0.0255894359097354,-9.56972874779136,-2.05850974727246e-14,-0.0429869122185295,1.24938539551573e-13,0,0,0,0,1,0.673086199299627,0.673086199299627,56.1084106107709,56.1439743317994,-1.19617963764892
49.8,0.232134460035024,0.0923387831016984,0.799592956753561,0.000177955997607982,0.000758366789265037,0.0280418706032617,79.3821836873078,0.235925440368415,0.0783795666945931,0.00453258839936,0.0150120936143453,0.773671992611753,-0.0255891216673437,-9.56940690743288,-2.05850974727246e-14,-0.0429869122185295,1.24938539551573e-13,0,0,0,0,1,0.673086199299627,0.673086199299627,56.092184057991,56.1585073660582,-1.19164801276199
49.81,0.232161668498818,0.0922816261699901,0.799868787930733,0.000178559425463063,0.000754878795753456,0.028045927926651,79.38093404093,0.235921758755672,0.0783796105976838,0.00453292494925584,0.0149551906850781,0.773689933190059,-0.0255887980284351,-9.56908644136056,-2.05850974727246e-14,-0.0429869122185295,1.24938539551573e-13,0,0,0,0,1,0.673086199299627,0.673086199299627,56.0759562930392,56.1730413841304,-1.18711275303007
49.82,0.232188869930637,0.0922244185729999,0.800144647686864,0.000179164159497859,0.000751407957405574,0.0280499826454762,79.3796903993548,0.235918094864877,0.0783796526550809,0.00453325969007478,0.0148982392536647,0.773707766915951,-0.0255884650004045,-9.56876735018278,-2.05850974727246e-14,-0.0429869122185295,1.24938539551573e-13,0,0,0,0,1,0.673086199299627,0.673086199299627,56.0597273134003,56.1875763891199,-1.18257387145541
49.83,0.232216064327345,0.0921671604839891,0.80042053603329,0.000179770198095244,0.000747954285119111,0.0280540347559497,79.3784527653691,0.235914448704227,0.0783796928660913,0.00453359262186525,0.0148412394940489,0.7737254937501,-0.0255881225906724,-9.56844963450422,-2.05850974727246e-14,-0.0429869122185295,1.24938539551573e-13,0,0,0,0,1,0.673086199299627,0.673086199299627,56.0434971165433,56.2021123841195,-1.17803138104536
49.84,0.232243251685832,0.0921098520763336,0.800696452981354,0.000180377539634045,0.000744517789736403,0.0280580842542927,79.3772211417416,0.235910820281865,0.0783797312300288,0.00453392374468224,0.0147841915802806,0.773743113653467,-0.0255877708066851,-9.56813329492585,-2.05850974727246e-14,-0.0429869122185295,1.24938539551573e-13,0,0,0,0,1,0.673086199299627,0.673086199299627,56.027265699922,56.2166493722113,-1.17348529481233
49.85,0.232270432003017,0.0920524935235238,0.800972398542413,0.000180986182489037,0.000741098482044369,0.0280621311367358,79.3759955312234,0.235907209605883,0.0783797677462149,0.00453425305858729,0.014727095686516,0.773760626587311,-0.0255874096559146,-9.56781833204496,-2.05850974727246e-14,-0.0429869122185295,1.24938539551573e-13,0,0,0,0,1,0.673086199299627,0.673086199299627,56.0110330609747,56.231187356466,-1.16893562577373
49.86,0.23229760527584,0.0919950849991639,0.801248372727831,0.00018159612503095,0.000737696372774454,0.0280661753995186,79.3747759365476,0.23590361668432,0.0783798024139782,0.00453458056364848,0.0146699519870168,0.773778032513185,-0.0255870391458593,-9.56750474645513,-2.05850974727246e-14,-0.0429869122185295,1.24938539551573e-13,0,0,0,0,1,0.673086199299627,0.673086199299627,55.9947991971242,56.2457263399436,-1.16438238695202
49.87,0.232324771501271,0.0919376266769715,0.801524375548983,0.000182207365626468,0.000734311472602596,0.0280702170388903,79.3735623604294,0.23590004152516,0.0783798352326548,0.00453490625994044,0.0146127606561488,0.773795331392937,-0.0255866592840422,-9.56719253874623,-2.05850974727246e-14,-0.0429869122185295,1.24938539551573e-13,0,0,0,0,1,0.673086199299627,0.673086199299627,55.9785641057779,56.2602663256928,-1.15982559137456
49.88,0.232351930676303,0.0918801187307765,0.801800407017255,0.000182819902638231,0.000730943792149185,0.0280742560511089,79.3723548055663,0.235896484136337,0.0783798662015882,0.00453523014754438,0.0145555218683829,0.773812523188713,-0.0255862700780137,-9.56688170950446,-2.05850974727246e-14,-0.0429869122185295,1.24938539551573e-13,0,0,0,0,1,0.673086199299627,0.673086199299627,55.9623277843279,56.2748073167514,-1.15526525207371
49.89,0.232379082797958,0.0918225613345212,0.802076467144039,0.000183433734424837,0.000727593341979013,0.0280782924324419,79.3711532746376,0.235892944525731,0.0783798953201291,0.00453555222654808,0.0144982357982929,0.773829607862952,-0.0255858715353479,-9.56657225931227,-2.05850974727246e-14,-0.0429869122185295,1.24938539551573e-13,0,0,0,0,1,0.673086199299627,0.673086199299627,55.9460902301508,56.289349316146,-1.15070138208667
49.9,0.232406227863281,0.0917649546622593,0.802352555940742,0.000184048859340843,0.00072426013260124,0.028082326179166,79.3699577703048,0.235889422701167,0.0783799225876357,0.00453587249704587,0.0144409026205562,0.773846585378389,-0.0255854636636461,-9.56626418874845,-2.05850974727246e-14,-0.0429869122185295,1.24938539551573e-13,0,0,0,0,1,0.673086199299627,0.673086199299627,55.9298514406079,56.3038923268921,-1.14613399445554
49.91,0.232433365869345,0.0917072988881555,0.802628673418776,0.000184665275736767,0.000720944174469346,0.0280863572875672,79.3687682952116,0.235885918670421,0.0783799480034734,0.00453619095913867,0.0143835225099524,0.773863455698053,-0.0255850464705352,-9.56595749838804,-2.05850974727246e-14,-0.0429869122185295,1.24938539551573e-13,0,0,0,0,1,0.673086199299627,0.673086199299627,55.9136114130451,56.3184363519941,-1.14156310222726
49.92,0.232460496813247,0.0916495941864847,0.802904819589567,0.000185282981959091,0.000717645477981096,0.0280903857539407,79.3675848519836,0.235882432441214,0.0783799715670153,0.00453650761293399,0.0143260956413631,0.773880218785273,-0.0255846199636675,-9.56565218880245,-2.05850974727246e-14,-0.0429869122185295,1.24938539551573e-13,0,0,0,0,1,0.673086199299627,0.673086199299627,55.8973701447931,56.3329813944453,-1.13698871845356
49.93,0.232487620692112,0.091591840731632,0.803180994464547,0.000185901976350258,0.000714364053478496,0.0280944115745913,79.3664074432287,0.235878964021212,0.0783799932776416,0.00453682245854591,0.0142686221897713,0.77389687460367,-0.0255841841507219,-9.56534826055931,-2.05850974727246e-14,-0.0429869122185295,1.24938539551573e-13,0,0,0,0,1,0.673086199299627,0.673086199299627,55.8811276331672,56.3475274572277,-1.13241085619094
49.94,0.232514737503088,0.0915340386980914,0.80345719805516,0.00018652225724868,0.000711099911247747,0.028098434745833,79.3652360715365,0.235875513418032,0.0783800131347399,0.00453713549609511,0.0142111023302607,0.773913423117159,-0.0255837390394019,-9.56504571422261,-2.05850974727246e-14,-0.0429869122185295,1.24938539551573e-13,0,0,0,0,1,0.673086199299627,0.673086199299627,55.8648838754674,56.3620745433124,-1.12782952850065
49.95,0.232541847243353,0.0914761882604656,0.803733430372859,0.000187143822988737,0.000707853061519212,0.0281024552639891,79.3640707394792,0.235872080639235,0.0783800311377053,0.00453744672570886,0.0141535362380153,0.773929864289955,-0.0255832846374375,-9.56474455035261,-2.05850974727246e-14,-0.0429869122185295,1.24938539551573e-13,0,0,0,0,1,0.673086199299627,0.673086199299627,55.8486388689785,56.376622655659,-1.12324474844865
49.96,0.232568949910108,0.0914182895934657,0.804009691429105,0.000187766671900776,0.000704623514467371,0.0281064731253924,79.3629114496105,0.23586866569233,0.0783800472859404,0.00453775614752105,0.0140959240883184,0.773946198086564,-0.0255828209525851,-9.56444476950585,-2.05850974727246e-14,-0.0429869122185295,1.24938539551573e-13,0,0,0,0,1,0.673086199299627,0.673086199299627,55.8323926109699,56.3911717972159,-1.11865652910555
49.97,0.23259604550058,0.09136034287191,0.804285981235372,0.000188390802311119,0.000701411280210787,0.028110488326385,79.3617582044666,0.235865268584774,0.0783800615788549,0.00453806376167215,0.0140382660565528,0.773962424471791,-0.0255823479926254,-9.56414637223519,-2.05850974727246e-14,-0.0429869122185295,1.24938539551573e-13,0,0,0,0,1,0.673086199299627,0.673086199299627,55.8161450986959,56.4057219709206,-1.11406488354664
49.98,0.232623134012023,0.0913023482707239,0.80456229980314,0.000189016212542058,0.000698216368812057,0.0281145008633186,79.3606110065656,0.235861889323969,0.0783800740158661,0.00453836956830926,0.0139805623181994,0.773978543410734,-0.0255818657653665,-9.56384935908979,-2.05850974727246e-14,-0.0429869122185295,1.24938539551573e-13,0,0,0,0,1,0.673086199299627,0.673086199299627,55.7998963293956,56.420273179699,-1.10946982485179
49.99,0.232650215441716,0.0912443059649393,0.8048386471439,0.000189642900911864,0.000695038790277778,0.0281185107325541,79.3594698584075,0.235858527917266,0.0783800845963987,0.00453867356758607,0.0139228130488372,0.77399455486879,-0.0255813742786409,-9.5635537306151,-2.05850974727246e-14,-0.0429869122185295,1.24938539551573e-13,0,0,0,0,1,0.673086199299627,0.673086199299627,55.7836463002927,56.4348254264659,-1.10487136610547
50,0.232677289786965,0.0911862161296937,0.805115023269153,0.000190270865734781,0.000691878554558505,0.0281225179304622,79.3583347624745,0.235855184371961,0.0783800933198848,0.00453897575966293,0.0138650184241424,0.774010458811647,-0.0255808735403087,-9.56325948735286,-2.05850974727246e-14,-0.0429869122185295,1.24938539551573e-13,0,0,0,0,1,0.673086199299627,0.673086199299627,55.767395008596,56.4493787141247,-1.10026952039669
50.01,0.232704357045101,0.09112807894023,0.805391428190408,0.000190900105321035,0.000688735671548717,0.0281265224534228,79.3572057212308,0.235851858695299,0.0783801001857639,0.00453927614470676,0.0138071786198879,0.774026255205291,-0.0255803635582542,-9.56296662984112,-2.05850974727246e-14,-0.0429869122185295,1.24938539551573e-13,0,0,0,0,1,0.673086199299627,0.673086199299627,55.7511424514988,56.4639330455677,-1.09566430081898
50.02,0.232731417213481,0.0910698945718957,0.805667861919184,0.000191530617976835,0.000685610151086772,0.0281305242978254,79.3560827371228,0.235848550894469,0.078380105193483,0.00453957472289116,0.0137492938119428,0.774041944016004,-0.0255798443403884,-9.5626751586142,-2.05850974727246e-14,-0.0429869122185295,1.24938539551573e-13,0,0,0,0,1,0.673086199299627,0.673086199299627,55.7348886261795,56.4784884236757,-1.09105572047033
50.03,0.232758470289489,0.0910116632001424,0.80594432446701,0.000192162402004368,0.000682502002954869,0.0281345234600691,79.3549658125786,0.23584526097661,0.0783801083424964,0.00453987149439632,0.0136913641762719,0.774057525210364,-0.0255793158946475,-9.56238507420277,-2.05850974727246e-14,-0.0429869122185295,1.24938539551573e-13,0,0,0,0,1,0.673086199299627,0.673086199299627,55.7186335298014,56.4930448513183,-1.08644379245322
50.04,0.232785516270533,0.0909533850005252,0.806220815845423,0.000192795455701812,0.000679411236879015,0.0281385199365625,79.3538549500087,0.235841988948806,0.0783801096322659,0.00454016645940909,0.0136333898889346,0.774072998755243,-0.0255787782289946,-9.56209637713373,-2.05850974727246e-14,-0.0429869122185295,1.24938539551573e-13,0,0,0,0,1,0.673086199299627,0.673086199299627,55.7023771595124,56.5076023313536,-1.08182852987452
50.05,0.232812555154049,0.0908950601487024,0.806497336065971,0.000193429777363329,0.000676337862528977,0.0281425137237236,79.3527501518052,0.235838734818089,0.0783801090622607,0.00454045961812296,0.0135753711260852,0.774088364617811,-0.0255782313514181,-9.56180906793034,-2.05850974727246e-14,-0.0429869122185295,1.24938539551573e-13,0,0,0,0,1,0.673086199299627,0.673086199299627,55.6861195124456,56.5221608666284,-1.07720994584549
50.06,0.232839586937498,0.0908366888204342,0.806773885140208,0.000194065365279071,0.000673281889518255,0.0281465048179802,79.3516514203426,0.235835498591437,0.0783801066319575,0.00454075097073805,0.0135173080639714,0.774103622765528,-0.0255776752699316,-9.5615231471121,-2.05850974727246e-14,-0.0429869122185295,1.24938539551573e-13,0,0,0,0,1,0.673086199299627,0.673086199299627,55.6698605857188,56.5367204599782,-1.07258805348177
50.07,0.232866611618366,0.0907782711915831,0.807050463079701,0.000194702217735185,0.000670243327404034,0.0281504932157697,79.3505587579773,0.235832280275776,0.0783801023408405,0.00454104051746115,0.0134592008789345,0.774118773166158,-0.0255771099925758,-9.56123861519485,-2.05850974727246e-14,-0.0429869122185295,1.24938539551573e-13,0,0,0,0,1,0.673086199299627,0.673086199299627,55.653600376435,56.551281114227,-1.06796286590328
50.08,0.232893629194166,0.0907198074381123,0.807327069896023,0.000195340333013807,0.000667222185687157,0.028154478913539,79.3494721670475,0.235829079877976,0.0783800961884011,0.00454132825850568,0.0134010497474081,0.774133815787754,-0.0255765355274165,-9.5609554726907,-2.05850974727246e-14,-0.0429869122185295,1.24938539551573e-13,0,0,0,0,1,0.673086199299627,0.673086199299627,55.6373388816818,56.5658428321874,-1.06333439623426
50.09,0.232920639662438,0.0906612977360862,0.807603705600758,0.000195979709393074,0.000664218473812075,0.0281584619077446,79.3483916498737,0.235825897404857,0.0783800881741385,0.00454161419409172,0.0133428548459182,0.774148750598666,-0.0255759518825453,-9.56067372010805,-2.05850974727246e-14,-0.0429869122185295,1.24938539551573e-13,0,0,0,0,1,0.673086199299627,0.673086199299627,55.6210760985322,56.5804056166605,-1.05870265760321
50.1,0.232947643020745,0.0906027422616688,0.807880370205499,0.00019662034514712,0.000661232201166822,0.0281624421948529,79.3473172087583,0.235822732863185,0.078380078297559,0.00454189832444604,0.0132846163510822,0.774163577567543,-0.0255753590660803,-9.56039335795164,-2.05850974727246e-14,-0.0429869122185295,1.24938539551573e-13,0,0,0,0,1,0.673086199299627,0.673086199299627,55.6048120240438,56.594969470436,-1.05406766314285
50.11,0.232974639266679,0.0905441411911239,0.808157063721846,0.000197262238546078,0.000658263377082972,0.0281664197713397,79.3462488459857,0.235819586259673,0.0783800665581766,0.00454218064980203,0.0132263344396084,0.774178296663325,-0.0255747570861651,-9.56011438672246,-2.05850974727246e-14,-0.0429869122185295,1.24938539551573e-13,0,0,0,0,1,0.673086199299627,0.673086199299627,55.5885466552594,56.6095343962923,-1.0494294259901
50.12,0.233001628397855,0.090485494700814,0.80843378616141,0.000197905387856087,0.000655312010835604,0.0281703946336907,79.3451865638223,0.235816457600979,0.0783800529555127,0.00454246117039979,0.0131680092882953,0.774192907855252,-0.0255741459509692,-9.55983680691782,-2.05850974727246e-14,-0.0429869122185295,1.24938539551573e-13,0,0,0,0,1,0.673086199299627,0.673086199299627,55.5722799892069,56.624100396996,-1.04478795928602
50.13,0.233028610411917,0.0904268029672002,0.80871053753581,0.00019854979133929,0.000652378111643265,0.0281743667784011,79.3441303645163,0.235813346893709,0.0783800374890962,0.00454273988648606,0.0131096410740315,0.774207411112857,-0.0255735256686879,-9.55956061903133,-2.05850974727246e-14,-0.0429869122185295,1.24938539551573e-13,0,0,0,0,1,0.673086199299627,0.673086199299627,55.556012022899,56.6386674753024,-1.04014327617583
50.14,0.233055585306533,0.0903680661668409,0.808987317856674,0.00019919544725384,0.000649461688667932,0.0281783362019761,79.3430802502982,0.235810254144417,0.0783800201584633,0.00454301679831427,0.0130512299737943,0.774221806405968,-0.0255728962475427,-9.55928582355286,-2.05850974727246e-14,-0.0429869122185295,1.24938539551573e-13,0,0,0,0,1,0.673086199299627,0.673086199299627,55.5397427533338,56.6532356339553,-1.03549538980884
50.15,0.233082553079398,0.0903092844763923,0.80926412713564,0.000199842353853898,0.00064656275101498,0.0281823029009304,79.3420362233804,0.235807179359601,0.0783800009631579,0.00454329190614455,0.0129927761646502,0.774236093704711,-0.0255722576957807,-9.55901242096862,-2.05850974727246e-14,-0.0429869122185295,1.24938539551573e-13,0,0,0,0,1,0.673086199299627,0.673086199299627,55.5234721774942,56.6678048756867,-1.03084431333842
50.16,0.23310951372823,0.0902504580726066,0.809540965384352,0.000200490509389641,0.000643681307733145,0.0281862668717887,79.3409982859572,0.23580412254571,0.0783799799027313,0.00454356521024366,0.012934279823753,0.774250272979505,-0.0255716100216749,-9.55874041176109,-2.05850974727246e-14,-0.0429869122185295,1.24938539551573e-13,0,0,0,0,1,0.673086199299627,0.673086199299627,55.5072002923483,56.6823752032174,-1.02619005992198
50.17,0.233136467250778,0.0901915871323324,0.809817832614467,0.000201139912107258,0.000640817367814489,0.0281902281110853,79.3399664402048,0.235801083709134,0.0783799569767423,0.00454383671088511,0.0128757411283445,0.774264344201068,-0.0255709532335248,-9.55846979640907,-2.05850974727246e-14,-0.0429869122185295,1.24938539551573e-13,0,0,0,0,1,0.673086199299627,0.673086199299627,55.4909270948493,56.6969466192563,-1.02153264272093
50.18,0.233163413644812,0.0901326718325136,0.810094728837646,0.000201790560248959,0.000637970940194361,0.0281941866153644,79.3389406882816,0.235798062856215,0.078379932184757,0.00454410640834905,0.0128171602557531,0.774278307340411,-0.0255702873396549,-9.55820057538764,-2.05850974727246e-14,-0.0429869122185295,1.24938539551573e-13,0,0,0,0,1,0.673086199299627,0.673086199299627,55.4746525819357,56.7115191265011,-1.01687207490066
50.19,0.233190352908131,0.090073712350189,0.810371654065561,0.000202442452052974,0.00063514203375137,0.0281981423811799,79.3379210323278,0.235795059993239,0.0783799055263492,0.00454437430292236,0.0127585373833934,0.774292162368841,-0.0255696123484162,-9.55793274916816,-2.05850974727246e-14,-0.0429869122185295,1.24938539551573e-13,0,0,0,0,1,0.673086199299627,0.673086199299627,55.4583767505308,56.7260927276374,-1.01220836963048
50.2,0.23321728503856,0.0900147088624916,0.810648608309894,0.000203095585753556,0.000632330657307343,0.0282020954050958,79.3369074744656,0.23579207512644,0.0783798770011001,0.00454464039489859,0.0126998726887657,0.774305909257961,-0.0255689282681858,-9.55766631821832,-2.05850974727246e-14,-0.0429869122185295,1.24938539551573e-13,0,0,0,0,1,0.673086199299627,0.673086199299627,55.4420995975435,56.7406674253396,-1.00754154008363
50.21,0.233244210033947,0.0899556615466482,0.810925591582333,0.000203749959580983,0.000629536819627295,0.0282060456836857,79.3359000167993,0.235789108261996,0.0783798466085985,0.004544904684578,0.0126411663494554,0.774319547979671,-0.0255682351073658,-9.55740128300209,-2.05850974727246e-14,-0.0429869122185295,1.24938539551573e-13,0,0,0,0,1,0.673086199299627,0.673086199299627,55.4258211198676,56.7552432222702,-1.00287159943722
50.22,0.233271127892168,0.0898965705799787,0.811202603894577,0.000204405571761564,0.000626760529419391,0.0282099932135332,79.3348986614149,0.235786159406035,0.0783798143484406,0.00454516717226758,0.0125824185431324,0.774333078506164,-0.0255675328743851,-9.55713764397972,-2.05850974727246e-14,-0.0429869122185295,1.24938539551573e-13,0,0,0,0,1,0.673086199299627,0.673086199299627,55.4095413143823,56.7698201210803,-0.998198560872175
50.23,0.233298038611127,0.0898374361398955,0.811479645258331,0.000205062420517638,0.000624001795334914,0.0282139379912318,79.3339034103806,0.235783228564631,0.0783797802202301,0.00454542785828098,0.0125236294475506,0.77434650080993,-0.0255668215776983,-9.55687540160779,-2.05850974727246e-14,-0.0429869122185295,1.24938539551573e-13,0,0,0,0,1,0.673086199299627,0.673086199299627,55.3932601779518,56.784398124409,-0.99352243757327
50.24,0.233324942188749,0.0897782584039029,0.81175671568531,0.000205720504067577,0.000621260625968237,0.0282178800133849,79.3329142657465,0.235780315743803,0.0783797442235782,0.00454568674293861,0.012464799240547,0.774359814863757,-0.0255661012257857,-9.55661455633916,-2.05850974727246e-14,-0.0429869122185295,1.24938539551573e-13,0,0,0,0,1,0.673086199299627,0.673086199299627,55.3769777074257,56.7989772348839,-0.988843242729039
50.25,0.233351838622989,0.0897190375495967,0.812033815187237,0.000206379820625792,0.000618537029856777,0.0282218192766057,79.3319312295445,0.235777420949518,0.0783797063581036,0.00454594382656755,0.0124059281000415,0.774373020640723,-0.0255653718271536,-9.55635510862299,-2.05850974727246e-14,-0.0429869122185295,1.24938539551573e-13,0,0,0,0,1,0.673086199299627,0.673086199299627,55.3606938996389,56.813557455121,-0.984160989531765
50.26,0.233378727911827,0.0896597737546633,0.812310943775844,0.000207040368402733,0.000615831015480976,0.0282257557775176,79.3309543037886,0.23577454418769,0.0783796666234326,0.00454619910950163,0.0123470162040362,0.774386118114206,-0.0255646333903343,-9.55609705890472,-2.05850974727246e-14,-0.0429869122185295,1.24938539551573e-13,0,0,0,0,1,0.673086199299627,0.673086199299627,55.3444087514115,56.8281387877244,-0.979475691177447
50.27,0.233405610053267,0.0896004671968795,0.812588101462872,0.000207702145604892,0.000613142591264261,0.0282296895127539,79.3299834904747,0.235771685464178,0.078379625019199,0.00454645259208138,0.0122880637306145,0.774399107257879,-0.0255638859238865,-9.55584040762611,-2.05850974727246e-14,-0.0429869122185295,1.24938539551573e-13,0,0,0,0,1,0.673086199299627,0.673086199299627,55.3281222595491,56.8427212352864,-0.974787360865771
50.28,0.233432485045342,0.0895411180541116,0.812865288260067,0.000208365150434806,0.000610471765573005,0.0282336204789576,79.3290187915808,0.235768844784789,0.078379581545044,0.00454670427465407,0.0122290708579411,0.77441198804571,-0.0255631294363935,-9.5555851552252,-2.05850974727246e-14,-0.0429869122185295,1.24938539551573e-13,0,0,0,0,1,0.673086199299627,0.673086199299627,55.3118344208422,56.8573048003878,-0.970096011800067
50.29,0.233459352886108,0.089481726504315,0.813142504179187,0.000209029381091062,0.000607818546716509,0.0282375486727822,79.3280602090665,0.235766022155277,0.0783795362006164,0.00454695415757368,0.0121700377642608,0.774424760451963,-0.0255623639364661,-9.55533130213635,-2.05850974727246e-14,-0.0429869122185295,1.24938539551573e-13,0,0,0,0,1,0.673086199299627,0.673086199299627,55.2955452320671,56.8718894855973,-0.965401657187288
50.3,0.233486213573649,0.0894222927255335,0.813419749231997,0.000209694835768298,0.000605182942946958,0.0282414740908908,79.3271077448736,0.235763217581342,0.0783794889855725,0.00454720224120094,0.0121109646278984,0.774437424451196,-0.0255615894327395,-9.55507884879019,-2.05850974727246e-14,-0.0429869122185295,1.24938539551573e-13,0,0,0,0,1,0.673086199299627,0.673086199299627,55.2792546899852,56.8864752934722,-0.960704310237982
50.31,0.233513067106073,0.0893628168958988,0.813697023430269,0.000210361512657205,0.000602564962459395,0.0282453967299567,79.3261614009258,0.235760431068629,0.0783794398995762,0.00454744852590328,0.0120518516272578,0.774449980018265,-0.0255608059338763,-9.55482779561366,-2.05850974727246e-14,-0.0429869122185295,1.24938539551573e-13,0,0,0,0,1,0.673086199299627,0.673086199299627,55.2629627913434,56.9010622265577,-0.956003984166237
50.32,0.233539913481517,0.0893032991936299,0.813974326785785,0.000211029409944532,0.000599964613391689,0.0282493165866634,79.3252211791287,0.235757662622733,0.0783793889422987,0.0045476930120549,0.0119926989408215,0.774462427128321,-0.0255600134485641,-9.55457814303001,-2.05850974727246e-14,-0.0429869122185295,1.24938539551573e-13,0,0,0,0,1,0.673086199299627,0.673086199299627,55.2466695328739,56.9156502873872,-0.951300692189679
50.33,0.23356675269814,0.0892437397970323,0.814251659310335,0.000211698525813088,0.000597381903824498,0.0282532336577041,79.3242870813698,0.235754912249193,0.0783793361134191,0.00454793570003672,0.0119335067471502,0.774474765756808,-0.025559211985517,-9.55432989145875,-2.05850974727246e-14,-0.0429869122185295,1.24938539551573e-13,0,0,0,0,1,0.673086199299627,0.673086199299627,55.2303749112943,56.9302394784824,-0.946594447529419
50.34,0.23359358475413,0.0891841388844979,0.814529021015715,0.000212368858441747,0.000594816841781248,0.0282571479397825,79.3233591095186,0.235752179953495,0.0783792814126237,0.0045481765902364,0.0118742752248818,0.774486995879467,-0.0255584015534736,-9.55408304131573,-2.05850974727246e-14,-0.0429869122185295,1.24938539551573e-13,0,0,0,0,1,0.673086199299627,0.673086199299627,55.2140789233079,56.944829802353,-0.941885263410029
50.35,0.233620409647699,0.089124496634504,0.814806411913731,0.000213040406005447,0.000592269435228092,0.0282610594296121,79.3224372654265,0.235749465741073,0.0783792248396065,0.00454841568304835,0.0118150045527312,0.774499117472336,-0.0255575821612008,-9.55383759301307,-2.05850974727246e-14,-0.0429869122185295,1.24938539551573e-13,0,0,0,0,1,0.673086199299627,0.673086199299627,55.1977815656031,56.959421261497,-0.937173153059507
50.36,0.233647227377086,0.0890648132256128,0.815083832016197,0.000213713166675199,0.000589739692073887,0.0282649681239168,79.3215215509268,0.235746769617306,0.078379166394069,0.00454865297887373,0.0117556949094895,0.774511130511748,-0.0255567538174891,-9.55359354695921,-2.05850974727246e-14,-0.0429869122185295,1.24938539551573e-13,0,0,0,0,1,0.673086199299627,0.673086199299627,55.181482834854,56.9740138584004,-0.932458129709252
50.37,0.233674037940556,0.0890050888364708,0.815361281334934,0.000214387138618083,0.00058722762017016,0.0282688740194304,79.3206119678347,0.235744091587519,0.0783791060757201,0.00454888847812042,0.0116963464740236,0.774523034974331,-0.0255559165311566,-9.55335090355886,-2.05850974727246e-14,-0.0429869122185295,1.24938539551573e-13,0,0,0,0,1,0.673086199299627,0.673086199299627,55.1651827277201,56.9886075955372,-0.927740206594021
50.38,0.233700841336399,0.0889453236458085,0.815638759881771,0.000215062319997257,0.000584733227311075,0.0282727771128969,79.3197085179473,0.235741431656987,0.0783790438842766,0.0045491221812031,0.0116369594252754,0.774534830837006,-0.0255550703110464,-9.55310966321304,-2.05850974727246e-14,-0.0429869122185295,1.24938539551573e-13,0,0,0,0,1,0.673086199299627,0.673086199299627,55.1488812408464,57.0032024753697,-0.923019396951909
50.39,0.233727637562932,0.0888855178324393,0.815916267668546,0.000215738708971959,0.000582256521233412,0.0282766774010707,79.3188112030438,0.235738789830927,0.0783789798194625,0.00454935408854315,0.0115775339422611,0.774546518076994,-0.0255542151660276,-9.55286982631909,-2.05850974727246e-14,-0.0429869122185295,1.24938539551573e-13,0,0,0,0,1,0.673086199299627,0.673086199299627,55.1325783708635,57.0177985003481,-0.918295714024308
50.4,0.233754426618496,0.0888256715752593,0.816193804707104,0.000216416303697509,0.000579797509616526,0.0282805748807162,79.3179200248851,0.235736166114507,0.0783789138810095,0.00454958420056876,0.0115180702040711,0.774558096671808,-0.0255533511049958,-9.55263139327064,-2.05850974727246e-14,-0.0429869122185295,1.24938539551573e-13,0,0,0,0,1,0.673086199299627,0.673086199299627,55.1162741143876,57.0323956729107,-0.913569171055878
50.41,0.23378120850146,0.0887657850532468,0.816471371009298,0.000217095102325312,0.000577356200082331,0.028284469548608,79.3170349852141,0.235733560512837,0.0783788460686568,0.00454981251771483,0.011458568389869,0.774569566599259,-0.025552478136872,-9.55239436445758,-2.05850974727246e-14,-0.0429869122185295,1.24938539551573e-13,0,0,0,0,1,0.673086199299627,0.673086199299627,55.0999684680204,57.0469939954838,-0.90883978129452
50.42,0.233807983210218,0.088705858445461,0.816748966586989,0.000217775103002863,0.000574932600195256,0.0282883614015311,79.3161560857556,0.235730973030978,0.0783787763821511,0.00455003904042305,0.011399028678891,0.774580927837452,-0.0255515962706035,-9.55215874026614,-2.05850974727246e-14,-0.0429869122185295,1.24938539551573e-13,0,0,0,0,1,0.673086199299627,0.673086199299627,55.083661428349,57.0615934704819,-0.904107557991333
50.43,0.233834750743189,0.0886458919310425,0.817026591452044,0.000218456303873749,0.000572526717462227,0.0282922504362804,79.3152833282163,0.235728403673934,0.0783787048212469,0.00455026376914186,0.0113394512504455,0.774592180364786,-0.0255507055151625,-9.55192452107884,-2.05850974727246e-14,-0.0429869122185295,1.24938539551573e-13,0,0,0,0,1,0.673086199299627,0.673086199299627,55.0673529919465,57.0761941003071,-0.899372514400592
50.44,0.23386151109882,0.0885858856892118,0.817304245616341,0.000219138703077655,0.000570138559332635,0.0282961366496615,79.3144167142849,0.235725852446658,0.0783786313857059,0.00455048670432648,0.0112798362839127,0.774603324159957,-0.0255498058795485,-9.5516917072745,-2.05850974727246e-14,-0.0429869122185295,1.24938539551573e-13,0,0,0,0,1,0.673086199299627,0.673086199299627,55.0510431553712,57.09079588735,-0.89463466377972
50.45,0.233888264275582,0.088525839899269,0.817581929091762,0.000219822298750363,0.000567768133198308,0.02830002003849,79.3135562456319,0.235723319354048,0.0783785560752977,0.00455070784643888,0.0112201839587432,0.774614359201956,-0.0255488973727861,-9.55146029922823,-2.05850974727246e-14,-0.0429869122185295,1.24938539551573e-13,0,0,0,0,1,0.673086199299627,0.673086199299627,55.0347319151675,57.1053988339886,-0.889894019389237
50.46,0.233915010271972,0.0884657547405936,0.8178596418902,0.000220507089023758,0.000565415446393483,0.0283039005995919,79.3127019239097,0.23572080440095,0.0783784788897991,0.00455092719594781,0.0111604944544584,0.774625285470071,-0.0255479800039262,-9.55123029731145,-2.05850974727246e-14,-0.0429869122185295,1.24938539551573e-13,0,0,0,0,1,0.673086199299627,0.673086199299627,55.0184192678651,57.1200029425894,-0.885150594492748
50.47,0.233941749086515,0.0884056303926431,0.818137384023554,0.000221193072025834,0.000563080506194774,0.0283077783298035,79.3118537507526,0.235718307592153,0.0783783998289948,0.00455114475332879,0.0111007679506493,0.774636102943882,-0.0255470537820449,-9.55100170189186,-2.05850974727246e-14,-0.0429869122185295,1.24938539551573e-13,0,0,0,0,1,0.673086199299627,0.673086199299627,55.0021052099795,57.1346082155065,-0.880404402356901
50.48,0.233968480717759,0.0883454670349532,0.818415155503729,0.000221880245880691,0.000560763319821154,0.0283116532259713,79.3110117277768,0.235715828932398,0.0783783188926769,0.00455136051906412,0.011041004626976,0.774646811603267,-0.0255461187162451,-9.5507745133335,-2.05850974727246e-14,-0.0429869122185295,1.24938539551573e-13,0,0,0,0,1,0.673086199299627,0.673086199299627,54.9857897380119,57.1492146550819,-0.875655456251359
50.49,0.233995205164279,0.0882852648471369,0.81869295634264,0.000222568608708546,0.000558463894433919,0.0283155252849524,79.3101758565806,0.235713368426368,0.078378236080645,0.00455157449364286,0.0109812046631673,0.774657411428398,-0.0255451748156553,-9.55054873199667,-2.05850974727246e-14,-0.0429869122185295,1.24938539551573e-13,0,0,0,0,1,0.673086199299627,0.673086199299627,54.9694728484494,57.1638222636457,-0.870903769448768
50.5,0.234021922424677,0.0882250240088837,0.818970786552208,0.000223258158625731,0.000556182237136662,0.0283193945036142,79.3093461387438,0.235710926078694,0.0783781513927064,0.00455178667756085,0.0109213682390198,0.774667902399741,-0.0255442220894296,-9.550324358238,-2.05850974727246e-14,-0.0429869122185295,1.24938539551573e-13,0,0,0,0,1,0.673086199299627,0.673086199299627,54.9531545377645,57.1784310435158,-0.866149355224722
50.51,0.234048632497579,0.0881647446999592,0.819248646144363,0.0002239488937447,0.000553918354975252,0.0283232608788342,79.3085225758285,0.235708501893954,0.078378064828676,0.00455199707132074,0.0108614955343977,0.77467828449806,-0.0255432605467478,-9.5501013924104,-2.05850974727246e-14,-0.0429869122185295,1.24938539551573e-13,0,0,0,0,1,0.673086199299627,0.673086199299627,54.9368348024158,57.1930409969979,-0.86139222685773
50.52,0.234075335381639,0.0881044271002047,0.81952653513104,0.00022464081217403,0.000551672254937803,0.0283271244075007,79.3077051693784,0.235706095876672,0.0783779763883761,0.00455220567543191,0.0108015867292319,0.774688557704414,-0.0255422901968166,-9.54987983486309,-2.05850974727246e-14,-0.0429869122185295,1.24938539551573e-13,0,0,0,0,1,0.673086199299627,0.673086199299627,54.9205136388475,57.2076521263856,-0.856632397629195
50.53,0.234102031075533,0.0880440713895364,0.819804453524183,0.000225333912018426,0.000549443943954645,0.0283309850865121,79.3068939209193,0.235703708031319,0.0783778860716366,0.00455241249041058,0.0107416420035193,0.774698722000153,-0.025541311048868,-9.54965968594159,-2.05850974727246e-14,-0.0429869122185295,1.24938539551573e-13,0,0,0,0,1,0.673086199299627,0.673086199299627,54.9041910434895,57.2222644339604,-0.851869880823369
50.54,0.234128719577968,0.0879836777479446,0.820082401335743,0.000226028191378728,0.000547233428898306,0.0283348429127774,79.3060888319587,0.235701338362311,0.0783777938782951,0.0045526175167797,0.0106816615373227,0.774708777366926,-0.0255403231121592,-9.54944094598772,-2.05850974727246e-14,-0.0429869122185295,1.24938539551573e-13,0,0,0,0,1,0.673086199299627,0.673086199299627,54.8878670127579,57.2368779219916,-0.847104689727328
50.55,0.234155400887673,0.0879232463554935,0.820360378577678,0.000226723648351906,0.000545040716583476,0.0283386978832161,79.3052899039861,0.235698986874012,0.0783776998081967,0.00455282075506905,0.0106216455107698,0.774718723786677,-0.0255393263959748,-9.5492236153396,-2.05850974727246e-14,-0.0429869122185295,1.24938539551573e-13,0,0,0,0,1,0.673086199299627,0.673086199299627,54.8715415430542,57.2514925927362,-0.84233683763094
50.56,0.234182075003404,0.0878627773923204,0.820638385261953,0.000227420281031075,0.000542865813766993,0.028342549994758,79.3044971384729,0.235696653570732,0.0783776038611941,0.00455302220581518,0.0105615941040525,0.774728561241644,-0.0255383209096235,-9.54900769433167,-2.05850974727246e-14,-0.0429869122185295,1.24938539551573e-13,0,0,0,0,1,0.673086199299627,0.673086199299627,54.8552146307659,57.2661084484391,-0.837566337826827
50.57,0.234208741923943,0.0878022710386353,0.820916421400541,0.000228118087505489,0.000540708727147808,0.0283463992443434,79.3037105368723,0.235694338456728,0.0783775060371476,0.00455322186956142,0.010501507497427,0.774738289714359,-0.0255373066624415,-9.54879318329465,-2.05850974727246e-14,-0.0429869122185295,1.24938539551573e-13,0,0,0,0,1,0.673086199299627,0.673086199299627,54.8388862722667,57.2807254913331,-0.832793203610351
50.58,0.234235401648098,0.0877417274747198,0.821194487005421,0.000228817065860551,0.000538569463366965,0.0283502456289233,79.3029301006196,0.235692041536202,0.0783774063359249,0.0045534197468579,0.0104413858712122,0.774747909187651,-0.0255362836637898,-9.54858008255557,-2.05850974727246e-14,-0.0429869122185295,1.24938539551573e-13,0,0,0,0,1,0.673086199299627,0.673086199299627,54.8225564639158,57.2953437236384,-0.828017448279556
50.59,0.234262054174703,0.0876811468809273,0.821472582088581,0.000229517214177814,0.000536448029007576,0.0283540891454588,79.3021558311317,0.235689762813304,0.0783773047574015,0.00455361583826157,0.0103812294057899,0.774757419644642,-0.0255352519230557,-9.54836839243776,-2.05850974727246e-14,-0.0429869122185295,1.24938539551573e-13,0,0,0,0,1,0.673086199299627,0.673086199299627,54.8062252020584,57.3099631475633,-0.823239085135156
50.6,0.234288699502617,0.0876205294376817,0.821750706662013,0.000230218530534987,0.000534344430594793,0.0283579297909221,79.3013877298075,0.23568750229213,0.0783772013014603,0.00455381014433612,0.0103210382816039,0.774766821068754,-0.0255342114496525,-9.54815811326088,-2.05850974727246e-14,-0.0429869122185295,1.24938539551573e-13,0,0,0,0,1,0.673086199299627,0.673086199299627,54.7898924830258,57.3245837653035,-0.818458127480499
50.61,0.234315337630724,0.087559875325477,0.822028860737718,0.000230921013005935,0.000532258674595787,0.0283617675622954,79.3006257980279,0.235685259976721,0.078377095967992,0.00455400266565208,0.0102608126791594,0.774776113443695,-0.025533162253019,-9.54794924534084,-2.05850974727246e-14,-0.0429869122185295,1.24938539551573e-13,0,0,0,0,1,0.673086199299627,0.673086199299627,54.7735583031351,57.3392055790428,-0.813674588621526
50.62,0.234341968557937,0.087499184724877,0.822307044327705,0.00023162465966069,0.000530190767419729,0.0283656024565718,79.2998700371555,0.235683035871068,0.0783769887568947,0.00455419340278676,0.0102005527790224,0.774785296753474,-0.0255321043426196,-9.5477417889899,-2.05850974727246e-14,-0.0429869122185295,1.24938539551573e-13,0,0,0,0,1,0.673086199299627,0.673086199299627,54.7572226586895,57.3538285909524,-0.808888481866753
50.63,0.234368592283192,0.0874384578165143,0.822585257443987,0.000232329468565447,0.000528140715417755,0.0283694344707548,79.2991204485349,0.235680829979105,0.0783768796680742,0.00455438235632427,0.0101402587618193,0.774794370982395,-0.0255310377279457,-9.54753574451662,-2.05850974727246e-14,-0.0429869122185295,1.24938539551573e-13,0,0,0,0,1,0.673086199299627,0.673086199299627,54.7408855459782,57.3684528031914,-0.804099820527235
50.64,0.234395208805451,0.0873776947810901,0.822863500098587,0.000233035437782573,0.000526108524882948,0.0283732636018587,79.2983770334925,0.235678642304713,0.0783767687014437,0.00455456952685552,0.0100799308082359,0.774803336115055,-0.0255299624185129,-9.54733111222584,-2.05850974727246e-14,-0.0429869122185295,1.24938539551573e-13,0,0,0,0,1,0.673086199299627,0.673086199299627,54.7245469612761,57.3830782179062,-0.799308617916519
50.65,0.234421818123703,0.0873168957993732,0.823141772303533,0.00023374256537061,0.00052409420205032,0.0283770898469081,79.2976397933367,0.235676472851721,0.0783766558569243,0.00455475491497821,0.0100195690990172,0.774812192136345,-0.0255288784238641,-9.54712789241871,-2.05850974727246e-14,-0.0429869122185295,1.24938539551573e-13,0,0,0,0,1,0.673086199299627,0.673086199299627,54.7082069008446,57.3977048372314,-0.794514887350643
50.66,0.234448420236962,0.0872560610521997,0.823420074070859,0.000234450849384279,0.000522097753096783,0.0283809132029384,79.2969087293577,0.235674321623904,0.0783765411344443,0.00455493852129686,0.00995917381496672,0.774820939031454,-0.0255277857535675,-9.54692608539271,-2.05850974727246e-14,-0.0429869122185295,1.24938539551573e-13,0,0,0,0,1,0.673086199299627,0.673086199299627,54.691865360931,57.4123326632886,-0.789718642148074
50.67,0.234475015144268,0.0871951907204723,0.823698405412608,0.000235160287874484,0.000520119184141126,0.0283847336669958,79.2961838428274,0.235672188624983,0.0783764245339399,0.00455512034642278,0.00989874513694569,0.774829576785861,-0.0255266844172165,-9.5467256914416,-2.05850974727246e-14,-0.0429869122185295,1.24938539551573e-13,0,0,0,0,1,0.673086199299627,0.673086199299627,54.6755223377685,57.4269616981876,-0.784919895629693
50.68,0.234501602844687,0.0871342849851596,0.823976766340829,0.000235870878888316,0.000518158501243993,0.0283885512361369,79.295465135,0.235670073858624,0.0783763060553547,0.0045553003909741,0.00983828324587261,0.774838105385344,-0.0255255744244314,-9.54652671085547,-2.05850974727246e-14,-0.0429869122185295,1.24938539551573e-13,0,0,0,0,1,0.673086199299627,0.673086199299627,54.6591778275766,57.4415919440255,-0.780118661118755
50.69,0.23452818333731,0.0870733440272957,0.824255156867577,0.000236582620469057,0.000516215710407868,0.028392365907429,79.2947526071112,0.235667977328443,0.07837618569864,0.00455547865557572,0.00977778832272276,0.774846524815974,-0.0255244557848575,-9.54632914392069,-2.05850974727246e-14,-0.0429869122185295,1.24938539551573e-13,0,0,0,0,1,0.673086199299627,0.673086199299627,54.6428318265608,57.4562234028871,-0.775314951940872
50.7,0.234554756621256,0.0870123680279796,0.824533577004913,0.000237295510656186,0.000514290817577043,0.0283961776779502,79.2940462603788,0.235665899037999,0.0783760634637547,0.00455565514085939,0.00971726054852733,0.774854835064115,-0.025523328508166,-9.54613299091994,-2.05850974727246e-14,-0.0429869122185295,1.24938539551573e-13,0,0,0,0,1,0.673086199299627,0.673086199299627,54.6264843309129,57.4708560768445,-0.770508781423957
50.71,0.234581322695666,0.0869513571683743,0.824812026764906,0.00023800954748538,0.000512383828637602,0.0283999865447892,79.2933460960024,0.235663838990799,0.0783759393506652,0.00455582984746363,0.00965670010437311,0.774863036116429,-0.0255221926040547,-9.54593825213224,-2.05850974727246e-14,-0.0429869122185295,1.24938539551573e-13,0,0,0,0,1,0.673086199299627,0.673086199299627,54.6101353368107,57.4854899679578,-0.765700162898217
50.72,0.23460788155971,0.0868903116297066,0.825090506159632,0.000238724728988523,0.000510494749417399,0.0284037925050455,79.2926521151633,0.235661797190297,0.0783758133593455,0.00455600277603379,0.00959610717140158,0.774871127959869,-0.0255210480822465,-9.54574492783287,-2.05850974727246e-14,-0.0429869122185295,1.24938539551573e-13,0,0,0,0,1,0.673086199299627,0.673086199299627,54.5937848404182,57.5001250782743,-0.760889109696099
50.73,0.234634433212582,0.0868292315932664,0.825369015201172,0.000239441053193704,0.000508623585686035,0.0284075955558293,79.2919643190251,0.235659773639892,0.0783756854897773,0.00455617392722201,0.00953548193080871,0.774879110581685,-0.0255198949524896,-9.54555301829346,-2.05850974727246e-14,-0.0429869122185295,1.24938539551573e-13,0,0,0,0,1,0.673086199299627,0.673086199299627,54.5774328378856,57.5147614098291,-0.756075635152283
50.74,0.234660977653503,0.0867681172404057,0.825647553901614,0.000240158518125228,0.00050677034315484,0.0284113956942615,79.2912827087329,0.235657768342931,0.0783755557419497,0.00455634330168725,0.00947482456384397,0.774886983969418,-0.0255187332245587,-9.5453625237819,-2.05850974727246e-14,-0.0429869122185295,1.24938539551573e-13,0,0,0,0,1,0.673086199299627,0.673086199299627,54.5610793253495,57.5293989646445,-0.751259752603626
50.75,0.234687514881719,0.0867069687525386,0.825926122273053,0.000240877121803616,0.000504935027476854,0.0284151929174738,79.2906072854137,0.235655781302705,0.0783754241158596,0.00455651090009529,0.00941413525181,0.774894748110907,-0.0255175629082547,-9.54517344456245,-2.05850974727246e-14,-0.0429869122185295,1.24938539551573e-13,0,0,0,0,1,0.673086199299627,0.673086199299627,54.5447242989325,57.5440377447305,-0.746441475389148
50.76,0.234714044896501,0.0866457863111404,0.826204720327589,0.00024159686224561,0.000503117644246801,0.0284189872226088,79.2899380501767,0.235653812522455,0.0783752906115114,0.00455667672311869,0.00935341417606178,0.774902402994283,-0.0255163840134028,-9.54498578089563,-2.05850974727246e-14,-0.0429869122185295,1.24938539551573e-13,0,0,0,0,1,0.673086199299627,0.673086199299627,54.5283677547435,57.5586777520846,-0.741620816849984
50.77,0.234740567697147,0.086584570097747,0.82648334807733,0.000242317737464179,0.000501318199001074,0.0284227786068196,79.2892750041126,0.235651862005365,0.078375155228917,0.00455684077143684,0.00929266151800633,0.774909948607975,-0.0255151965498557,-9.54479953303829,-2.05850974727246e-14,-0.0429869122185295,1.24938539551573e-13,0,0,0,0,1,0.673086199299627,0.673086199299627,54.5120096888779,57.5733189886916,-0.736797790329373
50.78,0.234767083282981,0.0865233202939543,0.82676200553439,0.000243039745468522,0.00049953669721771,0.0284265670672704,79.2886181482941,0.235649929754568,0.078375017968096,0.00455700304573595,0.00923187745910183,0.774917384940701,-0.0255140005274901,-9.54461470124357,-2.05850974727246e-14,-0.0429869122185295,1.24938539551573e-13,0,0,0,0,1,0.673086199299627,0.673086199299627,54.495650097417,57.587961456524,-0.731972409172608
50.79,0.234793591653352,0.0864620370814177,0.827040692710888,0.000243762884264075,0.000497773144316376,0.028430352601136,79.287967483776,0.235648015773142,0.0783748788290756,0.00455716354670902,0.0091710621808572,0.774924711981478,-0.0255127959562102,-9.54443128576096,-2.05850974727246e-14,-0.0429869122185295,1.24938539551573e-13,0,0,0,0,1,0.673086199299627,0.673086199299627,54.4792889764289,57.6026051575415,-0.727144686727015
50.8,0.234820092807633,0.0864007206418513,0.82731940961895,0.000244487151852511,0.00049602754565835,0.0284341352056023,79.2873230115946,0.235646120064112,0.0783747378118906,0.00455732227505587,0.00911021586483141,0.774931929719612,-0.0255115828459446,-9.54424928683622,-2.05850974727246e-14,-0.0429869122185295,1.24938539551573e-13,0,0,0,0,1,0.673086199299627,0.673086199299627,54.4629263219677,57.6172500936914,-0.722314636341916
50.81,0.234846586745227,0.0863393711570277,0.827598156270709,0.000245212546231748,0.000494299906546496,0.0284379148778657,79.2866847327684,0.235644242630449,0.0783745949165833,0.00455747923148314,0.00904933869263287,0.774939038144706,-0.0255103612066483,-9.54406870471144,-2.05850974727246e-14,-0.0429869122185295,1.24938539551573e-13,0,0,0,0,1,0.673086199299627,0.673086199299627,54.446562130074,57.6318962669082,-0.717482271368596
50.82,0.234873073465558,0.0862779888087768,0.827876932678303,0.000245939065395955,0.000492590232225252,0.0284416916151338,79.2860526482975,0.23564238347507,0.0783744501432036,0.00455763441670427,0.00898843084591891,0.77494603724666,-0.0255091310483014,-9.54388953962503,-2.05850974727246e-14,-0.0429869122185295,1.24938539551573e-13,0,0,0,0,1,0.673086199299627,0.673086199299627,54.4301963967746,57.6465436791141,-0.712647605160281
50.83,0.234899552968079,0.0862165737789859,0.828155738853877,0.000246666707335551,0.000490898527880607,0.028445465414625,79.2854267591642,0.23564054260084,0.0783743034918092,0.00455778783143953,0.00892749250639512,0.774952927015662,-0.0255078923809106,-9.54371179181168,-2.05850974727246e-14,-0.0429869122185295,1.24938539551573e-13,0,0,0,0,1,0.673086199299627,0.673086199299627,54.4138291180831,57.6611923322183,-0.707810651072092
50.84,0.234926025252267,0.0861551262495985,0.828434574809581,0.000247395470037216,0.000489224798640084,0.0284492362735683,79.2848070663323,0.23563872001057,0.0783741549624651,0.00455793947641597,0.00886652385581477,0.774959707442198,-0.0255066452145078,-9.54353546150244,-2.05850974727246e-14,-0.0429869122185295,1.24938539551573e-13,0,0,0,0,1,0.673086199299627,0.673086199299627,54.397460289999,57.6758422281177,-0.702971422461027
50.85,0.234952490317626,0.086093646402614,0.828713440557571,0.00024812535148389,0.000487569049572725,0.0284530041892041,79.2841935707478,0.235636915707016,0.078374004555244,0.00455808935236748,0.00880552507597824,0.774966378517048,-0.02550538955915,-9.54336054892463,-2.05850974727246e-14,-0.0429869122185295,1.24938539551573e-13,0,0,0,0,1,0.673086199299627,0.673086199299627,54.3810899085087,57.6904933686963,-0.698129932685923
50.86,0.234978948163683,0.0860321344200871,0.828992336110012,0.000248856349654784,0.00048593128568907,0.0284567691587833,79.2835862733385,0.235635129692882,0.0783738522702264,0.00455823746003477,0.00874449634873234,0.774972940231283,-0.0255041254249209,-9.54318705430189,-2.05850974727246e-14,-0.0429869122185295,1.24938539551573e-13,0,0,0,0,1,0.673086199299627,0.673086199299627,54.3647179695849,57.7051457558256,-0.693286195107422
50.87,0.235005398789995,0.085970590484127,0.82927126147907,0.000249588462525379,0.000484311511941143,0.028460531179568,79.282985175014,0.235633361970819,0.0783736981075,0.00455838380016534,0.00868343785596979,0.774979392576268,-0.0255028528219296,-9.54301497785419,-2.05850974727246e-14,-0.0429869122185295,1.24938539551573e-13,0,0,0,0,1,0.673086199299627,0.673086199299627,54.3483444691866,57.7197993913644,-0.688440223087945
50.88,0.235031842196141,0.0859090147768971,0.82955021667692,0.000250321688067433,0.000482709733222428,0.0284642902488312,79.2823902766657,0.235631612543421,0.0783735420671604,0.00455852837351351,0.00862234977962854,0.774985735543668,-0.0255015717603106,-9.54284431979782,-2.05850974727246e-14,-0.0429869122185295,1.24938539551573e-13,0,0,0,0,1,0.673086199299627,0.673086199299627,54.3319694032597,57.7344542771587,-0.683592029991654
50.89,0.235058278381726,0.0858474074806142,0.829829201715744,0.000251056024248987,0.000481125954367861,0.0284680463638567,79.2818015791672,0.235629881413233,0.0783733841493107,0.00455867118084042,0.00856123230169128,0.774991969125433,-0.0255002822502243,-9.54267508034536,-2.05850974727246e-14,-0.0429869122185295,1.24938539551573e-13,0,0,0,0,1,0.673086199299627,0.673086199299627,54.3155927677362,57.7491104150418,-0.678741629184429
50.9,0.235084707346384,0.0857857687775478,0.830108216607726,0.000251791469034368,0.000479560180153809,0.0284717995219396,79.2812190833736,0.235628168582744,0.0783732243540615,0.00455881222291401,0.00850008560418468,0.774998093313812,-0.0254989843018564,-9.54250725970572,-2.05850974727246e-14,-0.0429869122185295,1.24938539551573e-13,0,0,0,0,1,0.673086199299627,0.673086199299627,54.299214558535,57.7637678068343,-0.673889034033825
50.91,0.235111129089769,0.0857240988500199,0.830387261365059,0.000252528020384194,0.000478012415298056,0.0284755497203857,79.2806427901222,0.235626474054389,0.0783730626815311,0.00455895150050905,0.00843890986917902,0.775004108101345,-0.0254976779254186,-9.54234085808413,-2.05850974727246e-14,-0.0429869122185295,1.24938539551573e-13,0,0,0,0,1,0.673086199299627,0.673086199299627,54.2828347715614,57.7784264543442,-0.669034257909052
50.92,0.235137543611567,0.0856623978804038,0.83066633599994,0.000253265676255382,0.000476482664459781,0.028479296956512,79.280072700232,0.235624797830551,0.0783728991318454,0.00455908901440711,0.00837770527878732,0.775010013480868,-0.0254963631311482,-9.54217587568211,-2.05850974727246e-14,-0.0429869122185295,1.24938539551573e-13,0,0,0,0,1,0.673086199299627,0.673086199299627,54.2664534027072,57.7930863593665,-0.664177314180935
50.93,0.235163950911484,0.0856006660511242,0.830945440524572,0.000254004434601147,0.00047497093223955,0.0284830412276464,79.2795088145039,0.235623139913558,0.0783727337051379,0.00455922476539657,0.00831647201516498,0.775015809445507,-0.0254950399293077,-9.54201231269754,-2.05850974727246e-14,-0.0429869122185295,1.24938539551573e-13,0,0,0,0,1,0.673086199299627,0.673086199299627,54.2500704478511,57.8077475236836,-0.65931821622189
50.94,0.235190350989255,0.085538903544656,0.831224574951166,0.000254744293371014,0.000473477223179297,0.0284867825311279,79.2789511337208,0.235621500305685,0.0783725664015494,0.00455935875427262,0.00825521026050894,0.775021495988687,-0.0254937083301858,-9.54185016932458,-2.05850974727246e-14,-0.0429869122185295,1.24938539551573e-13,0,0,0,0,1,0.673086199299627,0.673086199299627,54.2336859028581,57.8224099490651,-0.654456977405879
50.95,0.23521674384464,0.0854771105435239,0.831503739291934,0.000255485250510817,0.00047200154176231,0.0284905208643067,79.2783996586473,0.235619879009155,0.0783723972212287,0.00455949098183728,0.00819392019705739,0.77502707310412,-0.0254923683440964,-9.54168944575373,-2.05850974727246e-14,-0.0429869122185295,1.24938539551573e-13,0,0,0,0,1,0.673086199299627,0.673086199299627,54.2172997635801,57.8370736372676,-0.649593611108399
50.96,0.235243129477424,0.0854152872303021,0.831782933559097,0.000256227303962706,0.000470543892413212,0.0284942562245437,79.2778543900302,0.235618276026135,0.078372226164332,0.00455962144889937,0.00813260200708883,0.775032540785815,-0.0254910199813788,-9.54153014217178,-2.05850974727246e-14,-0.0429869122185295,1.24938539551573e-13,0,0,0,0,1,0.673086199299627,0.673086199299627,54.2009120258555,57.8517385900352,-0.64472813070643
50.97,0.235269507887417,0.0853534337876131,0.832062157764882,0.000256970451665155,0.000469104279497951,0.0284979886092112,79.2773153285978,0.23561669135874,0.078372053231023,0.0045597501562745,0.00807125587292171,0.775037899028074,-0.0254896632523989,-9.54137225876188,-2.05850974727246e-14,-0.0429869122185295,1.24938539551573e-13,0,0,0,0,1,0.673086199299627,0.673086199299627,54.1845226855096,57.866404809099,-0.639860549578417
50.98,0.235295879074457,0.0852915503981276,0.832341411921518,0.000257714691552963,0.000467682707323785,0.0285017180156925,79.2767824750605,0.235615125009031,0.0783718784214732,0.00455987710478513,0.0080098819769137,0.775043147825492,-0.025488298167547,-9.54121579570347,-2.05850974727246e-14,-0.0429869122185295,1.24938539551573e-13,0,0,0,0,1,0.673086199299627,0.673086199299627,54.1681317383542,57.8810722961771,-0.634990881104231
50.99,0.235322243038405,0.0852296372445638,0.832620696041243,0.000258460021557261,0.000466279180139266,0.028505444441382,79.2762558301107,0.235613576979016,0.0783717017358615,0.00456000229526049,0.00794848050146114,0.775048287172956,-0.0254869247372393,-9.54106075317232,-2.05850974727246e-14,-0.0429869122185295,1.24938539551573e-13,0,0,0,0,1,0.673086199299627,0.673086199299627,54.1517391801879,57.8957410529751,-0.630119138665138
51,0.235348599779149,0.0851676945096865,0.832900010136298,0.000259206439605516,0.000464893702134227,0.0285091678836852,79.2757353944224,0.235612047270648,0.0783715231743743,0.00456012572853664,0.00788705162899847,0.775053317065646,-0.0254855429719177,-9.5409071313405,-2.05850974727246e-14,-0.0429869122185295,1.24938539551573e-13,0,0,0,0,1,0.673086199299627,0.673086199299627,54.1353450067962,57.9104110811854,-0.625245335643775
51.01,0.235374949296602,0.0851057223763069,0.833179354218932,0.000259953943621538,0.00046352627743977,0.0285128883400189,79.2752211686518,0.235610535885829,0.0783713427372059,0.00456024740545645,0.00782559554199754,0.775058237499038,-0.0254841528820496,-9.54075493037645,-2.05850974727246e-14,-0.0429869122185295,1.24938539551573e-13,0,0,0,0,1,0.673086199299627,0.673086199299627,54.1189492139511,57.9250823824878,-0.620369485424109
51.02,0.235401291590703,0.0850437210272817,0.833458728301396,0.000260702531525485,0.000462176910128251,0.0285166058078107,79.2747131534368,0.235609042826405,0.078371160424558,0.00456036732686958,0.0077641124229671,0.775063048468898,-0.0254827544781281,-9.54060415044488,-2.05850974727246e-14,-0.0429869122185295,1.24938539551573e-13,0,0,0,0,1,0.673086199299627,0.673086199299627,54.1025517974117,57.9397549585489,-0.615491601391413
51.03,0.235427626661416,0.0849816906455128,0.833738132395948,0.000261452201233865,0.000460845604213268,0.0285203202844997,79.2742113493972,0.23560756809417,0.0783709762366398,0.00456048549363251,0.0077026024544521,0.775067749971285,-0.0254813477706713,-9.54045479170685,-2.05850974727246e-14,-0.0429869122185295,1.24938539551573e-13,0,0,0,0,1,0.673086199299627,0.673086199299627,54.0861527529237,57.9544288110225,-0.610611696932224
51.04,0.235453954508731,0.0849196314139462,0.834017566514852,0.000262202950659547,0.000459532363649651,0.0285240317675361,79.2737157571349,0.235606111690864,0.0783707901736681,0.00456060190660852,0.00764106581903323,0.775072342002554,-0.0254799327702229,-9.54030685431975,-2.05850974727246e-14,-0.0429869122185295,1.24938539551573e-13,0,0,0,0,1,0.673086199299627,0.673086199299627,54.0697520762197,57.9691039415496,-0.605729785434329
51.05,0.235480275132663,0.0848575435155721,0.834297030670376,0.000262954777711761,0.000458237192333435,0.0285277402543811,79.2732263772334,0.235604673618173,0.0783706022358674,0.0045607165666677,0.00757950269932619,0.775076824559345,-0.0254785094873529,-9.54016033843724,-2.05850974727246e-14,-0.0429869122185295,1.24938539551573e-13,0,0,0,0,1,0.673086199299627,0.673086199299627,54.0533497630193,57.9837803517581,-0.600845880286718
51.06,0.235506588533254,0.0847954271334235,0.834576524874793,0.000263707680296105,0.000456960094101873,0.0285314457425074,79.2727432102584,0.235603253877731,0.0783704124234697,0.00456082947468694,0.00751791327798107,0.775081197638603,-0.0254770779326558,-9.54001524420938,-2.05850974727246e-14,-0.0429869122185295,1.24938539551573e-13,0,0,0,0,1,0.673086199299627,0.673086199299627,54.0369458090289,57.9984580432631,-0.595959994879551
51.07,0.23553289471057,0.0847332824505763,0.834856049140383,0.000264461656314553,0.000455701072733403,0.0285351482293986,79.2722662567572,0.235601852471118,0.0783702207367146,0.00456094063154992,0.00745629773768185,0.775085461237553,-0.0254756381167517,-9.5398715717825,-2.05850974727246e-14,-0.0429869122185295,1.24938539551573e-13,0,0,0,0,1,0.673086199299627,0.673086199299627,54.0205402099415,58.0131370176664,-0.591072142604138
51.08,0.235559193664703,0.0846711096501482,0.835135603479428,0.000265216703665454,0.000454460131947643,0.0285388477125499,79.2717955172593,0.235600469399859,0.0783700271758493,0.00456105003814715,0.00739465626114579,0.77508961535372,-0.0254741900502864,-9.53972932129928,-2.05850974727246e-14,-0.0429869122185295,1.24938539551573e-13,0,0,0,0,1,0.673086199299627,0.673086199299627,54.0041329614376,58.0278172765571,-0.586182336852906
51.09,0.235585485395769,0.0846089089152985,0.835415187904218,0.000265972820243547,0.000453237275405384,0.0285425441894674,79.271330992276,0.235599104665427,0.0783698317411283,0.00456115769537592,0.00733298903112276,0.77509365998492,-0.0254727337439315,-9.53958849289872,-2.05850974727246e-14,-0.0429869122185295,1.24938539551573e-13,0,0,0,0,1,0.673086199299627,0.673086199299627,53.9877240591842,58.0424988215114,-0.58129059101936
51.1,0.235611769903913,0.084546680429227,0.835694802427046,0.000266730003939957,0.000452032506708574,0.0285462376576686,79.2708726823004,0.235597758269242,0.0783696344328141,0.00456126360414031,0.00727129623039464,0.775097595129262,-0.0254712692083831,-9.53944908671614,-2.05850974727246e-14,-0.0429869122185295,1.24938539551573e-13,0,0,0,0,1,0.673086199299627,0.673086199299627,53.9713134988355,58.057181654092,-0.576396918498053
51.11,0.235638047189303,0.0844844243751739,0.835974447060211,0.000267488252642205,0.000450845829400305,0.0285499281146824,79.2704205878076,0.235596430212669,0.0783694352511765,0.00456136776535122,0.00720957804177481,0.775101420785147,-0.0254697964543637,-9.5393111028832,-2.05850974727246e-14,-0.0429869122185295,1.24938539551573e-13,0,0,0,0,1,0.673086199299627,0.673086199299627,53.9549012760325,58.0718657758491,-0.571501332684563
51.12,0.235664317252132,0.0844221409364191,0.836254121816016,0.000268247564234214,0.000449677246964807,0.0285536155580486,79.2699747092547,0.235595120497021,0.0783692341964929,0.00456147017992633,0.00714783464810739,0.775105136951263,-0.0254683154926202,-9.53917454152786,-2.05850974727246e-14,-0.0429869122185295,1.24938539551573e-13,0,0,0,0,1,0.673086199299627,0.673086199299627,53.9384873864035,58.0865511883195,-0.566603846975448
51.13,0.235690580092619,0.084359830296281,0.836533826706769,0.000269007936596314,0.000448526762827439,0.0285572999853188,79.2695350470806,0.235593829123556,0.0783690312690483,0.00456157084879013,0.00708606623226682,0.775108743626601,-0.0254668263339256,-9.53903940277446,-2.05850974727246e-14,-0.0429869122185295,1.24938539551573e-13,0,0,0,0,1,0.673086199299627,0.673086199299627,53.9220718255634,58.1012378930272,-0.561704474768228
51.14,0.235716835711011,0.0842974926381169,0.836813561744785,0.000269769367605245,0.000447394380354676,0.0285609813940554,79.2691016017061,0.23559255609348,0.0783688264691352,0.00456166977287389,0.00702427297715717,0.775112240810434,-0.0254653289890783,-9.53890568674361,-2.05850974727246e-14,-0.0429869122185295,1.24938539551573e-13,0,0,0,0,1,0.673086199299627,0.673086199299627,53.9056545891147,58.1159258914829,-0.556803229461348
51.15,0.235743084107577,0.0842351281453216,0.83709332694238,0.000270531855134166,0.000446280102854098,0.0285646597818326,79.2686743735341,0.235591301407946,0.0783686197970538,0.00456176695311568,0.00696245506571143,0.775115628502333,-0.0254638234689013,-9.53877339355228,-2.05850974727246e-14,-0.0429869122185295,1.24938539551573e-13,0,0,0,0,1,0.673086199299627,0.673086199299627,53.8892356726465,58.1306151851843,-0.551900124454138
51.16,0.235769325282613,0.0841727370013269,0.837373122311878,0.00027129539705266,0.000445183933574385,0.0285683351462355,79.2682533629492,0.235590065068051,0.0783684112531117,0.00456186239046037,0.00690061268089107,0.775118906702158,-0.0254623097842439,-9.53864252331378,-2.05850974727246e-14,-0.0429869122185295,1.24938539551573e-13,0,0,0,0,1,0.673086199299627,0.673086199299627,53.8728150717352,58.1453057756159,-0.546995173146795
51.17,0.235795559236439,0.0841103193896016,0.837652947865606,0.000272059991226736,0.000444105875705304,0.0285720074848609,79.267838570318,0.23558884707484,0.078368200837624,0.00456195608585958,0.00683874600568542,0.775122075410064,-0.0254607879459803,-9.53851307613773,-2.05850974727246e-14,-0.0429869122185295,1.24938539551573e-13,0,0,0,0,1,0.673086199299627,0.673086199299627,53.8563927819444,58.1599976642495,-0.542088388940349
51.18,0.235821785969403,0.0840478754936501,0.837932803615896,0.000272825635518842,0.0004430459323777,0.0285756767953168,79.2674299959892,0.235587647429307,0.0783679885509137,0.00456204804027178,0.00677685522311101,0.775125134626494,-0.0254592579650096,-9.53838505213009,-2.05850974727246e-14,-0.0429869122185295,1.24938539551573e-13,0,0,0,0,1,0.673086199299627,0.673086199299627,53.8399687988247,58.1746908525431,-0.537179785236625
51.19,0.235848005481877,0.0839854054970122,0.838212689575085,0.000273592327787863,0.000442004106663487,0.0285793430752225,79.2670276402932,0.235586466132389,0.078367774393311,0.00456213825466216,0.00671494051621094,0.775128084352186,-0.0254577198522569,-9.53825845139314,-2.05850974727246e-14,-0.0429869122185295,1.24938539551573e-13,0,0,0,0,1,0.673086199299627,0.673086199299627,53.8235431179139,58.1893853419422,-0.532269375438215
51.2,0.235874217774258,0.0839229095832626,0.838492605755513,0.00027436006588913,0.000440980401575648,0.0285830063222087,79.2666315035424,0.23558530318497,0.0783675583651537,0.00456222673000276,0.00665300206805431,0.77513092458817,-0.0254561736186719,-9.53813327402553,-2.05850974727246e-14,-0.0429869122185295,1.24938539551573e-13,0,0,0,0,1,0.673086199299627,0.673086199299627,53.807115734737,58.2040811338787,-0.527357172948445
51.21,0.235900422846969,0.0838603879360098,0.838772552169527,0.000275128847674427,0.000439974820068212,0.0285866665339177,79.2662415860311,0.235584158587884,0.0783673404667874,0.00456231346727234,0.00659104006173566,0.775133655335764,-0.0254546192752306,-9.53800952012219,-2.05850974727246e-14,-0.0429869122185295,1.24938539551573e-13,0,0,0,0,1,0.673086199299627,0.673086199299627,53.7906866448061,58.2187782297715,-0.522443191171348
51.22,0.235926620700458,0.0837978407388963,0.839052528829477,0.000275898670991997,0.000438987365036262,0.028590323708003,79.2658578880357,0.235583032341907,0.0783671206985649,0.00456239846745649,0.00652905468037435,0.77513627659658,-0.025453056832933,-9.53788718977443,-2.05850974727246e-14,-0.0429869122185295,1.24938539551573e-13,0,0,0,0,1,0.673086199299627,0.673086199299627,53.7742558436208,58.2334766310264,-0.517527443511631
51.23,0.235952811335199,0.0837352681755971,0.839332535747717,0.000276669533686543,0.000438018039315913,0.0285939778421296,79.2654804098144,0.235581924447766,0.0783668990608468,0.00456248173154755,0.0064670461071139,0.775138788372522,-0.0254514863028053,-9.53776628306988,-2.05850974727246e-14,-0.0429869122185295,1.24938539551573e-13,0,0,0,0,1,0.673086199299627,0.673086199299627,53.7578233266678,58.2481763390357,-0.512609943374641
51.24,0.235978994751691,0.0836726704298198,0.839612572936607,0.00027744143359924,0.000437066845684317,0.0285976289339739,79.2651091516074,0.235580834906131,0.0783666755540011,0.00456256326054465,0.00640501452512141,0.775141190665784,-0.0254499076958982,-9.53764680009249,-2.05850974727246e-14,-0.0429869122185295,1.24938539551573e-13,0,0,0,0,1,0.673086199299627,0.673086199299627,53.7413890894209,58.2628773551789,-0.507690704166332
51.25,0.236005170950457,0.0836100476853035,0.839892640408509,0.000278214368567738,0.000436133786859646,0.0286012769812238,79.2647441136368,0.23557976371762,0.0783664501784034,0.00456264305545369,0.00634296011758701,0.775143483478852,-0.0254483210232884,-9.53752874092256,-2.05850974727246e-14,-0.0429869122185295,1.24938539551573e-13,0,0,0,0,1,0.673086199299627,0.673086199299627,53.7249531273414,58.2775796808219,-0.50276973929324
51.26,0.236031339932049,0.0835474001258185,0.840172738175793,0.000278988336426166,0.000435218865501096,0.0286049219815785,79.2643852961067,0.235578710882799,0.0783662229344368,0.00456272111728734,0.00628088306772325,0.775145666814502,-0.025446726296077,-9.53741210563674,-2.05850974727246e-14,-0.0429869122185295,1.24938539551573e-13,0,0,0,0,1,0.673086199299627,0.673086199299627,53.7085154358778,58.2922833173176,-0.497847062162451
51.27,0.23605750169704,0.0834847279351657,0.840452866250828,0.000279763335005142,0.00043432208420887,0.0286085639327489,79.2640326992031,0.235577676402179,0.0783659938224921,0.00456279744706506,0.00621878355876438,0.775147740675805,-0.0254451235253913,-9.53729689430799,-2.05850974727246e-14,-0.0429869122185295,1.24938539551573e-13,0,0,0,0,1,0.673086199299627,0.673086199299627,53.6920760104661,58.3069882660056,-0.492922686181562
51.28,0.236083656246031,0.0834220312971757,0.840733024645993,0.000280539362131777,0.000433443445524179,0.0286122028324572,79.263686323094,0.235576660276218,0.0783657628429672,0.00456287204581306,0.0061566617739659,0.775149705066121,-0.0254435127223824,-9.53718310700563,-2.05850974727246e-14,-0.0429869122185295,1.24938539551573e-13,0,0,0,0,1,0.673086199299627,0.673086199299627,53.6756348465296,58.3216945282121,-0.487996624758658
51.29,0.236109803579648,0.0833593103957086,0.841013213373667,0.000281316415629679,0.000432582951929227,0.0286158386784372,79.2633461679294,0.235575662505321,0.0783655299962681,0.00456294491456432,0.00609451789660379,0.775151559989096,-0.0254418938982271,-9.53707074379531,-2.05850974727246e-14,-0.0429869122185295,1.24938539551573e-13,0,0,0,0,1,0.673086199299627,0.673086199299627,53.6591919394787,58.3364021052502,-0.48306889130227
51.3,0.236135943698542,0.0832965654146529,0.841293432446234,0.000282094493318964,0.000431740605847222,0.0286194714684341,79.2630122338411,0.235574683089839,0.0783652952828078,0.00456301605435858,0.00603235210997415,0.775153305448676,-0.0254402670641284,-9.53695980473902,-2.05850974727246e-14,-0.0429869122185295,1.24938539551573e-13,0,0,0,0,1,0.673086199299627,0.673086199299627,53.6427472847117,58.3511109984196,-0.47813949922136
51.31,0.236162076603389,0.0832337965379255,0.841573681876084,0.000282873593016257,0.000430916409642352,0.0286231012002047,79.262684520943,0.235573722030072,0.0783650587030073,0.00456308546624236,0.00597016459739234,0.775154941449091,-0.025438632231313,-9.5368502898951,-2.05850974727246e-14,-0.0429869122185295,1.24938539551573e-13,0,0,0,0,1,0.673086199299627,0.673086199299627,53.6263008776139,58.3658212090066,-0.473208461925276
51.32,0.23618820229489,0.0831710039494706,0.841853961675609,0.0002836537125347,0.000430110365619791,0.0286267278715173,79.2623630293311,0.235572779326263,0.0783648202572946,0.00456315315126893,0.00590795554219253,0.775156467994864,-0.0254369894110328,-9.53674219931822,-2.05850974727246e-14,-0.0429869122185295,1.24938539551573e-13,0,0,0,0,1,0.673086199299627,0.673086199299627,53.6098527135583,58.3805327382845,-0.468275792823726
51.33,0.236214320773773,0.0831081878332591,0.842134271857205,0.000284434849683959,0.000429322476025698,0.0286303514801518,79.262047759083,0.235571854978604,0.0783645799461058,0.00456321911049831,0.00584572512772705,0.77515788509081,-0.025435338614566,-9.53663553305941,-2.05850974727246e-14,-0.0429869122185295,1.24938539551573e-13,0,0,0,0,1,0.673086199299627,0.673086199299627,53.5934027879052,58.3952455875129,-0.463341505326745
51.34,0.23624043204079,0.0830453483732885,0.842414612433275,0.00028521700227023,0.000428552743047198,0.0286339720238995,79.2617387102586,0.235570948987235,0.0783643377698839,0.00456328334499729,0.00578347353736574,0.775159192742032,-0.0254336798532146,-9.536530291166,-2.05850974727246e-14,-0.0429869122185295,1.24938539551573e-13,0,0,0,0,1,0.673086199299627,0.673086199299627,53.5769510960026,58.4099597579383,-0.458405612844661
51.35,0.236266536096718,0.0829824857535817,0.842694983416221,0.000286000168096244,0.000427801168812389,0.0286375895005634,79.2614358828996,0.235570061352239,0.0783640937290799,0.0045633458558394,0.00572120095449548,0.775160390953926,-0.0254320131383061,-9.53642647368173,-2.05850974727246e-14,-0.0429869122185295,1.24938539551573e-13,0,0,0,0,1,0.673086199299627,0.673086199299627,53.5604976331857,58.4246752507936,-0.453468128788074
51.36,0.23629263294236,0.0829196001581868,0.842975384818453,0.000286784344961273,0.000427067755390339,0.028641203907958,79.2611392770299,0.23556919207365,0.0783638478241521,0.00456340664410493,0.00565890756251943,0.775161479732175,-0.025430338481193,-9.53632408064661,-2.05850974727246e-14,-0.0429869122185295,1.24938539551573e-13,0,0,0,0,1,0.673086199299627,0.673086199299627,53.5440423947775,58.4393920672986,-0.448529066567811
51.37,0.236318722578543,0.0828566917711761,0.843255816652382,0.000287569530661137,0.000426352504791075,0.0286448152439094,79.2608488926551,0.235568341151445,0.0783636000555663,0.00456346571088091,0.00559659354485654,0.775162459082759,-0.025428655893253,-9.53622311209707,-2.05850974727246e-14,-0.0429869122185295,1.24938539551573e-13,0,0,0,0,1,0.673086199299627,0.673086199299627,53.5275853760885,58.4541102086595,-0.443588439594905
51.38,0.236344805006122,0.082793760776646,0.843536278930426,0.000288355722988213,0.000425655418965576,0.0286484235062553,79.2605647297629,0.235567508585551,0.0783633504237959,0.00456352305726113,0.00553425908494092,0.77516332901194,-0.0254269653858886,-9.53612356806584,-2.05850974727246e-14,-0.0429869122185295,1.24938539551573e-13,0,0,0,0,1,0.673086199299627,0.673086199299627,53.5111265724167,58.4688296760693,-0.438646261280562
51.39,0.236370880225973,0.082730807358716,0.843816771665004,0.000289142919731434,0.000424976499805788,0.0286520286928451,79.2602867883232,0.235566694375838,0.0783630989293217,0.0045635786843461,0.0054719043662212,0.775164089526275,-0.0254252669705271,-9.536025448582,-2.05850974727246e-14,-0.0429869122185295,1.24938539551573e-13,0,0,0,0,1,0.673086199299627,0.673086199299627,53.4946659790479,58.4835504707073,-0.433702545036125
51.4,0.236396948239001,0.0826678317015282,0.84409729486854,0.000289931118676304,0.000424315749144607,0.0286556308015396,79.2600150682875,0.235565898522128,0.0783628455726319,0.00456363259324308,0.00540952957215988,0.775164740632611,-0.0254235606586215,-9.53592875367099,-2.05850974727246e-14,-0.0429869122185295,1.24938539551573e-13,0,0,0,0,1,0.673086199299627,0.673086199299627,53.4782035912551,58.4982725937396,-0.428757304273039
51.41,0.236423009046134,0.0826048339892467,0.844377848553461,0.000290720317604898,0.000423673168755877,0.0286592298302114,79.2597495695897,0.235565121024184,0.0783625903542225,0.00456368478506608,0.00534713488623289,0.775165282338084,-0.0254218464616486,-9.53583348335459,-2.05850974727246e-14,-0.0429869122185295,1.24938539551573e-13,0,0,0,0,1,0.673086199299627,0.673086199299627,53.4617394042995,58.5129960463187,-0.423810552402836
51.42,0.236449062648327,0.082541814406057,0.844658432732197,0.00029151051429587,0.000423048760354395,0.0286628257767447,79.2594902921454,0.23556436188172,0.0783623332745967,0.00456373526093582,0.00528472049192893,0.775165714650118,-0.0254201243911113,-9.53573963765094,-2.05850974727246e-14,-0.0429869122185295,1.24938539551573e-13,0,0,0,0,1,0.673086199299627,0.673086199299627,53.4452734134295,58.5277208295839,-0.418862302837095
51.43,0.236475109046558,0.0824787731361655,0.844939047417185,0.000292301706524462,0.000422442525595898,0.0286664186390353,79.2592372358523,0.235563621094396,0.0783620743342653,0.00456378402197977,0.0052222865727487,0.77516603757643,-0.0254183944585366,-9.53564721657451,-2.05850974727246e-14,-0.0429869122185295,1.24938539551573e-13,0,0,0,0,1,0.673086199299627,0.673086199299627,53.4288056138815,58.5424469446608,-0.4139125689874
51.44,0.236501148241833,0.0824157103637987,0.845219692620861,0.000293093892062506,0.000421854466077075,0.0286700084149908,79.2589904005903,0.235562898661818,0.0783618135337466,0.00456383106933213,0.00515983331220444,0.775166251125027,-0.0254166566754764,-9.53555622013616,-2.05850974727246e-14,-0.0429869122185295,1.24938539551573e-13,0,0,0,0,1,0.673086199299627,0.673086199299627,53.4123360008794,58.5571743926614,-0.40896136426532
51.45,0.236527180235179,0.0823526262732027,0.845500368355667,0.000293887068678434,0.000421284583335552,0.0286735951025304,79.2587497862211,0.235562194583539,0.0783615508735663,0.0045638764041338,0.00509736089381945,0.775166355304202,-0.0254149110535083,-9.53546664834306,-2.05850974727246e-14,-0.0429869122185295,1.24938539551573e-13,0,0,0,0,1,0.673086199299627,0.673086199299627,53.3958645696351,58.5719031746847,-0.404008702082385
51.46,0.236553205027652,0.0822895210486424,0.845781074634049,0.000294681234137285,0.0004207328788499,0.0286771786995848,79.2585153925884,0.235561508859058,0.0783612863542577,0.00456392002753244,0.00503486950112716,0.775166350122541,-0.0254131576042339,-9.53537850119875,-2.05850974727246e-14,-0.0429869122185295,1.24938539551573e-13,0,0,0,0,1,0.673086199299627,0.673086199299627,53.3793913153479,58.5866332918156,-0.399054595850034
51.47,0.236579222620332,0.0822263948744014,0.846061811468454,0.000295476386200706,0.000420199354039631,0.0286807592040966,79.2582872195181,0.235560841487824,0.0783610199763614,0.0045639619406824,0.00497235931767087,0.775166235588918,-0.0254113963392796,-9.53529177870312,-2.05850974727246e-14,-0.0429869122185295,1.24938539551573e-13,0,0,0,0,1,0.673086199299627,0.673086199299627,53.3629162332051,58.6013647451258,-0.394099058979604
51.48,0.236605233014323,0.0821632479347809,0.846342578871336,0.000296272522626965,0.000419684010265197,0.0286843366140202,79.258065266818,0.23556019246923,0.0783607517404256,0.00456400214474475,0.00490983052700293,0.775166011712495,-0.0254096272702976,-9.53520648085243,-2.05850974727246e-14,-0.0429869122185295,1.24938539551573e-13,0,0,0,0,1,0.673086199299627,0.673086199299627,53.3464393183818,58.6160975356736,-0.389142104882288
51.49,0.236631236210756,0.0821000804140991,0.846623376855149,0.000297069641170954,0.000419186848827991,0.0286879109273214,79.257849534278,0.235559561802616,0.0783604816470059,0.00456404064088729,0.00484728331268416,0.775165678502727,-0.0254078504089633,-9.53512260763929,-2.05850974727246e-14,-0.0429869122185295,1.24938539551573e-13,0,0,0,0,1,0.673086199299627,0.673086199299627,53.3299605660409,58.6308316645034,-0.384183746969103
51.5,0.236657232210785,0.0820368924966909,0.846904205432351,0.000297867739584197,0.000418707870970344,0.028691482141978,79.2576400216699,0.23555894948727,0.0783602096966654,0.00456407743028451,0.00478471785828333,0.775165235969353,-0.025406065766979,-9.53504015905263,-2.05850974727246e-14,-0.0429869122185295,1.24938539551573e-13,0,0,0,0,1,0.673086199299627,0.673086199299627,53.3134799713332,58.6455671326462,-0.379223998650863
51.51,0.236683221015591,0.0819736843669072,0.847185064615404,0.000298666815614855,0.000418247077875533,0.0286950502559794,79.2574367287477,0.235558355522427,0.0783599358899747,0.00456411251411763,0.00472213434737649,0.775164684122407,-0.0254042733560695,-9.53495913507778,-2.05850974727246e-14,-0.0429869122185295,1.24938539551573e-13,0,0,0,0,1,0.673086199299627,0.673086199299627,53.2969975293972,58.6603039411194,-0.374262873338147
51.52,0.236709202626378,0.0819104562091141,0.847465954416775,0.000299466867007734,0.000417804470667766,0.0286986152673267,79.2572396552474,0.235557779907268,0.0783596602275117,0.00456414589357454,0.00465953296354638,0.775164022972208,-0.0254024731879857,-9.53487953569644,-2.05850974727246e-14,-0.0429869122185295,1.24938539551573e-13,0,0,0,0,1,0.673086199299627,0.673086199299627,53.2805132353594,58.6750420909271,-0.369300384441265
51.53,0.236735177044378,0.0818472082076924,0.847746874848929,0.000300267891504292,0.000417380050412203,0.028702177174033,79.2570488008871,0.235557222640922,0.0783593827098619,0.00456417756984985,0.00459691389038195,0.775163252529363,-0.0254006652745033,-9.53480136088661,-2.05850974727246e-14,-0.0429869122185295,1.24938539551573e-13,0,0,0,0,1,0.673086199299627,0.673086199299627,53.2640270843343,58.6897815830592,-0.364336545370239
51.54,0.236761144270845,0.0817839405470372,0.84802782592434,0.000301069886842645,0.000416973818114942,0.0287057359741228,79.2568641653668,0.235556683722464,0.0783591033376181,0.00456420754414488,0.00453427731147744,0.77516237280477,-0.0253988496274214,-9.5347246106227,-2.05850974727246e-14,-0.0429869122185295,1.24938539551573e-13,0,0,0,0,1,0.673086199299627,0.673086199299627,53.2475390714243,58.7045224184926,-0.359371369534746
51.55,0.23678710430706,0.081720653411557,0.848308807655481,0.000301872850757572,0.000416585774723025,0.0287092916656327,79.2566857483687,0.235556163150917,0.0783588221113807,0.00456423581766761,0.00447162341043213,0.775161383809617,-0.0253970262585659,-9.53464928487548,-2.05850974727246e-14,-0.0429869122185295,1.24938539551573e-13,0,0,0,0,1,0.673086199299627,0.673086199299627,53.2310491917196,58.7192645981903,-0.354404870344115
51.56,0.236813057154328,0.081657346985673,0.84858982005483,0.000302676780980526,0.00041621592112444,0.028712844246611,79.2565135495571,0.23555566092525,0.0783585390317574,0.00456426239163274,0.00440895237084951,0.775160285555377,-0.0253951951797852,-9.53457538361203,-2.05850974727246e-14,-0.0429869122185295,1.24938539551573e-13,0,0,0,0,1,0.673086199299627,0.673086199299627,53.2145574402985,58.7340081231014,-0.349437061207275
51.57,0.23683900281398,0.081594021453819,0.848870863134867,0.000303481675239637,0.000415864258148124,0.0287163937151177,79.2563475685781,0.23555517704438,0.0783582540993634,0.00456428726726164,0.00434626437633681,0.775159078053813,-0.0253933564029536,-9.53450290679585,-2.05850974727246e-14,-0.0429869122185295,1.24938539551573e-13,0,0,0,0,1,0.673086199299627,0.673086199299627,53.1980638122274,58.748752994162,-0.344467955532737
51.58,0.236864941287372,0.0815306770004404,0.849151936908075,0.00030428753125972,0.000415530786563963,0.0287199400692246,79.2561878050603,0.235554711507169,0.0783579673148213,0.00456431044578235,0.00428355961050427,0.775157761316978,-0.0253915099399699,-9.53443185438678,-2.05850974727246e-14,-0.0429869122185295,1.24938539551573e-13,0,0,0,0,1,0.673086199299627,0.673086199299627,53.1815683025605,58.7634992122938,-0.339497566728556
51.59,0.236890872575883,0.0814673138099936,0.849433041386942,0.000305094346762283,0.000415215507082797,0.0287234833070154,79.2560342586139,0.235554264312429,0.0783576786787612,0.00456433192842962,0.00422083825696472,0.77515633535721,-0.0253896558027569,-9.53436222634103,-2.05850974727246e-14,-0.0429869122185295,1.24938539551573e-13,0,0,0,0,1,0.673086199299627,0.673086199299627,53.1650709063403,58.7782467784055,-0.334525908202307
51.6,0.236916796680918,0.0814039320669454,0.849714176583956,0.00030590211946553,0.000414918420356418,0.0287270234265857,79.2558869288317,0.235553835458916,0.0783573881918204,0.00456435171644486,0.00415810049933275,0.775154800187138,-0.0253877940032624,-9.53429402261117,-2.05850974727246e-14,-0.0429869122185295,1.24938539551573e-13,0,0,0,0,1,0.673086199299627,0.673086199299627,53.1485716185973,58.7929956933915,-0.329552993361042
51.61,0.23694271360391,0.0813405319557728,0.849995342511609,0.000306710847084375,0.000414639526977576,0.0287305604260427,79.2557458152881,0.235553424945337,0.078357095854644,0.00456436981107613,0.00409534652122427,0.775153155819678,-0.025385924553459,-9.53422724314614,-2.05850974727246e-14,-0.0429869122185295,1.24938539551573e-13,0,0,0,0,1,0.673086199299627,0.673086199299627,53.1320704343499,58.807745958133,-0.324578835611265
51.62,0.236968623346312,0.0812771136609616,0.850276539182396,0.00030752052733044,0.000414378827479985,0.0287340943035056,79.2556109175398,0.235553032770341,0.078356801667884,0.00456438621357818,0.00403257650625587,0.775151402268034,-0.0253840474653432,-9.53416188789124,-2.05850974727246e-14,-0.0429869122185295,1.24938539551573e-13,0,0,0,0,1,0.673086199299627,0.673086199299627,53.1155673486048,58.8224975734972,-0.319603448358908
51.63,0.236994525909605,0.0812136773670066,0.850557766608814,0.00030833115791207,0.000414136322338325,0.0287376250571056,79.2554822351258,0.235552658932529,0.0783565056322003,0.00456440092521244,0.00396979063804419,0.775149539545698,-0.0253821627509365,-9.53409795678814,-2.05850974727246e-14,-0.0429869122185295,1.24938539551573e-13,0,0,0,0,1,0.673086199299627,0.673086199299627,53.0990623563569,58.8372505403376,-0.314626845009287
51.64,0.237020421295295,0.0811502232584105,0.850839024803365,0.000309142736534334,0.000413912011968241,0.0287411526849854,79.2553597675669,0.235552303430445,0.07835620774826,0.00456441394724695,0.0039069891002053,0.775147567666448,-0.025380270422285,-9.5340354497749,-2.05850974727246e-14,-0.0429869122185295,1.24938539551573e-13,0,0,0,0,1,0.673086199299627,0.673086199299627,53.0825554525892,58.8520048594941,-0.309649038967077
51.65,0.237046309504911,0.0810867515196835,0.85112031377855,0.000309955260899037,0.000413705896726354,0.0287446771852999,79.2552435143661,0.235551966262584,0.0783559080167373,0.00456442528095644,0.00384417207635421,0.775145486644352,-0.0253783704914589,-9.53397436678592,-2.05850974727246e-14,-0.0429869122185295,1.24938539551573e-13,0,0,0,0,1,0.673086199299627,0.673086199299627,53.0660466322727,58.8667605317927,-0.304670043636285
51.66,0.237072190540009,0.0810232623353424,0.851401633546876,0.000310768728704721,0.000413517976910262,0.0287481985562157,79.2551334750085,0.235551647427385,0.0783556064383144,0.0045644349276223,0.00378133975010416,0.775143296493767,-0.0253764629705525,-9.53391470775198,-2.05850974727246e-14,-0.0429869122185295,1.24938539551573e-13,0,0,0,0,1,0.673086199299627,0.673086199299627,53.049535890367,58.8815175580458,-0.299689872420215
51.67,0.237098064402169,0.0809597558899106,0.851682984120851,0.000311583137646678,0.000413348252758541,0.0287517167959113,79.2550296489615,0.235551346923235,0.0783553030136803,0.00456444288853253,0.003718492305066,0.775140997229332,-0.0253745478716857,-9.53385647260025,-2.05850974727246e-14,-0.0429869122185295,1.24938539551573e-13,0,0,0,0,1,0.673086199299627,0.673086199299627,53.0330232218195,58.8962759390517,-0.29470853872143
51.68,0.237123931092995,0.0808962323679168,0.851964365512984,0.000312398485416956,0.00041319672445076,0.0287552319025772,79.2549320356743,0.235551064748469,0.0783549977435319,0.00456444916498181,0.00365562992484771,0.775138588865978,-0.0253726252070013,-9.53379966125425,-2.05850974727246e-14,-0.0429869122185295,1.24938539551573e-13,0,0,0,0,1,0.673086199299627,0.673086199299627,53.0165086215663,58.9110356755953,-0.289726055941734
51.69,0.237149790614118,0.0808326919538949,0.85224577773579,0.00031321476970436,0.000413063392107477,0.0287587438744158,79.2548406345786,0.235550800901369,0.0783546906285729,0.00456445375827143,0.00359275279305364,0.775136071418921,-0.025370694988668,-9.53374427363389,-2.05850974727246e-14,-0.0429869122185295,1.24938539551573e-13,0,0,0,0,1,0.673086199299627,0.673086199299627,52.9999920845313,58.9257967684474,-0.284742437482128
51.7,0.237175642967191,0.080769134832383,0.852527220801784,0.000314031988194468,0.000412948255790247,0.0287622527096413,79.2547554450879,0.235550555380164,0.0783543816695149,0.00456445666970934,0.0035298610932841,0.775133444903664,-0.0253687572288782,-9.53369030965543,-2.05850974727246e-14,-0.0429869122185295,1.24938539551573e-13,0,0,0,0,1,0.673086199299627,0.673086199299627,52.9834736056272,58.9405592183652,-0.279757696742795
51.71,0.237201488153895,0.0807055611879231,0.852808694723484,0.000314850138569632,0.000412851315501631,0.0287657584064799,79.2546764665981,0.23555032818303,0.0783540708670766,0.0045644579006101,0.00346695500913455,0.775130709335999,-0.0253668119398477,-9.53363776923155,-2.05850974727246e-14,-0.0429869122185295,1.24938539551573e-13,0,0,0,0,1,0.673086199299627,0.673086199299627,52.9669531797546,58.955323026092,-0.274771847123048
51.72,0.237227326175933,0.0806419712050604,0.853090199513411,0.000315669218508987,0.0004127725711852,0.0287692609631698,79.254603698487,0.235550119308089,0.0783537582219841,0.0045644574522949,0.00340403472419517,0.775127864732003,-0.025364859133818,-9.53358665227127,-2.05850974727246e-14,-0.0429869122185295,1.24938539551573e-13,0,0,0,0,1,0.673086199299627,0.673086199299627,52.9504308018027,58.9700881923572,-0.26978490202132
51.73,0.237253157035035,0.0805783650683427,0.853371735184086,0.00031648922568846,0.00041271202272554,0.028772760377961,79.2545371401148,0.235549928753414,0.0783534437349709,0.00456445532609156,0.00334110042205013,0.775124911108041,-0.0253628988230543,-9.53353695868,-2.05850974727246e-14,-0.0429869122185295,1.24938539551573e-13,0,0,0,0,1,0.673086199299627,0.673086199299627,52.9339064666489,58.9848547178764,-0.264796874835115
51.74,0.237278980732955,0.0805147429623197,0.853653301748036,0.000317310157780774,0.00041266966994826,0.0287762566491156,79.2544767908238,0.235549756517021,0.0783531274067778,0.00456445152333451,0.00327815228627705,0.775121848480763,-0.0253609310198462,-9.53348868835952,-2.05850974727246e-14,-0.0429869122185295,1.24938539551573e-13,0,0,0,0,1,0.673086199299627,0.673086199299627,52.9173801691593,58.9996226033513,-0.259807778960986
51.75,0.237304797271471,0.0804511050715425,0.853934899217787,0.000318132012455456,0.000412645512620002,0.0287797497749076,79.2544226499382,0.235549602596876,0.078352809238153,0.0045644460453648,0.00321519050044648,0.775118676867106,-0.0253589557365074,-9.53344184120802,-2.05850974727246e-14,-0.0429869122185295,1.24938539551573e-13,0,0,0,0,1,0.673086199299627,0.673086199299627,52.9008519041881,59.0143918494698,-0.25481762779451
51.76,0.237330606652387,0.080387451580563,0.854216527605869,0.000318954787378847,0.000412639550448436,0.028783239753623,79.2543747167647,0.235549466990891,0.0783524892298519,0.00456443889353007,0.00315221524812113,0.775115396284295,-0.025356972985376,-9.53339641712002,-2.05850974727246e-14,-0.0429869122185295,1.24938539551573e-13,0,0,0,0,1,0.673086199299627,0.673086199299627,52.884321666578,59.0291624569058,-0.249826434730243
51.77,0.237356408877531,0.0803237826739331,0.854498186924814,0.000319778480214106,0.000412651783082287,0.0287867265835597,79.2543329905921,0.235549349696927,0.0783521673826374,0.00456443006918458,0.00308922671285537,0.77511200674984,-0.0253549827788138,-9.53335241598647,-2.05850974727246e-14,-0.0429869122185295,1.24938539551573e-13,0,0,0,0,1,0.673086199299627,0.673086199299627,52.8677894511603,59.0439344263195,-0.244834213161695
51.78,0.237382203948757,0.0802600985362043,0.854779877187154,0.00032060308862122,0.000412682210111326,0.0287902102630276,79.2542974706913,0.23554925071279,0.0783518436972798,0.00456441957368918,0.0030262250781946,0.775108508281537,-0.0253529851292078,-9.5333098376947,-2.05850974727246e-14,-0.0429869122185295,1.24938539551573e-13,0,0,0,0,1,0.673086199299627,0.673086199299627,52.8512552527546,59.0587077583569,-0.239840976481305
51.79,0.237407991867942,0.0801963993519272,0.855061598405427,0.000321428610257008,0.000412730831066384,0.0287936907903487,79.2542681563154,0.235549170036235,0.0783515181745565,0.00456440740841133,0.00296321052767466,0.77510490089747,-0.0253509800489675,-9.53326868212839,-2.05850974727246e-14,-0.0429869122185295,1.24938539551573e-13,0,0,0,0,1,0.673086199299627,0.673086199299627,52.8347190661693,59.0734824536503,-0.234846738080397
51.8,0.237433772636988,0.0801326853056505,0.855343350592169,0.000322255042775133,0.000412797645419369,0.028797168163857,79.2542450466997,0.235549107664964,0.0783511908152523,0.00456439357472506,0.00290018324482131,0.775101184616005,-0.0253489675505287,-9.53322894916762,-2.05850974727246e-14,-0.0429869122185295,1.24938539551573e-13,0,0,0,0,1,0.673086199299627,0.673086199299627,52.8181808862011,59.0882585128179,-0.229851511349167
51.81,0.237459546257823,0.0800689565819208,0.855625133759921,0.000323082383826105,0.000412882652583255,0.0288006423818984,79.2542281410618,0.235549063596626,0.0783508616201594,0.00456437807401099,0.00283714341314942,0.775097359455798,-0.0253469476463495,-9.53319063868888,-2.05850974727246e-14,-0.0429869122185295,1.24938539551573e-13,0,0,0,0,1,0.673086199299627,0.673086199299627,52.8016407076352,59.1030359364643,-0.22485530967663
51.82,0.237485312732398,0.0800052133652816,0.855906947921224,0.000323910631057289,0.000412985851912107,0.0288041134428308,79.2542174386014,0.235549037828818,0.0783505305900771,0.00456436090765632,0.00277409121616261,0.775093425435788,-0.0253449203489123,-9.53315375056501,-2.05850974727246e-14,-0.0429869122185295,1.24938539551573e-13,0,0,0,0,1,0.673086199299627,0.673086199299627,52.7850985252457,59.1178147251796,-0.219858146450611
51.83,0.237511072062692,0.0799414558402732,0.856188793088622,0.000324739782112918,0.000413107242701087,0.0288075813450244,79.2542129385004,0.235549030359084,0.0783501977258124,0.00456434207705483,0.00271102683735249,0.775089382575203,-0.0253428856707247,-9.53311828466527,-2.05850974727246e-14,-0.0429869122185295,1.24938539551573e-13,0,0,0,0,1,0.673086199299627,0.673086199299627,52.7685543337948,59.1325948795403,-0.214860035057697
51.84,0.237536824250704,0.0798776841914315,0.85647066927466,0.000325569834634093,0.000413246824186459,0.0288110460868611,79.2542146399229,0.235549041184916,0.0783498630281792,0.00456432158360686,0.00264795046019802,0.775085230893551,-0.0253408436243175,-9.53308424085531,-2.05850974727246e-14,-0.0429869122185295,1.24938539551573e-13,0,0,0,0,1,0.673086199299627,0.673086199299627,52.7520081280339,59.1473764001089,-0.209860988883208
51.85,0.23756256929846,0.079813898603288,0.856752576491886,0.000326400786258792,0.000413404595545604,0.028814507666735,79.2542225420155,0.235549070303752,0.0783495264979988,0.00456429942871933,0.00258486226816522,0.775080970410629,-0.0253387942222449,-9.53305161899712,-2.05850974727246e-14,-0.0429869122185295,1.24938539551573e-13,0,0,0,0,1,0.673086199299627,0.673086199299627,52.7354599027027,59.1621592874338,-0.204861021311187
51.86,0.237588307208012,0.0797500992603686,0.857034514752848,0.000327232634621884,0.000413580555897025,0.0288179660830523,79.2542366439066,0.23554911771298,0.0783491881360999,0.00456427561380571,0.00252176244470617,0.775076601146519,-0.0253367374770864,-9.53302041894916,-2.05850974727246e-14,-0.0429869122185295,1.24938539551573e-13,0,0,0,0,1,0.673086199299627,0.673086199299627,52.7189096525296,59.1769435420495,-0.199860145724337
51.87,0.237614037981435,0.0796862863471934,0.857316484070099,0.000328065377355129,0.000413774704300365,0.0288214213342312,79.254256944707,0.235549183409933,0.0783488479433184,0.00456425014028601,0.00245865117325856,0.775072123121589,-0.0253346734014445,-9.5329906405662,-2.05850974727246e-14,-0.0429869122185295,1.24938539551573e-13,0,0,0,0,1,0.673086199299627,0.673086199299627,52.7023573722319,59.1917291644762,-0.194858375504005
51.88,0.237639761620828,0.0796224600482761,0.857598484456189,0.000328899012087187,0.000413987039756406,0.028824873418702,79.25428344351,0.235549267391893,0.0783485059204974,0.00456422300958682,0.00239552863724529,0.775067536356489,-0.0253326020079461,-9.5329622836995,-2.05850974727246e-14,-0.0429869122185295,1.24938539551573e-13,0,0,0,0,1,0.673086199299627,0.673086199299627,52.6858030565152,59.2065161552204,-0.189855724030165
51.89,0.237665478128316,0.0795586205481231,0.857880515923673,0.00032973353644363,0.00041421756120709,0.028828322334907,79.2543161393909,0.235549369656089,0.0783481620684875,0.00456419422314124,0.00233239502007359,0.775062840872158,-0.0253305233092415,-9.53293534819663,-2.05850974727246e-14,-0.0429869122185295,1.24938539551573e-13,0,0,0,0,1,0.673086199299627,0.673086199299627,52.6692467000744,59.2213045147744,-0.184852204681365
51.9,0.237691187506049,0.0794947680312332,0.858162578485107,0.000330568948046945,0.000414466267535523,0.0288317680813007,79.2543550314072,0.235549490199699,0.0783478163881463,0.00456416378238895,0.00226925050513446,0.775058036689813,-0.0253284373180057,-9.53290983390157,-2.05850974727246e-14,-0.0429869122185295,1.24938539551573e-13,0,0,0,0,1,0.673086199299627,0.673086199299627,52.6526882975928,59.2360942436165,-0.179847830834698
51.91,0.237716889756199,0.0794309026820966,0.858444672153048,0.000331405244516543,0.000414733157565996,0.0288352106563496,79.2544001185988,0.235549629019845,0.0783474688803388,0.00456413168877613,0.00220609527580232,0.775053123830966,-0.0253263440469367,-9.53288574065477,-2.05850974727246e-14,-0.0429869122185295,1.24938539551573e-13,0,0,0,0,1,0.673086199299627,0.673086199299627,52.6361278437425,59.250885342211,-0.174842615865791
51.92,0.237742584880966,0.0793670246851949,0.858726796940056,0.000332242423468768,0.000415018230063983,0.0288386500585324,79.2544513999879,0.235549786113601,0.0783471195459373,0.00456409794375549,0.00214292951543412,0.775048102317404,-0.0253242435087566,-9.53286306829298,-2.05850974727246e-14,-0.0429869122185295,1.24938539551573e-13,0,0,0,0,1,0.673086199299627,0.673086199299627,52.6195653331846,59.2656778110078,-0.169836573148754
51.93,0.237768272882572,0.079303134225,0.85900895285869,0.000333080482516903,0.000415321483736169,0.0288420862863397,79.2545088745789,0.235549961477986,0.0783467683858211,0.00456406254878629,0.00207975340736887,0.775042972171202,-0.0253221357162114,-9.53284181664941,-2.05850974727246e-14,-0.0429869122185295,1.24938539551573e-13,0,0,0,0,1,0.673086199299627,0.673086199299627,52.6030007605689,59.2804716504432,-0.164829716056158
51.94,0.237793953763264,0.0792392314859736,0.859291139921511,0.000333919419271178,0.000415642917230444,0.0288455193382746,79.2545725413584,0.235550155109966,0.0783464154008771,0.00456402550533428,0.00201656713492699,0.77503773341472,-0.0253200206820711,-9.53282198555365,-2.05850974727246e-14,-0.0429869122185295,1.24938539551573e-13,0,0,0,0,1,0.673086199299627,0.673086199299627,52.5864341205341,59.2952668609389,-0.159822057958993
51.95,0.237819627525314,0.0791753166525666,0.859573358141084,0.000334759231338779,0.000415982529135934,0.0288489492128519,79.2546423992955,0.235550367006457,0.0783460605919991,0.00456398681487174,0.00195337088140982,0.7750323860706,-0.025317898419129,-9.53280357483171,-2.05850974727246e-14,-0.0429869122185295,1.24938539551573e-13,0,0,0,0,1,0.673086199299627,0.673086199299627,52.5698654077078,59.3100634429029,-0.15481361222666
51.96,0.237845294171019,0.0791113899092187,0.859855607529972,0.000335599916323854,0.000416340317983001,0.0288523759085987,79.2547184473414,0.235550597164322,0.0783457039600882,0.00456394647887743,0.00189016483009889,0.775026930161771,-0.0253157689402022,-9.53278658430597,-2.05850974727246e-14,-0.0429869122185295,1.24938539551573e-13,0,0,0,0,1,0.673086199299627,0.673086199299627,52.5532946167065,59.3248613967288,-0.149804392226915
51.97,0.237870953702699,0.0790474514403574,0.860137888100742,0.000336441471827523,0.000416716282243261,0.0288557994240543,79.2548006844298,0.23555084558037,0.078345345506053,0.00456390449883665,0.0018269491642554,0.775021365711443,-0.0253136322581318,-9.53277101379525,-2.05850974727246e-14,-0.0429869122185295,1.24938539551573e-13,0,0,0,0,1,0.673086199299627,0.673086199299627,52.5367217421356,59.3396607227962,-0.144794411325854
51.98,0.237896606122701,0.078983501430398,0.860420199865961,0.000337283895447883,0.000417110420329597,0.0288592197577702,79.2548891094766,0.23555111225136,0.078344985230809,0.00456386087624117,0.00176372406711962,0.775015692743111,-0.0253114883857823,-9.53275686311475,-2.05850974727246e-14,-0.0429869122185295,1.24938539551573e-13,0,0,0,0,1,0.673086199299627,0.673086199299627,52.5201467785896,59.3544614214705,-0.139783682887877
51.99,0.237922251433393,0.0789195400637421,0.860702542838195,0.000338127184780018,0.000417522730596171,0.0288626369083098,79.2549837213799,0.235551397173997,0.078344623135279,0.00456381561258925,0.00170048972191023,0.775009911280554,-0.0253093373360418,-9.5327441320761,-2.05850974727246e-14,-0.0429869122185295,1.24938539551573e-13,0,0,0,0,1,0.673086199299627,0.673086199299627,52.5035697206518,59.369263493103,-0.134772220275655
52,0.237947889637171,0.0788555675247779,0.860984917030016,0.000338971337416007,0.00041795321133844,0.0288660508742488,79.2550845190204,0.235551700344936,0.0783442592203929,0.00456376870938564,0.0016372463118238,0.775004021347834,-0.0253071791218219,-9.53273282048732,-2.05850974727246e-14,-0.0429869122185295,1.24938539551573e-13,0,0,0,0,1,0.673086199299627,0.673086199299627,52.4869905628946,59.3840669380308,-0.129760036850103
52.01,0.237973520736453,0.0787915839978791,0.861267322453994,0.000339816350944931,0.00041840186079317,0.0288694616541752,79.2551915012609,0.235552021760776,0.0783438934870881,0.00456372016814157,0.00157399402003417,0.774998022969296,-0.0253050137560582,-9.53272292815285,-2.05850974727246e-14,-0.0429869122185295,1.24938539551573e-13,0,0,0,0,1,0.673086199299627,0.673086199299627,52.4704092998793,59.3988717565767,-0.124747145970347
52.02,0.237999144733682,0.0787275896674043,0.8615497591227,0.00034066222295288,0.00041886867713845,0.0288728692466889,79.2553046669467,0.235552361418068,0.0783435259363088,0.00456366999037473,0.00151073302969178,0.774991916169568,-0.0253028412517098,-9.53271445487352,-2.05850974727246e-14,-0.0429869122185295,1.24938539551573e-13,0,0,0,0,1,0.673086199299627,0.673086199299627,52.4538259261566,59.4136779490495,-0.119733560993693
52.03,0.238024761631325,0.0786635847176968,0.861832227048707,0.000341508951022963,0.000419353658493708,0.0288762736504022,79.2554240149053,0.235552719313309,0.0783431565690067,0.00456361817760929,0.00144746352392321,0.774985700973563,-0.0253006616217586,-9.53270740044659,-2.05850974727246e-14,-0.0429869122185295,1.24938539551573e-13,0,0,0,0,1,0.673086199299627,0.673086199299627,52.4372404362659,59.4284855157437,-0.114719295275599
52.04,0.238050371431876,0.0785995693330832,0.862114726244589,0.000342356532735316,0.000419856802919719,0.0288796748639394,79.2555495439467,0.235553095442942,0.0783427853861405,0.00456356473137588,0.00138418568583046,0.774979377406474,-0.0252984748792114,-9.53270176466574,-2.05850974727246e-14,-0.0429869122185295,1.24938539551573e-13,0,0,0,0,1,0.673086199299627,0.673086199299627,52.4206528247358,59.4432944569396,-0.109704362169639
52.05,0.238075974137849,0.0785355436978738,0.86239725672292,0.000343204965667106,0.000420378108418632,0.0288830728859372,79.2556812528631,0.235553489803362,0.0783424123886761,0.00456350965321158,0.00132089969849045,0.77497294549378,-0.0252962810370969,-9.53269754732104,-2.05850974727246e-14,-0.0429869122185295,1.24938539551573e-13,0,0,0,0,1,0.673086199299627,0.673086199299627,52.4040630860841,59.4581047729032,-0.104688775027479
52.06,0.238101569751787,0.0784715079963612,0.862679818496277,0.000344054247392545,0.000420917572933977,0.0288864677150444,79.2558191404293,0.235553902390908,0.0783420375775866,0.00456345294465991,0.0012576057449543,0.77496640526124,-0.0252940801084682,-9.532694748199,-2.05850974727246e-14,-0.0429869122185295,1.24938539551573e-13,0,0,0,0,1,0.673086199299627,0.673086199299627,52.3874712148179,59.4729164638863,-0.0996725471988364
52.07,0.238127158276254,0.07840746241282,0.862962411577235,0.000344904375482894,0.000421475194350683,0.0288898593499219,79.2559632054023,0.235554333201869,0.0783416609538521,0.00456339460727085,0.00119430400824686,0.774959756734896,-0.0252918721064016,-9.53269336708252,-2.05850974727246e-14,-0.0429869122185295,1.24938539551573e-13,0,0,0,0,1,0.673086199299627,0.673086199299627,52.370877205433,59.4877295301266,-0.0946556920314592
52.08,0.238152739713839,0.0783434071315062,0.863245035978372,0.000345755347506472,0.000422050970495099,0.0288932477892429,79.2561134465215,0.235554782232483,0.0783412825184602,0.00456333464260079,0.00113099467136605,0.774952999941075,-0.0252896570439967,-9.53269340375095,-2.05850974727246e-14,-0.0429869122185295,1.24938539551573e-13,0,0,0,0,1,0.673086199299627,0.673086199299627,52.3542810524149,59.5025439718474,-0.0896382228710895
52.09,0.238178314067157,0.0782793423366567,0.863527691712266,0.000346607161028665,0.000422644899135001,0.028896633031693,79.2562698625088,0.235555249478932,0.0783409022724053,0.00456327305221259,0.00106767791728227,0.774946134906382,-0.0252874349343769,-9.53269485798002,-2.05850974727246e-14,-0.0429869122185295,1.24938539551573e-13,0,0,0,0,1,0.673086199299627,0.673086199299627,52.3376827502381,59.5173597892577,-0.0846201530614348
52.1,0.238203881338845,0.0782152682124884,0.863810378791496,0.000347459813611933,0.000423256977979619,0.0289000150759697,79.2564324520684,0.23555573493735,0.0783405202166889,0.0045632098376755,0.00100435392893787,0.774939161657708,-0.0252852057906879,-9.53269772954192,-2.05850974727246e-14,-0.0429869122185295,1.24938539551573e-13,0,0,0,0,1,0.673086199299627,0.673086199299627,52.3210822933662,59.5321769825522,-0.0796014959441385
52.11,0.238229441531566,0.0781511849431978,0.864093097228641,0.000348313302815818,0.000423887204679643,0.0289033939207828,79.2566012138869,0.235556238603817,0.07834013635232,0.0045631450005652,0.000941022889246396,0.774932080222225,-0.0252829696260997,-9.53270201820524,-2.05850974727246e-14,-0.0429869122185295,1.24938539551573e-13,0,0,0,0,1,0.673086199299627,0.673086199299627,52.3044796762524,59.5469955519114,-0.0745822648587415
52.12,0.238254994648007,0.0780870927129604,0.864375847036283,0.000349167626196954,0.00042453557682725,0.0289067695648546,79.2567761466334,0.235556760474362,0.0783397506803144,0.00456307854246378,0.000877684981092142,0.774924890627384,-0.0252807264538053,-9.53270772373498,-2.05850974727246e-14,-0.0429869122185295,1.24938539551573e-13,0,0,0,0,1,0.673086199299627,0.673086199299627,52.287874893339,59.5618154975016,-0.0695624731426605
52.13,0.238280540690878,0.0780229917059302,0.864658628227002,0.000350022781309072,0.000425202091956119,0.0289101420069194,79.2569572489594,0.235557300544961,0.0783393632016951,0.00456301046495974,0.000814340387329549,0.774917592900922,-0.0252784762870207,-9.5327148458926,-2.05850974727246e-14,-0.0429869122185295,1.24938539551573e-13,0,0,0,0,1,0.673086199299627,0.673086199299627,52.2712679390575,59.5766368194744,-0.0645421341311563
52.14,0.238306079662914,0.0779588821062387,0.864941440813378,0.000350878765703011,0.000425886747541443,0.0289135112457237,79.2571445194988,0.235557858811539,0.0783389739174922,0.00456294076964796,0.000750989290782497,0.774910187070854,-0.0252762191389855,-9.53272338443595,-2.05850974727246e-14,-0.0429869122185295,1.24938539551573e-13,0,0,0,0,1,0.673086199299627,0.673086199299627,52.254658807829,59.5914595179676,-0.0595212611572951
52.15,0.238331611566876,0.0778947640979946,0.865224284807995,0.000351735576926727,0.000426589540999957,0.0289168772800265,79.257337956868,0.235558435269969,0.0783385828287429,0.00456286945812973,0.000687631874243792,0.77490267316548,-0.025273955022962,-9.53273333911934,-2.05850974727246e-14,-0.0429869122185295,1.24938539551573e-13,0,0,0,0,1,0.673086199299627,0.673086199299627,52.2380474940639,59.6062835931042,-0.0544998675519235
52.16,0.238357136405547,0.0778306378652834,0.865507160223435,0.000352593212525296,0.000427310469689945,0.0289202401085988,79.2575375596658,0.235559029916073,0.0783381899364915,0.00456279653201273,0.000624268320474637,0.774895051213378,-0.0252716839522363,-9.53274470969346,-2.05850974727246e-14,-0.0429869122185295,1.24938539551573e-13,0,0,0,0,1,0.673086199299627,0.673086199299627,52.2214339921618,59.621109044993,-0.0494779666436438
52.17,0.238382654181734,0.0777665035921663,0.865790067072281,0.00035345167004093,0.000428049530911273,0.028923599730224,79.2577433264735,0.235559642745618,0.0783377952417894,0.004562721992911,0.000560898812203898,0.774887321243408,-0.0252694059401168,-9.53275749590548,-2.05850974727246e-14,-0.0429869122185295,1.24938539551573e-13,0,0,0,0,1,0.673086199299627,0.673086199299627,52.2048182965119,59.6359358737286,-0.0444555717587711
52.18,0.238408164898269,0.07770236146268,0.866073005367116,0.000354310947012978,0.000428806721905393,0.0289269561436978,79.2579552558547,0.235560273754322,0.0783373987456951,0.00456264584244497,0.000497523532127557,0.774879483284711,-0.0252671209999356,-9.53277169749897,-2.05850974727246e-14,-0.0429869122185295,1.24938539551573e-13,0,0,0,0,1,0.673086199299627,0.673086199299627,52.1882004014928,59.650764079391,-0.039432696221307
52.19,0.23843366855801,0.0776382116608357,0.866355975120525,0.000355171040977939,0.000429582039855372,0.0289303093478281,79.2581733463558,0.235560922937851,0.078337000449274,0.00456256808224143,0.000434142662908212,0.774871537366711,-0.0252648291450478,-9.53278731421393,-2.05850974727246e-14,-0.0429869122185295,1.24938539551573e-13,0,0,0,0,1,0.673086199299627,0.673086199299627,52.1715803014725,59.665593662046,-0.034409353352916
52.2,0.238459165163836,0.0775740543706191,0.86663897634509,0.000356031949469468,0.00043037548188591,0.0289336593414351,79.2583975965054,0.235561590291819,0.0783366003535987,0.00456248871393351,0.000370756387174286,0.774863483519111,-0.0252625303888311,-9.53280434578683,-2.05850974727246e-14,-0.0429869122185295,1.24938539551573e-13,0,0,0,0,1,0.673086199299627,0.673086199299627,52.1549579908087,59.6804246217449,-0.0293855564728789
52.21,0.238484654718651,0.0775098897759893,0.866922009053397,0.000356893670018387,0.000431187045063355,0.0289370061233512,79.2586280048147,0.235562275811787,0.0783361984597489,0.00456240773916073,0.000307364887519723,0.774855321771893,-0.025260224744687,-9.53282279195052,-2.05850974727246e-14,-0.0429869122185295,1.24938539551573e-13,0,0,0,0,1,0.673086199299627,0.673086199299627,52.1383334638483,59.6952569585247,-0.0243613188980856
52.22,0.238510137225385,0.0774457180608781,0.867205073258031,0.000357756200152689,0.000432016726395729,0.0289403496924214,79.2588645697773,0.235562979493267,0.0783357947688113,0.00456232515956892,0.000243968346503082,0.774847052155323,-0.0252579122260391,-9.53284265243435,-2.05850974727246e-14,-0.0429869122185295,1.24938539551573e-13,0,0,0,0,1,0.673086199299627,0.673086199299627,52.1217067149279,59.7100906724078,-0.0193366539429789
52.23,0.23853561268699,0.07738153940919,0.867488168971575,0.000358619537397551,0.000432864522832742,0.0289436900475027,79.2591072898696,0.235563701331716,0.0783353892818796,0.00456224097681027,0.000180566946647174,0.774838674699944,-0.0252555928463345,-9.53286392696402,-2.05850974727246e-14,-0.0429869122185295,1.24938539551573e-13,0,0,0,0,1,0.673086199299627,0.673086199299627,52.1050777383737,59.7249257634023,-0.0143115749195424
52.24,0.238561081106443,0.077317354004801,0.867771296206616,0.000359483679275341,0.000433730431265823,0.0289470271874644,79.2593561635501,0.235564441322542,0.0783349820000544,0.00456215519254329,0.000117160870438294,0.77483018943658,-0.0252532666190433,-9.53288661526176,-2.05850974727246e-14,-0.0429869122185295,1.24938539551573e-13,0,0,0,0,1,0.673086199299627,0.673086199299627,52.0884465285014,59.7397622315019,-0.00928609513725576
52.25,0.238586542486745,0.0772531620315585,0.868054454975739,0.000360348623305623,0.000434614448528128,0.0289503611111882,79.2596111892602,0.235565199461099,0.0783345729244437,0.00456206780843283,5.37503003258413e-05,0.774821596396338,-0.0252509335576578,-9.53291071704618,-2.05850974727246e-14,-0.0429869122185295,1.24938539551573e-13,0,0,0,0,1,0.673086199299627,0.673086199299627,52.0718130796163,59.7546000766858,-0.00426022790308078
52.26,0.238611996830921,0.0771889636732801,0.868337645291528,0.000361214367005171,0.000435516571394569,0.0289536918175683,79.2598723654236,0.235565975742692,0.0783341620561622,0.00456197882615004,-9.6645812784151e-06,0.7748128956106,-0.0252485936756937,-9.53293623203235,-2.05850974727246e-14,-0.0429869122185295,1.24938539551573e-13,0,0,0,0,1,0.673086199299627,0.673086199299627,52.0551773860135,59.7694392989188,0.000766013478580518
52.27,0.23863744414202,0.0771247591137535,0.868620867166569,0.000362080907887975,0.000436436796581837,0.0289570193055108,79.2601396904467,0.235566770162573,0.0783337493963316,0.00456188824737238,-7.30835920010447e-05,0.77480408711103,-0.0252462469866896,-9.53296315993179,-2.05850974727246e-14,-0.0429869122185295,1.24938539551573e-13,0,0,0,0,1,0.673086199299627,0.673086199299627,52.0385394419775,59.7842798981511,0.00579261570592582
52.28,0.238662884423115,0.0770605485367359,0.868904120613447,0.000362948243465248,0.000437375120748419,0.0289603435739345,79.2604131627182,0.235567582715942,0.0783333349460808,0.00456179607378364,-0.000136506549507216,0.774795170929573,-0.0252438935042064,-9.53299150045245,-2.05850974727246e-14,-0.0429869122185295,1.24938539551573e-13,0,0,0,0,1,0.673086199299627,0.673086199299627,52.0218992417827,59.7991218743186,0.0108195654797569
52.29,0.238688317677302,0.076996332125953,0.869187405644748,0.000363816371245438,0.00043833154049462,0.0289636646217703,79.2606927806097,0.235568413397949,0.0783329187065456,0.00456170230707388,-0.000199933271501627,0.774786147098451,-0.0252415332418281,-9.53302125329872,-2.05850974727246e-14,-0.0429869122185295,1.24938539551573e-13,0,0,0,0,1,0.673086199299627,0.673086199299627,52.0052567796931,59.8139652273426,0.0158468495035375
52.3,0.238713743907705,0.0769321100650986,0.869470722273056,0.000364685288734231,0.000439306052362588,0.0289669824479615,79.2609785424751,0.235569262203691,0.0783325006788687,0.00456160694893947,-0.000263363575728849,0.774777015650166,-0.0252391662131617,-9.53305241817148,-2.05850974727246e-14,-0.0429869122185295,1.24938539551573e-13,0,0,0,0,1,0.673086199299627,0.673086199299627,51.9886120499624,59.8288099571298,0.0208744544834039
52.31,0.238739163117466,0.0768678825378343,0.869754070510958,0.000365554993434569,0.00044029865283634,0.0289702970514639,79.261270446651,0.235570129128213,0.0783320808641998,0.00456151000108303,-0.000326797279974074,0.7747677766175,-0.0252367924318361,-9.53308499476799,-2.05850974727246e-14,-0.0429869122185295,1.24938539551573e-13,0,0,0,0,1,0.673086199299627,0.673086199299627,51.9719650468341,59.8436560635728,0.0259023671282081
52.32,0.238764575309756,0.0768036497277885,0.870037450371036,0.000366425482846647,0.000441309338341773,0.0289736084312453,79.2615684914566,0.235571014166511,0.0783316592636957,0.00456141146521348,-0.000390234202063634,0.774758430033512,-0.0252344119115034,-9.53311898278201,-2.05850974727246e-14,-0.0429869122185295,1.24938539551573e-13,0,0,0,0,1,0.673086199299627,0.673086199299627,51.9553157645415,59.8585035465491,0.0309305741495436
52.33,0.238789980487767,0.0767394118185558,0.870320861865877,0.00036729675446793,0.000442338105246697,0.0289769165862861,79.2618726751937,0.235571917313528,0.07833123587852,0.00456131134304602,-0.000453674159865599,0.774748975931543,-0.0252320246658383,-9.53315438190374,-2.05850974727246e-14,-0.0429869122185295,1.24938539551573e-13,0,0,0,0,1,0.673086199299627,0.673086199299627,51.9386641973078,59.8733524059222,0.0359590622617754
52.34,0.238815378654716,0.0766751689936969,0.870604305008064,0.000368168805793161,0.00044338494986086,0.0289802215155791,79.2621829961466,0.235572838564156,0.0783308107098434,0.00456120963630208,-0.00051711697129038,0.77473941434521,-0.025229630708538,-9.53319119181982,-2.05850974727246e-14,-0.0429869122185295,1.24938539551573e-13,0,0,0,0,1,0.673086199299627,0.673086199299627,51.9220103393459,59.8882026415407,0.0409878181820726
52.35,0.238840769813845,0.0766109214367372,0.870887779810182,0.000369041634314365,0.000444449868435964,0.0289835232181292,79.2624994525822,0.235573777913235,0.0783303837588434,0.00456110634670935,-0.000580562454291285,0.774729745308407,-0.0252272300533226,-9.53322941221336,-2.05850974727246e-14,-0.0429869122185295,1.24938539551573e-13,0,0,0,0,1,0.673086199299627,0.673086199299627,51.9053541848584,59.9030542532389,0.0460168286304361
52.36,0.238866153968417,0.0765466693311669,0.871171286284814,0.00036991523752086,0.000445532857165693,0.0289868216929539,79.2628220427503,0.235574735355554,0.0783299550267045,0.00456100147600179,-0.000644010426865208,0.774719968855311,-0.0252248227139338,-9.5332690427639,-2.05850974727246e-14,-0.0429869122185295,1.24938539551573e-13,0,0,0,0,1,0.673086199299627,0.673086199299627,51.8886957280382,59.9179072408363,0.051046080329737
52.37,0.238891531121722,0.0764824128604401,0.871454824444544,0.000370789612899271,0.000446633912185737,0.0289901169390829,79.2631507648831,0.23557571088585,0.078329524514618,0.00456089502591957,-0.000707460707053062,0.774710085020374,-0.025222408704137,-9.53331008314747,-2.05850974727246e-14,-0.0429869122185295,1.24938539551573e-13,0,0,0,0,1,0.673086199299627,0.673086199299627,51.8720349630676,59.932761604138,0.056075560005735
52.38,0.238916901277072,0.0764181522079744,0.871738394301954,0.000371664757933528,0.000447753029573816,0.0289934089555584,79.2634856171954,0.235576704498811,0.0783290922237825,0.00456078699820909,-0.000770913112940451,0.774700093838326,-0.0252199880377189,-9.53335253303653,-2.05850974727246e-14,-0.0429869122185295,1.24938539551573e-13,0,0,0,0,1,0.673086199299627,0.673086199299627,51.8553718841193,59.9476173429346,0.0611052543871153
52.39,0.238942264437803,0.0763538875571498,0.872021995869628,0.000372540670104884,0.000448890205349705,0.0289966977414349,79.2638265978847,0.235577716189072,0.078328658155403,0.004560677394623,-0.00083436746265833,0.774689995344177,-0.0252175607284895,-9.53339639210003,-2.05850974727246e-14,-0.0429869122185295,1.24938539551573e-13,0,0,0,0,1,0.673086199299627,0.673086199299627,51.8387064853557,59.9624744570018,0.0661351502055254
52.4,0.238967620607276,0.0762896190913088,0.872305629160146,0.000373417346891922,0.000450045435475259,0.0289999832957793,79.2641737051314,0.235578745951216,0.0783282223106918,0.00456056621692014,-0.000897823574383488,0.774679789573211,-0.0252151267902813,-9.53344166000332,-2.05850974727246e-14,-0.0429869122185295,1.24938539551573e-13,0,0,0,0,1,0.673086199299627,0.673086199299627,51.8220387609291,59.977332946101,0.0711652341955968
52.41,0.238992969788875,0.0762253469937552,0.872589294186091,0.000374294785770559,0.000451218715854441,0.0290032656176708,79.2645269370982,0.235579793779776,0.0783277846908679,0.00456045346686557,-0.000961281266339122,0.774669476560993,-0.0252126862369478,-9.53348833640829,-2.05850974727246e-14,-0.0429869122185295,1.24938539551573e-13,0,0,0,0,1,0.673086199299627,0.673086199299627,51.805368704982,59.9921928099789,0.0761954930949749
52.42,0.239018311986007,0.0761610714477539,0.872872990960043,0.000375172984214061,0.000452410042333343,0.0290065447062011,79.2648862919308,0.235580859669235,0.0783273452971572,0.00456033914623054,-0.00102474035679553,0.774659056343363,-0.0252102390823664,-9.53353642097323,-2.05850974727246e-14,-0.0429869122185295,1.24938539551573e-13,0,0,0,0,1,0.673086199299627,0.673086199299627,51.7886963116468,60.0070540483674,0.0812259136443574
52.43,0.239043647202105,0.0760967926365301,0.873156719494583,0.000376051939693047,0.000453619410700212,0.0290098205604743,79.2652517677573,0.235581943614021,0.0783269041307924,0.00456022325679249,-0.00108820066407059,0.774648528956441,-0.0252077853404364,-9.53358591335296,-2.05850974727246e-14,-0.0429869122185295,1.24938539551573e-13,0,0,0,0,1,0.673086199299627,0.673086199299627,51.7720215750461,60.0219166609841,0.0862564825875172
52.44,0.239068975440622,0.0760325107432688,0.87344047980229,0.000376931649675501,0.000454846816685481,0.0290130931796067,79.2656233626887,0.235583045608516,0.0783264611930134,0.00456010580033507,-0.00115166200653044,0.77463789443662,-0.0252053250250785,-9.53363681319868,-2.05850974727246e-14,-0.0429869122185295,1.24938539551573e-13,0,0,0,0,1,0.673086199299627,0.673086199299627,51.7553444892924,60.0367806475317,0.0912871866713383
52.45,0.23909429670504,0.0759682259511141,0.873724271895742,0.000377812111626781,0.000456092255961794,0.0290163625627273,79.2660010748187,0.235584165647046,0.0783260164850665,0.00455998677864808,-0.00121512420259002,0.774627152820575,-0.0252028581502367,-9.53368912015814,-2.05850974727246e-14,-0.0429869122185295,1.24938539551573e-13,0,0,0,0,1,0.673086199299627,0.673086199299627,51.7386650484884,60.0516460076984,0.0963180126458463
52.46,0.23911961099886,0.0759039384431688,0.874008095787519,0.000378693323009625,0.000457355724144029,0.0290196287089772,79.2663849022236,0.23558530372389,0.0783255700082051,0.00455986619352748,-0.00127858707071356,0.774616304145254,-0.0252003847298765,-9.5337428338755,-2.05850974727246e-14,-0.0429869122185295,1.24938539551573e-13,0,0,0,0,1,0.673086199299627,0.673086199299627,51.7219832467269,60.0665127411577,0.101348947264228
52.47,0.239144918325609,0.0758396484024935,0.874291951490196,0.000379575281284162,0.000458637216789327,0.0290228916175101,79.2667748429626,0.235586459833273,0.0783251217636895,0.00455974404677543,-0.00134205042941541,0.77460534844788,-0.0251979047779863,-9.53379795399144,-2.05850974727246e-14,-0.0429869122185295,1.24938539551573e-13,0,0,0,0,1,0.673086199299627,0.673086199299627,51.7052990780908,60.0813808475683,0.106379977282881
52.48,0.239170218688838,0.0757753560121063,0.874575839016351,0.000380457983907922,0.00045993672939712,0.029026151287492,79.2671708950775,0.235587633969371,0.0783246717527867,0.00455962034020021,-0.00140551409726038,0.774594285765959,-0.0251954183085756,-9.53385448014308,-2.05850974727246e-14,-0.0429869122185295,1.24938539551573e-13,0,0,0,0,1,0.673086199299627,0.673086199299627,51.6886125366533,60.0962503265744,0.111411089461429
52.49,0.23919551209212,0.075711061454982,0.874859758378558,0.000381341428335843,0.000461254257409158,0.0290294077181014,79.2675730565929,0.235588826126307,0.0783242199767706,0.00455949507561625,-0.00146897789286447,0.774583116137266,-0.0251929253356768,-9.53391241196402,-2.05850974727246e-14,-0.0429869122185295,1.24938539551573e-13,0,0,0,0,1,0.673086199299627,0.673086199299627,51.6719236164778,60.1111211778054,0.116442270562758
52.5,0.239220798539053,0.0756467649140518,0.875143709589393,0.00038222561202028,0.000462589796209539,0.0290326609085291,79.2679813255162,0.235590036298155,0.0783237664369217,0.00455936825484413,-0.00153244163489544,0.774571839599858,-0.0251904258733437,-9.53397174908434,-2.05850974727246e-14,-0.0429869122185295,1.24938539551573e-13,0,0,0,0,1,0.673086199299627,0.673086199299627,51.6552323116177,60.1259934008762,0.121473507353049
52.51,0.239246078033258,0.0755824665722021,0.87542769266143,0.000383110532411016,0.000463943341124732,0.0290359108579784,79.2683956998374,0.235591264478938,0.0783233111345277,0.00455923987971053,-0.00159590514207321,0.774560456192063,-0.0251879199356532,-9.5340324911306,-2.05850974727246e-14,-0.0429869122185295,1.24938539551573e-13,0,0,0,0,1,0.673086199299627,0.673086199299627,51.6385386161168,60.1408669953866,0.126504786601796
52.52,0.239271350578381,0.0755181666122747,0.87571170760724,0.000383996186955269,0.000465314887423607,0.0290391575656651,79.2688161775295,0.235592510662626,0.0783228540708828,0.00455910995204829,-0.00165936823317078,0.774548965952488,-0.0251854075367028,-9.53409463772583,-2.05850974727246e-14,-0.0429869122185295,1.24938539551573e-13,0,0,0,0,1,0.673086199299627,0.673086199299627,51.6218425240094,60.1557419609221,0.131536095081857
52.53,0.23929661617809,0.0754538652170656,0.875995754439395,0.000384882573097702,0.00046670443031747,0.0290424010308172,79.2692427565483,0.235593774843141,0.078322395247288,0.00455897847369632,-0.00172283072701455,0.774537368920014,-0.0251828886906129,-9.53415818848955,-2.05850974727246e-14,-0.0429869122185295,1.24938539551573e-13,0,0,0,0,1,0.673086199299627,0.673086199299627,51.6051440293197,60.1706182970532,0.136567419569467
52.54,0.239321874836077,0.0753895625693246,0.876279833170466,0.000385769688280432,0.000468111964960084,0.0290456412526753,79.2696754348321,0.235595057014351,0.0783219346650511,0.00455884544649966,-0.001786292442485,0.774525665133799,-0.0251803634115258,-9.53422314303774,-2.05850974727246e-14,-0.0429869122185295,1.24938539551573e-13,0,0,0,0,1,0.673086199299627,0.673086199299627,51.5884431260624,60.1854960033357,0.141598746844277
52.55,0.239347126556058,0.0753252588517547,0.876563943813022,0.000386657529943039,0.000469537486447701,0.0290488782304923,79.2701142103023,0.235596357170077,0.0783214723254868,0.00455871087230944,-0.00184975319851723,0.774513854633273,-0.025177831713605,-9.5342895009829,-2.05850974727246e-14,-0.0429869122185295,1.24938539551573e-13,0,0,0,0,1,0.673086199299627,0.673086199299627,51.5717398082427,60.2003750793109,0.146630063689382
52.56,0.239372371341773,0.0752609542470117,0.876848086379632,0.000387546095522575,0.000470980989819093,0.0290521119635338,79.2705590808631,0.235597675304087,0.0783210082299165,0.00455857475298287,-0.00191321281410164,0.774501937458147,-0.0251752936110366,-9.53435726193398,-2.05850974727246e-14,-0.0429869122185295,1.24938539551573e-13,0,0,0,0,1,0.673086199299627,0.673086199299627,51.5550340698559,60.215255524505,0.151661356891354
52.57,0.239397609196983,0.0751966489377033,0.877132260882861,0.000388435382453574,0.000472442470055577,0.0290553424510774,79.2710100444014,0.235599011410097,0.0783205423796682,0.00455843709038325,-0.0019766711082844,0.774489913648399,-0.0251727491180281,-9.53442642549644,-2.05850974727246e-14,-0.0429869122185295,1.24938539551573e-13,0,0,0,0,1,0.673086199299627,0.673086199299627,51.538325904888,60.2301373384296,0.156692613240265
52.58,0.239422840125476,0.0751323431063886,0.877416467335276,0.000389325388168061,0.000473921922081052,0.0290585696924136,79.271467098787,0.235600365481776,0.0783200747760768,0.00455829788637994,-0.00204012790016807,0.774477783244288,-0.0251701982488088,-9.5344969912722,-2.05850974727246e-14,-0.0429869122185295,1.24938539551573e-13,0,0,0,0,1,0.673086199299627,0.673086199299627,51.5216153073152,60.2450205205815,0.161723819529729
52.59,0.239448064131061,0.0750680369355775,0.877700705749442,0.000390216110095559,0.000475419340762023,0.029061793686845,79.2719302418725,0.235601737512738,0.0783196054204839,0.00455815714284837,-0.00210358300891215,0.774465546286346,-0.0251676410176296,-9.53456895885971,-2.05850974727246e-14,-0.0429869122185295,1.24938539551573e-13,0,0,0,0,1,0.673086199299627,0.673086199299627,51.5049022711041,60.2599050704428,0.166754962556915
52.6,0.239473281217572,0.0750037306077304,0.877984976137921,0.0003911075456631,0.000476934720907634,0.0290650144336869,79.2723994714935,0.235603127496549,0.0783191343142377,0.00455801486167001,-0.00216703625373382,0.774453202815378,-0.0251650774387635,-9.53464232785387,-2.05850974727246e-14,-0.0429869122185295,1.24938539551573e-13,0,0,0,0,1,0.673086199299627,0.673086199299627,51.488186790212,60.2747909874807,0.171786029122603
52.61,0.239498491388866,0.0749394243052571,0.878269278513274,0.000391999692295236,0.000478468057269699,0.0290682319322667,79.2728747854685,0.235604535426725,0.0783186614586934,0.00455787104473238,-0.00223048745390832,0.774440752872464,-0.0251625075265052,-9.5347170978461,-2.05850974727246e-14,-0.0429869122185295,1.24938539551573e-13,0,0,0,0,1,0.673086199299627,0.673086199299627,51.4714688585867,60.2896782711475,0.176817006031191
52.62,0.239523694648823,0.0748751182105166,0.878553612888063,0.000392892547414046,0.000480019344542736,0.0290714461819246,79.2733561815986,0.23560596129673,0.0783181868552125,0.00455772569392905,-0.00229393642876956,0.774428196498958,-0.0251599312951701,-9.53479326842431,-2.05850974727246e-14,-0.0429869122185295,1.24938539551573e-13,0,0,0,0,1,0.673086199299627,0.673086199299627,51.4547484701662,60.304566920881,0.18184788009073
52.63,0.239548891001347,0.0748108125058163,0.878837979274846,0.000393786108439143,0.00048158857736399,0.0290746571820131,79.273843657668,0.235607405099977,0.0783177105051636,0.00455757881115959,-0.00235738299771096,0.774415533736491,-0.0251573487590966,-9.53487083917289,-2.05850974727246e-14,-0.0429869122185295,1.24938539551573e-13,0,0,0,0,1,0.673086199299627,0.673086199299627,51.4380256188795,60.319456936104,0.186878638112976
52.64,0.239574080450365,0.0747465073734116,0.87912237768618,0.00039468037278769,0.000483175750313475,0.0290778649318971,79.2743372114439,0.23560886682983,0.0783172324099217,0.00455743039832962,-0.00242082698018554,0.77440276462696,-0.0251547599326434,-9.53494980967275,-2.05850974727246e-14,-0.0429869122185295,1.24938539551573e-13,0,0,0,0,1,0.673086199299627,0.673086199299627,51.4213002986459,60.3343483162243,0.191909266913379
52.65,0.239599262999828,0.0746822029955051,0.87940680813462,0.000395575337874401,0.000484780857913995,0.0290810694309541,79.2748368406762,0.235610346479601,0.0783167525708685,0.00455728045735073,-0.002484268195707,0.774389889212543,-0.025152164830191,-9.53503017950127,-2.05850974727246e-14,-0.0429869122185295,1.24938539551573e-13,0,0,0,0,1,0.673086199299627,0.673086199299627,51.4045725033752,60.349241060635,0.196939753311156
52.66,0.23962443865371,0.074617899554246,0.879691270632722,0.000396471001111559,0.000486403894631185,0.029084270678574,79.2753425430979,0.235611844042554,0.0783162709893925,0.00455712899014056,-0.00254770646385001,0.774376907535688,-0.0251495634661424,-9.53511194823234,-2.05850974727246e-14,-0.0429869122185295,1.24938539551573e-13,0,0,0,0,1,0.673086199299627,0.673086199299627,51.3878422269682,60.3641351687146,0.201970084129295
52.67,0.239649607416008,0.0745535972317299,0.879975765193036,0.000397367359909018,0.000488044854873543,0.0290874686741589,79.2758543164248,0.235613359511899,0.0783157876668889,0.00455697599862269,-0.00261114160425083,0.774363819639118,-0.0251469558549204,-9.53519511543641,-2.05850974727246e-14,-0.0429869122185295,1.24938539551573e-13,0,0,0,0,1,0.673086199299627,0.673086199299627,51.3711094633161,60.3790306398263,0.207000246194592
52.68,0.239674769290742,0.0744892962099977,0.880260291828115,0.000398264411674215,0.000489703732992458,0.0290906634171239,79.2763721583558,0.235614892880799,0.0783153026047592,0.00455682148472673,-0.002674573436608,0.774350625565826,-0.025144342010971,-9.53527968068033,-2.05850974727246e-14,-0.0429869122185295,1.24938539551573e-13,0,0,0,0,1,0.673086199299627,0.673086199299627,51.3543742063007,60.3939274733188,0.212030226337686
52.69,0.239699924281958,0.0744249966710352,0.880544850550507,0.000399162153812183,0.000491380523282242,0.0290938549068961,79.2768960665726,0.235616444142365,0.0783148158044119,0.00455666545038822,-0.00273800178068274,0.774337325359081,-0.0251417219487597,-9.53536564352753,-2.05850974727246e-14,-0.0429869122185295,1.24938539551573e-13,0,0,0,0,1,0.673086199299627,0.673086199299627,51.3376364497948,60.4088256685256,0.217060011393081
52.7,0.239725072393723,0.0743606987967728,0.88082944137276,0.000400060583725553,0.000493075219980174,0.0290970431429152,79.2774260387401,0.235618013289658,0.0783143272672619,0.00455650789754871,-0.00280142645629969,0.774323919062423,-0.0251390956827749,-9.53545300353792,-2.05850974727246e-14,-0.0429869122185295,1.24938539551573e-13,0,0,0,0,1,0.673086199299627,0.673086199299627,51.3208961876616,60.4237252247656,0.222089588199184
52.71,0.239750213630126,0.0742964027690843,0.881114064307419,0.000400959698814571,0.000494787817266517,0.0291002281246334,79.2779620725058,0.235619600315689,0.0783138369947309,0.00455634882815567,-0.00286484728334742,0.774310406719664,-0.025136463227525,-9.53554176026795,-2.05850974727246e-14,-0.0429869122185295,1.24938539551573e-13,0,0,0,0,1,0.673086199299627,0.673086199299627,51.3041534137553,60.4386261413427,0.227118943598332
52.72,0.239775347995283,0.074232108769787,0.881398719367028,0.000401859496477101,0.000496518309264567,0.0291034098515154,79.2785041655006,0.235621205213417,0.078313344988247,0.00455618824416253,-0.00292826408177902,0.77429678837489,-0.025133824597541,-9.53563191327052,-2.05850974727246e-14,-0.0429869122185295,1.24938539551573e-13,0,0,0,0,1,0.673086199299627,0.673086199299627,51.2874081219207,60.4535284175458,0.232148064436823
52.73,0.23980047549333,0.0741678169806406,0.881683406564128,0.000402759974108639,0.000498266690040677,0.0291065883230383,79.2790523153382,0.235622827975753,0.078312851249245,0.00455602614752866,-0.00299167667161265,0.774283064072457,-0.0251311798073737,-9.53572346209509,-2.05850974727246e-14,-0.0429869122185295,1.24938539551573e-13,0,0,0,0,1,0.673086199299627,0.673086199299627,51.2706603059936,60.468432052649,0.237176937564944
52.74,0.239825596128428,0.0741035275833468,0.88196812591126,0.000403661129102322,0.000500032953604299,0.0291097635386917,79.2796065196154,0.235624468595558,0.0783123557791664,0.00455586254021937,-0.00305508487293212,0.774269233856996,-0.0251285288715964,-9.53581640628764,-2.05850974727246e-14,-0.0429869122185295,1.24938539551573e-13,0,0,0,0,1,0.673086199299627,0.673086199299627,51.2539099598006,60.4833370459115,0.242205549837002
52.75,0.239850709904761,0.0740392407595488,0.882252877420962,0.000404562958848934,0.000501817093908009,0.0291129354979777,79.280166775912,0.235626127065641,0.0783118585794591,0.00455569742420585,-0.00311848850588755,0.774255297773406,-0.0251258718048022,-9.53591074539061,-2.05850974727246e-14,-0.0429869122185295,1.24938539551573e-13,0,0,0,0,1,0.673086199299627,0.673086199299627,51.2371570771589,60.4982433965775,0.247233888111361
52.76,0.239875816826536,0.0739749566908304,0.882537661105768,0.00040546546073692,0.000503619104847552,0.0291161042004108,79.2807330817906,0.235627803378761,0.0783113596515776,0.00455553080146525,-0.00318188739069577,0.774241255866861,-0.0251232086216067,-9.53600647894302,-2.05850974727246e-14,-0.0429869122185295,1.24938539551573e-13,0,0,0,0,1,0.673086199299627,0.673086199299627,51.2204016518768,60.5131511038762,0.252261939250458
52.77,0.239900916897982,0.0739106755587159,0.882822476978214,0.000406368632152393,0.000505438980261871,0.029119269645518,79.2813054347974,0.23562949752763,0.078310858996983,0.00455536267398059,-0.00324528134764106,0.774227108182804,-0.0251205393366457,-9.53610360648037,-2.05850974727246e-14,-0.0429869122185295,1.24938539551573e-13,0,0,0,0,1,0.673086199299627,0.673086199299627,51.2036436777536,60.528060167022,0.257289690120846
52.78,0.239926010123353,0.073846397544669,0.883107325050831,0.000407272470479142,0.000507276713933144,0.0291224318328389,79.2818838324611,0.235631209504905,0.0783103566171428,0.0045551930437408,-0.00330867019707568,0.77421285476695,-0.0251178639645761,-9.5362021275347,-2.05850974727246e-14,-0.0429869122185295,1.24938539551573e-13,0,0,0,0,1,0.673086199299627,0.673086199299627,51.1868831485794,60.5429705852142,0.262317127593221
52.79,0.239951096506926,0.0737821228300927,0.883392205336149,0.000408176973098648,0.000509132299586821,0.0291255907619254,79.2824682722939,0.235632939303198,0.0783098525135313,0.00455502191274066,-0.00337205375942043,0.774198495665285,-0.0251151825200759,-9.53630204163457,-2.05850974727246e-14,-0.0429869122185295,1.24938539551573e-13,0,0,0,0,1,0.673086199299627,0.673086199299627,51.1701200581352,60.5578823576373,0.267344238542451
52.8,0.239976176053,0.0737178515963282,0.883677117846695,0.000409082137390084,0.000511005730891657,0.0291287464323419,79.2830587517908,0.235634686915067,0.0783093466876291,0.00455484928298086,-0.0034354318551652,0.774184030924066,-0.0251124950178437,-9.53640334830505,-2.05850974727246e-14,-0.0429869122185295,1.24938539551573e-13,0,0,0,0,1,0.673086199299627,0.673086199299627,51.153354400193,60.5727954834607,0.272371009847605
52.81,0.240001248765898,0.0736535840246547,0.883962062594994,0.000409987960730334,0.000512897001459749,0.0291318988436655,79.28365526843,0.235636452333022,0.0783088391409235,0.00455467515646793,-0.00349880430486962,0.77416946058982,-0.0251098014725998,-9.53650604706773,-2.05850974727246e-14,-0.0429869122185295,1.24938539551573e-13,0,0,0,0,1,0.673086199299627,0.673086199299627,51.136586168516,60.5877099618388,0.277397428391987
52.82,0.240026314649966,0.0735893202962889,0.88424703959357,0.000410894440493997,0.000514806104846577,0.0291350479954855,79.2842578196728,0.235638235549524,0.078308329874908,0.00455449953521428,-0.0035621709291635,0.774154784709346,-0.0251071018990846,-9.53661013744076,-2.05850974727246e-14,-0.0429869122185295,1.24938539551573e-13,0,0,0,0,1,0.673086199299627,0.673086199299627,51.1198153568582,60.6026257919111,0.282423481063161
52.83,0.240051373709572,0.0735250605923839,0.884532048854943,0.000411801574053397,0.000516733034551035,0.0291381938874037,79.2848664029637,0.235640036556982,0.0783078188910829,0.00455432242123812,-0.0036255315487475,0.774140003329712,-0.0251043963120599,-9.5367156189388,-2.05850974727246e-14,-0.0429869122185295,1.24938539551573e-13,0,0,0,0,1,0.673086199299627,0.673086199299627,51.1030419589649,60.6175429728021,0.28744915475298
52.84,0.240076425949109,0.0734608050940291,0.884817090391632,0.000412709358778595,0.000518677784015469,0.0291413365190347,79.2854810157303,0.235641855347756,0.0783073061909549,0.00455414381656355,-0.00368888598439374,0.774125116498255,-0.0251016847263076,-9.53682249107303,-2.05850974727246e-14,-0.0429869122185295,1.24938539551573e-13,0,0,0,0,1,0.673086199299627,0.673086199299627,51.0862659685722,60.6324615036212,0.292474436357628
52.85,0.240101471372992,0.0733965539822493,0.885102164216153,0.000413617792037398,0.000520640346625718,0.0291444758900053,79.2861016553832,0.235643691914158,0.078306791776037,0.00455396372322045,-0.00375223405694635,0.774110124262584,-0.0250989671566313,-9.53693075335118,-2.05850974727246e-14,-0.0429869122185295,1.24938539551573e-13,0,0,0,0,1,0.673086199299627,0.673086199299627,51.0694873794075,60.6473813834628,0.297499312777643
52.86,0.240126509985658,0.0733323074380045,0.885387270341018,0.000414526871195367,0.000522620715711149,0.0291476119999548,79.2867283193164,0.235645546248447,0.0783062756478489,0.00455378214324453,-0.0038155755873219,0.774095026670578,-0.0250962436178539,-9.5370404052775,-2.05850974727246e-14,-0.0429869122185295,1.24938539551573e-13,0,0,0,0,1,0.673086199299627,0.673086199299627,51.0527061851894,60.6623026114063,0.302523770917938
52.87,0.240151541791569,0.0732680656421889,0.885672408778741,0.000415436593615829,0.000524618884544691,0.0291507448485351,79.2873610049068,0.235647418342834,0.0783057578079165,0.00455359907867732,-0.00387891039651016,0.774079823770384,-0.0250935141248206,-9.5371514463528,-2.05850974727246e-14,-0.0429869122185295,1.24938539551573e-13,0,0,0,0,1,0.673086199299627,0.673086199299627,51.0359223796275,60.6772251865162,0.307547797687848
52.88,0.240176566795209,0.0732038287756305,0.885957579541829,0.000416346956659885,0.00052663484634288,0.0291538744354104,79.2879997095148,0.235649308189481,0.0783052382577725,0.00455341453156612,-0.00394223830557456,0.774064515610417,-0.0250907786923963,-9.53726387607439,-2.05850974727246e-14,-0.0429869122185295,1.24938539551573e-13,0,0,0,0,1,0.673086199299627,0.673086199299627,51.0191359564226,60.6921491078417,0.312571380001144
52.89,0.240201585001084,0.0731395970190905,0.886242782642787,0.000417257957686419,0.000528668594265894,0.0291570007602577,79.2886444304837,0.235651215780498,0.0783047169989557,0.00455322850396405,-0.00400555913565283,0.774049102239365,-0.0250880373354666,-9.53737769393616,-2.05850974727246e-14,-0.0429869122185295,1.24938539551573e-13,0,0,0,0,1,0.673086199299627,0.673086199299627,51.0023469092668,60.7070743744171,0.31759450477608
52.9,0.240226596413725,0.0730753705532629,0.886528018094121,0.000418169594052112,0.000530720121417588,0.0291601238227661,79.2892951651401,0.235653141107949,0.0783041940330114,0.00455304099792998,-0.00406887270795746,0.774033583706183,-0.0250852900689373,-9.53749289942851,-2.05850974727246e-14,-0.0429869122185295,1.24938539551573e-13,0,0,0,0,1,0.673086199299627,0.673086199299627,50.9855552318435,60.7220009852616,0.322617158935403
52.91,0.240251601037685,0.0730111495587736,0.886813285908331,0.000419081863111448,0.000532789420845543,0.0291632436226375,79.289951910794,0.235655084163846,0.0783036693614914,0.00455285201552855,-0.00413217884377646,0.774017960060094,-0.0250825369077353,-9.53760949203841,-2.05850974727246e-14,-0.0429869122185295,1.24938539551573e-13,0,0,0,0,1,0.673086199299627,0.673086199299627,50.9687609178273,60.7369289393794,0.327639329406406
52.92,0.240276598877539,0.07294693421618,0.887098586097915,0.000419994762216723,0.000534876485541092,0.0291663601595862,79.2906146647384,0.23565704494015,0.0783031429859538,0.00455266155883016,-0.0041954773644737,0.77400223135059,-0.0250797778668078,-9.53772747124932,-2.05850974727246e-14,-0.0429869122185295,1.24938539551573e-13,0,0,0,0,1,0.673086199299627,0.673086199299627,50.9519639608839,60.7518582357596,0.332661003120935
52.93,0.240301589937886,0.0728827247059702,0.887383918675368,0.000420908288718058,0.000536981308439374,0.0291694734333389,79.2912834242497,0.235659023428777,0.0783026149079631,0.00455246962991096,-0.00425876809148964,0.773986397627432,-0.0250770129611225,-9.53784683654133,-2.05850974727246e-14,-0.0429869122185295,1.24938539551573e-13,0,0,0,0,1,0.673086199299627,0.673086199299627,50.9351643546706,60.7667888733761,0.337682167015439
52.94,0.240326574223348,0.072818521208563,0.887669283653184,0.000421822439963409,0.000539103882419357,0.0291725834436348,79.2919581865873,0.235661019621588,0.0783020851290902,0.00455227623085283,-0.00432205084634189,0.77397045894065,-0.0250742422056672,-9.53796758739101,-2.05850974727246e-14,-0.0429869122185295,1.24938539551573e-13,0,0,0,0,1,0.673086199299627,0.673086199299627,50.918362092836,60.7817208511878,0.34270280803099
52.95,0.240351551738569,0.0727543239043066,0.887954681043853,0.000422737213298572,0.000541244200303892,0.0291756901902258,79.2926389489942,0.2356630335104,0.0783015536509124,0.00455208136374339,-0.00438532545062563,0.773954415340539,-0.0250714656154501,-9.53808972327152,-2.05850974727246e-14,-0.0429869122185295,1.24938539551573e-13,0,0,0,0,1,0.673086199299627,0.673086199299627,50.90155716902,60.7966541681386,0.347722913113306
52.96,0.240376522488216,0.0726901329734784,0.888240110859861,0.000423652606067199,0.000543402254859749,0.0291787936728759,79.2933257086965,0.235665065086976,0.0783010204750132,0.00455188503067597,-0.00444859172601435,0.773938266877664,-0.0250686832054998,-9.53821324365255,-2.05850974727246e-14,-0.0429869122185295,1.24938539551573e-13,0,0,0,0,1,0.673086199299627,0.673086199299627,50.8847495768538,60.8115888231571,0.352742469212799
52.97,0.24040148647698,0.0726259485962845,0.888525573113694,0.000424568615610804,0.000545578038797653,0.029181893891362,79.2940184629037,0.235667114343033,0.0783004856029826,0.0045516872337496,-0.00451184949426036,0.773922013602856,-0.0250658949908651,-9.53833814800034,-2.05850974727246e-14,-0.0429869122185295,1.24938539551573e-13,0,0,0,0,1,0.673086199299627,0.673086199299627,50.8679393099602,60.8265248151569,0.357761463284591
52.98,0.240426443709573,0.0725617709528589,0.888811067817832,0.000425485239268773,0.00054777154477233,0.0291849908454732,79.2947172088084,0.235669181270237,0.0782999490364169,0.004551487975069,-0.00457509857719535,0.773905655567217,-0.0250631009866152,-9.53846443577771,-2.05850974727246e-14,-0.0429869122185295,1.24938539551573e-13,0,0,0,0,1,0.673086199299627,0.673086199299627,50.8511263619534,60.8414621430365,0.362779882288553
52.99,0.24045139419073,0.0724976002232629,0.889096594984755,0.000426402474378377,0.000549982765382547,0.0291880845350112,79.2954219435867,0.235671265860205,0.0782994107769187,0.00455128725674461,-0.0046383387967309,0.773889192822112,-0.0250603012078394,-9.53859210644401,-2.05850974727246e-14,-0.0429869122185295,1.24938539551573e-13,0,0,0,0,1,0.673086199299627,0.673086199299627,50.834310726439,60.8564008056791,0.367797713189324
53,0.240476337925211,0.0724334365874848,0.889382154626937,0.000427320318274779,0.000552211693171149,0.0291911749597902,79.296132664398,0.235673368104505,0.0782988708260969,0.0045510850808925,-0.0047015699748592,0.773872625419176,-0.025057495669647,-9.53872115945518,-2.05850974727246e-14,-0.0429869122185295,1.24938539551573e-13,0,0,0,0,1,0.673086199299627,0.673086199299627,50.8174923970143,60.871340801953,0.372814942956356
53.01,0.240501274917797,0.0723692802254391,0.889667746756852,0.000428238768291045,0.000554458320625107,0.0291942621196369,79.296849368385,0.235675487994655,0.0782983291855666,0.00455088144963445,-0.0047647919336533,0.773855953410309,-0.0250546843871671,-9.5388515942637,-2.05850974727246e-14,-0.0429869122185295,1.24938539551573e-13,0,0,0,0,1,0.673086199299627,0.673086199299627,50.8006713672678,60.8862821307112,0.377831558563919
53.02,0.24052620517329,0.0723051313169658,0.889953371386969,0.000429157821758152,0.000556722640175557,0.0291973460143903,79.2975720526739,0.235677625522125,0.0782977858569494,0.00455067636509786,-0.00482800449526821,0.773839176847678,-0.0250518673755498,-9.53898341031861,-2.05850974727246e-14,-0.0429869122185295,1.24938539551573e-13,0,0,0,0,1,0.673086199299627,0.673086199299627,50.7838476307798,60.9012247907915,0.382847546991174
53.03,0.240551128696519,0.0722409900418303,0.890239028529753,0.000430077476005003,0.000559004644197838,0.0292004266439022,79.2983007143741,0.235679780678335,0.0782972408418731,0.00455046982941579,-0.00489120748194091,0.773822295783717,-0.025049044649964,-9.53911660706552,-2.05850974727246e-14,-0.0429869122185295,1.24938539551573e-13,0,0,0,0,1,0.673086199299627,0.673086199299627,50.7670211811221,60.9161687810166,0.387862895222156
53.04,0.240576045492332,0.0721768565797223,0.890524718197669,0.000430997728358432,0.000561304325011541,0.0292035040080366,79.2990353505783,0.235681953454657,0.0782966941419715,0.00455026184472694,-0.00495440071599113,0.773805310271125,-0.0250462162255993,-9.5392511839466,-2.05850974727246e-14,-0.0429869122185295,1.24938539551573e-13,0,0,0,0,1,0.673086199299627,0.673086199299627,50.7501920118582,60.9311141001941,0.392877590245826
53.05,0.240600955565601,0.0721127311102555,0.890810440403177,0.000431918576143216,0.000563621674880549,0.0292065781066702,79.299775958363,0.235684143842413,0.0782961457588851,0.00455005241317562,-0.0050175840198221,0.77378822036287,-0.0250433821176655,-9.53938714040062,-2.05850974727246e-14,-0.0429869122185295,1.24938539551573e-13,0,0,0,0,1,0.673086199299627,0.673086199299627,50.7333601165431,60.9460607471164,0.39789161905611
53.06,0.24062585892122,0.0720486138129669,0.891096195158732,0.000432840016682085,0.000565956686013077,0.0292096489396919,79.3005225347876,0.235686351832875,0.0782955956942603,0.00454984153691178,-0.00508075721592075,0.773771026112181,-0.0250405423413915,-9.53952447586289,-2.05850974727246e-14,-0.0429869122185295,1.24938539551573e-13,0,0,0,0,1,0.673086199299627,0.673086199299627,50.7165254887235,60.9610087205605,0.402904968651907
53.07,0.240650755564108,0.0719845048673165,0.891381982476789,0.000433762047295731,0.00056830935056172,0.0292127165070035,79.3012750768954,0.235688577417269,0.0782950439497499,0.00454962921809093,-0.00514392012685867,0.773753727572558,-0.0250376969120261,-9.53966318976529,-2.05850974727246e-14,-0.0429869122185295,1.24938539551573e-13,0,0,0,0,1,0.673086199299627,0.673086199299627,50.6996881219378,60.9759580192885,0.407917626037142
53.08,0.240675645499202,0.0719204044526863,0.891667802369798,0.000434684665302822,0.000570679660623487,0.0292157808085189,79.3020335817128,0.235690820586769,0.0782944905270128,0.00454941545887422,-0.00520707257529228,0.773736324797763,-0.0250348458448392,-9.5398032815363,-2.05850974727246e-14,-0.0429869122185295,1.24938539551573e-13,0,0,0,0,1,0.673086199299627,0.673086199299627,50.6828480097161,60.9909086420472,0.412929578220775
53.09,0.240700528731467,0.0718563127483799,0.891953654850206,0.000435607868020007,0.000573067608239858,0.0292188418441647,79.3027980462497,0.235693081332502,0.0782939354277142,0.00454920026142834,-0.00527021438396365,0.773718817841821,-0.0250319891551186,-9.53994475060094,-2.05850974727246e-14,-0.0429869122185295,1.24938539551573e-13,0,0,0,0,1,0.673086199299627,0.673086199299627,50.6660051455802,61.0058605875681,0.417940812216843
53.1,0.240725405265887,0.0717922299336223,0.892239539930457,0.000436531652761928,0.000575473185396819,0.0292218996138799,79.3035684674997,0.235695359645545,0.0782933786535255,0.00454898362792559,-0.00533334537570099,0.773701206759028,-0.0250291268581725,-9.54008759638084,-2.05850974727246e-14,-0.0429869122185295,1.24938539551573e-13,0,0,0,0,1,0.673086199299627,0.673086199299627,50.6491595230438,61.0208138545675,0.422951315044487
53.11,0.240750275107469,0.0717281561875586,0.892525457622989,0.000437456016841232,0.000577896384024909,0.0292249541176159,79.3043448424395,0.235697655516927,0.0782928202061241,0.0045487655605438,-0.00539646537341924,0.77368349160394,-0.0250262589693295,-9.54023181829419,-2.05850974727246e-14,-0.0429869122185295,1.24938539551573e-13,0,0,0,0,1,0.673086199299627,0.673086199299627,50.6323111356121,61.0357684417465,0.427961073727985
53.12,0.240775138261243,0.071664091689254,0.892811407940241,0.000438380957568577,0.000580337195999266,0.0292280053553368,79.3051271680296,0.235699968937629,0.0782922600871938,0.00454854606146637,-0.00545957420012052,0.773665672431381,-0.0250233855039369,-9.54037741575578,-2.05850974727246e-14,-0.0429869122185295,1.24938539551573e-13,0,0,0,0,1,0.673086199299627,0.673086199299627,50.6154599767825,61.0507243477911,0.432970075296775
53.13,0.240799994732262,0.0716000366176931,0.893097390894644,0.000439306472252647,0.000582795613139664,0.0292310533270189,79.3059154412139,0.23570229989858,0.0782916982984245,0.00454832513288222,-0.00552267167889486,0.773647749296435,-0.0250205064773621,-9.54052438817697,-2.05850974727246e-14,-0.0429869122185295,1.24938539551573e-13,0,0,0,0,1,0.673086199299627,0.673086199299627,50.5986060400439,61.0656815713718,0.437978306785493
53.14,0.240824844525601,0.0715359911517792,0.89338340649863,0.00044023255820016,0.000585271627210566,0.0292340980326512,79.3067096589198,0.235704648390664,0.0782911348415121,0.00454810277698582,-0.00558575763292057,0.773629722254455,-0.0250176219049914,-9.5406727349657,-2.05850974727246e-14,-0.0429869122185295,1.24938539551573e-13,0,0,0,0,1,0.673086199299627,0.673086199299627,50.5817493188773,61.0806401111442,0.442985755233994
53.15,0.240849687646358,0.0714719554703337,0.893669454764622,0.000441159212715877,0.000587765229921168,0.0292371394722352,79.3075098180582,0.235707014404715,0.0782905697181589,0.00454787899597715,-0.00564883188546498,0.773611591361055,-0.0250147318022315,-9.54082245552652,-2.05850974727246e-14,-0.0429869122185295,1.24938539551573e-13,0,0,0,0,1,0.673086199299627,0.673086199299627,50.5648898067554,61.0955999657482,0.447992407687391
53.16,0.240874524099651,0.0714079297520959,0.893955535705045,0.000442086433102613,0.000590276412925437,0.0292401776457845,79.3083159155236,0.235709397931517,0.078290002930073,0.00454765379206168,-0.00571189425988486,0.773593356672114,-0.0250118361845078,-9.54097354926055,-2.05850974727246e-14,-0.0429869122185295,1.24938539551573e-13,0,0,0,0,1,0.673086199299627,0.673086199299627,50.548027497143,61.1105611338088,0.452998251196077
53.17,0.240899353890624,0.0713439141757218,0.894241649332316,0.000443014216661248,0.000592805167822166,0.0292432125533257,79.309127948194,0.235711798961808,0.078289434478969,0.0045474271674504,-0.00577494457962705,0.773575018243773,-0.0250089350672653,-9.5411260155655,-2.05850974727246e-14,-0.0429869122185295,1.24938539551573e-13,0,0,0,0,1,0.673086199299627,0.673086199299627,50.5311623834967,61.1255236139356,0.458003272815761
53.18,0.240924177024441,0.0712799089197843,0.894527795658851,0.000443942560690738,0.000595351486155017,0.0292462441948974,79.3099459129312,0.235714217486276,0.0782888643665671,0.00454719912435978,-0.00583798266822901,0.773556576132439,-0.0250060284659688,-9.5412798538357,-2.05850974727246e-14,-0.0429869122185295,1.24938539551573e-13,0,0,0,0,1,0.673086199299627,0.673086199299627,50.5142944592651,61.1404874047228,0.463007459607495
53.19,0.24094899350629,0.0712159141627718,0.89481397469706,0.000444871462488122,0.000597915359412566,0.029249272570551,79.3107698065802,0.235716653495559,0.0782882925945941,0.00454696966501175,-0.00590100834931931,0.773538030394779,-0.0250031163961015,-9.54143506346204,-2.05850974727246e-14,-0.0429869122185295,1.24938539551573e-13,0,0,0,0,1,0.673086199299627,0.673086199299627,50.497423717889,61.1554525047497,0.468010798637701
53.2,0.240973803341379,0.0711519300830884,0.895100186459352,0.000445800919348535,0.000600496779028348,0.0292522976803502,79.3115996259698,0.235719106980251,0.0782877191647826,0.00454673879163371,-0.00596402144661831,0.773519381087727,-0.025000198873167,-9.54159164383203,-2.05850974727246e-14,-0.0429869122185295,1.24938539551573e-13,0,0,0,0,1,0.673086199299627,0.673086199299627,50.4805501528009,61.1704189125797,0.473013276978208
53.21,0.240998606534941,0.0710879568590527,0.895386430958129,0.000446730928565218,0.000603095736380907,0.0292553195243711,79.3124353679126,0.235721577930892,0.0782871440788713,0.00454650650645852,-0.00602702178393856,0.773500628268474,-0.0249972759126867,-9.54174959432977,-2.05850974727246e-14,-0.0429869122185295,1.24938539551573e-13,0,0,0,0,1,0.673086199299627,0.673086199299627,50.4636737574255,61.1853866267616,0.478014881706271
53.22,0.241023403092229,0.0710239946688977,0.895672708205792,0.000447661487429528,0.000605712222793839,0.0292583381027025,79.3132770292044,0.235724066337978,0.078286567338605,0.00454627281172447,-0.00609000918518556,0.773481771994478,-0.0249943475302025,-9.54190891433597,-2.05850974727246e-14,-0.0429869122185295,1.24938539551573e-13,0,0,0,0,1,0.673086199299627,0.673086199299627,50.4467945251797,61.2003556458283,0.483015599904618
53.23,0.241048193018521,0.07096004369077,0.895959018214736,0.000448592593230947,0.000608346229535846,0.0292613534154455,79.3141246066251,0.235726572191955,0.0782859889457344,0.00454603770967529,-0.00615298347435808,0.773462812323458,-0.024991413741275,-9.54206960322794,-2.05850974727246e-14,-0.0429869122185295,1.24938539551573e-13,0,0,0,0,1,0.673086199299627,0.673086199299627,50.4299124494724,61.2153259682978,0.488015418661459
53.24,0.241072976319115,0.0708961041027291,0.896245360997353,0.000449524243257094,0.000610997747820778,0.0292643654627136,79.3149780969378,0.235729095483221,0.0782854089020163,0.00454580120256012,-0.00621594447554887,0.773443749313395,-0.0249884745614836,-9.54223166037958,-2.05850974727246e-14,-0.0429869122185295,1.24938539551573e-13,0,0,0,0,1,0.673086199299627,0.673086199299627,50.4130275237044,61.2302975926725,0.49301432507053
53.25,0.241097752999332,0.0708321760827474,0.896531736566031,0.000450456434793736,0.000613666768807677,0.0292673742446329,79.3158374968897,0.235731636202124,0.0782848272092137,0.00454556329263351,-0.00627889201294521,0.773424583022532,-0.0249855300064268,-9.54239508516142,-2.05850974727246e-14,-0.0429869122185295,1.24938539551573e-13,0,0,0,0,1,0.673086199299627,0.673086199299627,50.396139741269,61.2452705174395,0.498012306231121
53.26,0.241122523064515,0.0707682598087088,0.896818144933154,0.000451389165124796,0.000616353283600834,0.0292703797613419,79.3167028032114,0.235734194338967,0.0782842438690954,0.0045453239821554,-0.00634182591082934,0.773405313509375,-0.0249825800917228,-9.5425598769406,-2.05850974727246e-14,-0.0429869122185295,1.24938539551573e-13,0,0,0,0,1,0.673086199299627,0.673086199299627,50.3792490955516,61.2602447410709,0.503009349248098
53.27,0.24114728652003,0.0707043554584088,0.897104586111102,0.000452322431532364,0.000619057283249832,0.0292733820129914,79.3175740126173,0.235736769884003,0.0782836588834362,0.00454508327339112,-0.00640474599357917,0.773385940832688,-0.0249796248330073,-9.54272603508084,-2.05850974727246e-14,-0.0429869122185295,1.24938539551573e-13,0,0,0,0,1,0.673086199299627,0.673086199299627,50.3623555799297,61.2752202620229,0.508005441231942
53.28,0.241172043371264,0.0706404632095538,0.89739106011225,0.00045325623129671,0.000621778758749595,0.0292763809997449,79.3184511218055,0.235739362827437,0.078283072254017,0.00454484116861139,-0.0064676520856687,0.7733664650515,-0.0249766642459363,-9.54289355894251,-2.05850974727246e-14,-0.0429869122185295,1.24938539551573e-13,0,0,0,0,1,0.673086199299627,0.673086199299627,50.3454591877732,61.2901970787369,0.513000569298773
53.29,0.241196793623627,0.0705765832397601,0.89767756694897,0.00045419056169629,0.000624517701040439,0.0292793767217783,79.3193341274578,0.235741973159425,0.0782824839826244,0.00454459767009226,-0.00653054401166871,0.773346886225097,-0.0249736983461844,-9.54306244788258,-2.05850974727246e-14,-0.0429869122185295,1.24938539551573e-13,0,0,0,0,1,0.673086199299627,0.673086199299627,50.328559912444,61.3051751896386,0.517994720570386
53.3,0.241221537282551,0.070512715726554,0.89796410663363,0.000455125420007761,0.000627274101008117,0.0292823691792797,79.3202230262397,0.235744600870077,0.0782818940710514,0.00454435278011515,-0.00659342159624711,0.773327204413029,-0.0249707271494444,-9.54323270125462,-2.05850974727246e-14,-0.0429869122185295,1.24938539551573e-13,0,0,0,0,1,0.673086199299627,0.673086199299627,50.3116577472966,61.3201545931385,0.522987882174267
53.31,0.241246274353491,0.0704488608473708,0.898250679178592,0.000456060803505987,0.000630047949483867,0.02928535837245,79.3211178148006,0.235747245949454,0.0782813025210964,0.00454410650096682,-0.00665628466416975,0.773307419675106,-0.0249677506714281,-9.54340431840884,-2.05850974727246e-14,-0.0429869122185295,1.24938539551573e-13,0,0,0,0,1,0.673086199299627,0.673086199299627,50.2947526856775,61.3351352876315,0.527980041243642
53.32,0.241271004841922,0.0703850187795543,0.898537284596216,0.000456996709464054,0.000632839237244472,0.0292883443015022,79.3220184897735,0.235749908387568,0.0782807093345642,0.00454385883493934,-0.00671913304030068,0.773287532071398,-0.0249647689278667,-9.5435772986921,-2.05850974727246e-14,-0.0429869122185295,1.24938539551573e-13,0,0,0,0,1,0.673086199299627,0.673086199299627,50.2778447209259,61.3501172714975,0.532971184917487
53.33,0.241295728753343,0.0703211897003564,0.898823922898855,0.000457933135153276,0.000635647955012298,0.029291326966662,79.3229250477754,0.235752588174386,0.0782801145132652,0.00454360978433013,-0.00678196654960299,0.773267541662235,-0.0249617819345087,-9.54375164144781,-2.05850974727246e-14,-0.0429869122185295,1.24938539551573e-13,0,0,0,0,1,0.673086199299627,0.673086199299627,50.260933846373,61.3651005431007,0.537961300340579
53.34,0.241320446093275,0.0702573737869362,0.899110594098861,0.000458870077843209,0.000638474093455348,0.0292943063681673,79.3238374854069,0.235755285299824,0.078279518059016,0.00454335935144188,-0.00684478501713917,0.773247448508207,-0.0249587897071229,-9.54392734601609,-2.05850974727246e-14,-0.0429869122185295,1.24938539551573e-13,0,0,0,0,1,0.673086199299627,0.673086199299627,50.2440200553426,61.38008510079,0.542950374663507
53.35,0.241345156867259,0.07019357121636,0.899397298208579,0.00045980753480166,0.000641317643187316,0.0292972825062687,79.3247557992524,0.235757999753751,0.0782789199736387,0.00454310753858259,-0.00690758826807162,0.773227252670162,-0.0249557922614949,-9.5441044117336,-2.05850974727246e-14,-0.0429869122185295,1.24938539551573e-13,0,0,0,0,1,0.673086199299627,0.673086199299627,50.227103341151,61.395070942899,0.547938395042705
53.36,0.241369861080861,0.0701297821656,0.89968403524035,0.000460745503294696,0.000644178594767631,0.0293002553812291,79.3256799858803,0.23576073152599,0.0782783202589617,0.00454285434806554,-0.00697037612766344,0.77320695420921,-0.0249527896134306,-9.5442828379337,-2.05850974727246e-14,-0.0429869122185295,1.24938539551573e-13,0,0,0,0,1,0.673086199299627,0.673086199299627,50.2101836971068,61.4100580677458,0.552925348640493
53.37,0.241394558739667,0.0700660068115345,0.899970805206512,0.000461683980586658,0.000647056938701513,0.0293032249933236,79.3266100418427,0.235763480606314,0.078277718916819,0.00454259978220928,-0.00703314842127861,0.773186553186722,-0.0249497817787535,-9.54446262394637,-2.05850974727246e-14,-0.0429869122185295,1.24938539551573e-13,0,0,0,0,1,0.673086199299627,0.673086199299627,50.1932611165111,61.4250464736331,0.55791122262509
53.38,0.241419249849285,0.0700022453309466,0.900257608119397,0.000462622963940168,0.000649952665440017,0.0293061913428401,79.3275459636756,0.23576624698445,0.0782771159490504,0.00454234384333761,-0.00709590497438299,0.773166049664322,-0.0249467687733049,-9.54464376909817,-2.05850974727246e-14,-0.0429869122185295,1.24938539551573e-13,0,0,0,0,1,0.673086199299627,0.673086199299627,50.1763355926574,61.4400361588482,0.562896004170664
53.39,0.241443934415347,0.0699384979005245,0.900544443991333,0.000463562450616143,0.000652865765380095,0.0293091544300787,79.3284877478989,0.235769030650076,0.0782765113575018,0.00454208653377958,-0.00715864561254445,0.773145443703897,-0.0249437506129459,-9.54482627271237,-2.05850974727246e-14,-0.0429869122185295,1.24938539551573e-13,0,0,0,0,1,0.673086199299627,0.673086199299627,50.159407118832,61.455027121663,0.567879680457341
53.4,0.241468612443504,0.0698747646968599,0.900831312834643,0.000464502437873803,0.000655796228864636,0.0293121142553519,79.3294353910164,0.235771831592823,0.0782759051440248,0.0045418278558695,-0.00722137016143362,0.773124735367594,-0.0249407273135548,-9.54501013410884,-2.05850974727246e-14,-0.0429869122185295,1.24938539551573e-13,0,0,0,0,1,0.673086199299627,0.673086199299627,50.1424756883136,61.4700193603339,0.572862238671244
53.41,0.241493283939431,0.0698110458964483,0.901118214661647,0.00046544292297068,0.000658744046182527,0.0293150708189848,79.3303888895156,0.235774649802275,0.0782752973104767,0.00454156781194685,-0.00728407844682447,0.773103924717813,-0.0249376988910288,-9.54519535260409,-2.05850974727246e-14,-0.0429869122185295,1.24938539551573e-13,0,0,0,0,1,0.673086199299627,0.673086199299627,50.1255412943733,61.4850128731019,0.57784366600453
53.42,0.241517948908825,0.0697473416756883,0.901405149484658,0.000466383903162635,0.000661709207568698,0.0293180241213147,79.3313482398683,0.235777485267968,0.0782746878587208,0.00454130640435637,-0.0073467702945947,0.773083011817218,-0.0249346653612829,-9.54538192751127,-2.05850974727246e-14,-0.0429869122185295,1.24938539551573e-13,0,0,0,0,1,0.673086199299627,0.673086199299627,50.1086039302753,61.5000076581927,0.582823949655403
53.43,0.241542607357403,0.0696836522108804,0.901692117315985,0.000467325375703861,0.000664691703204185,0.0293209741626914,79.3323134385298,0.23578033797939,0.078274076790626,0.00454104363544798,-0.00740944553072642,0.773061996728727,-0.0249316267402508,-9.54556985814021,-2.05850974727246e-14,-0.0429869122185295,1.24938539551573e-13,0,0,0,0,1,0.673086199299627,0.673086199299627,50.0916635892758,61.5150037138163,0.587803076828155
53.44,0.241567259290905,0.0696199776782273,0.901979118167934,0.000468267337846898,0.000667691523216164,0.0293239209434771,79.3332844819397,0.235783207925983,0.0782734641080672,0.00454077950757678,-0.00747210398130661,0.773040879515516,-0.0249285830438843,-9.54575914379731,-2.05850974727246e-14,-0.0429869122185295,1.24938539551573e-13,0,0,0,0,1,0.673086199299627,0.673086199299627,50.0747202646241,61.5300010381674,0.592781034733195
53.45,0.241591904715095,0.0695563182538328,0.902266152052804,0.000469209786842645,0.000670708657678021,0.0293268644640464,79.3342613665213,0.235786095097139,0.0782728498129249,0.00454051402310306,-0.00753474547252774,0.77301966024102,-0.024925534288153,-9.54594978378572,-2.05850974727246e-14,-0.0429869122185295,1.24938539551573e-13,0,0,0,0,1,0.673086199299627,0.673086199299627,50.0577739495621,61.5449996294252,0.597757810587074
53.46,0.241616543635754,0.0694926741137015,0.902553218982891,0.000470152719940364,0.000673743096609398,0.0293298047247862,79.3352440886822,0.235788999482206,0.0782722339070853,0.00454024718439226,-0.00759736983068825,0.772998338968932,-0.0249224804890448,-9.54614177740515,-2.05850974727246e-14,-0.0429869122185295,1.24938539551573e-13,0,0,0,0,1,0.673086199299627,0.673086199299627,50.0408246373244,61.5599994857534,0.602733391612522
53.47,0.24164117605869,0.0694290454337381,0.902840318970485,0.000471096134387698,0.000676794829976244,0.0293327417260959,79.3362326448135,0.235791921070482,0.0782716163924405,0.00453997899381498,-0.00765997688219306,0.7729769157632,-0.0249194216625652,-9.54633512395203,-2.05850974727246e-14,-0.0429869122185295,1.24938539551573e-13,0,0,0,0,1,0.673086199299627,0.673086199299627,50.0238723211383,61.5750006053004,0.607707765038461
53.48,0.241665801989729,0.0693654323897468,0.90312745202787,0.000472040027430679,0.000679863847690872,0.0293356754683873,79.3372270312908,0.23579485985122,0.0782709972708882,0.00453970945374696,-0.00772256645355424,0.772955390688028,-0.0249163578247382,-9.54652982271938,-2.05850974727246e-14,-0.0429869122185295,1.24938539551573e-13,0,0,0,0,1,0.673086199299627,0.673086199299627,50.0069169942239,61.5900029861988,0.61268091810006
53.49,0.24169042143472,0.0693018351574309,0.903414618167328,0.000472984396313737,0.000682950139612012,0.0293386059520846,79.3382272444735,0.235797815813624,0.0782703765443319,0.00453943856656906,-0.00778513837139139,0.772933763807878,-0.0249132889916054,-9.54672587299695,-2.05850974727246e-14,-0.0429869122185295,1.24938539551573e-13,0,0,0,0,1,0.673086199299627,0.673086199299627,49.9899586497941,61.6050066265661,0.617652838038739
53.5,0.241715034399535,0.0692382539123922,0.903701817401134,0.000473929238279711,0.000686053695544867,0.0293415331776242,79.3392332807049,0.235800788946852,0.0782697542146809,0.00453916633466725,-0.00784769246243238,0.77291203518747,-0.0249102151792267,-9.54692327407109,-2.05850974727246e-14,-0.0429869122185295,1.24938539551573e-13,0,0,0,0,1,0.673086199299627,0.673086199299627,49.9729972810546,61.620011524504,0.622623512102221
53.51,0.241739640890066,0.0691746888301304,0.903989049741559,0.000474874550569863,0.000689174505241162,0.029344457145455,79.3402451363127,0.235803779240014,0.0782691302838498,0.00453889276043263,-0.0079102285535136,0.772890204891777,-0.024907136403679,-9.54712202522485,-2.05850974727246e-14,-0.0429869122185295,1.24938539551573e-13,0,0,0,0,1,0.673086199299627,0.673086199299627,49.956032881204,61.6350176780988,0.627592927544537
53.52,0.241764240912227,0.0691111400860427,0.904276315200867,0.000475820330423884,0.000692312558399203,0.0293473778560383,79.3412628076084,0.235806786682173,0.0782685047537593,0.00453861784626136,-0.0079727464715808,0.77286827298603,-0.0249040526810575,-9.54732212573792,-2.05850974727246e-14,-0.0429869122185295,1.24938539551573e-13,0,0,0,0,1,0.673086199299627,0.673086199299627,49.9390654434338,61.6500250854213,0.63256107162608
53.53,0.241788834471954,0.0690476078554228,0.90456361379132,0.000476766575079911,0.000695467844663926,0.0293502953098477,79.3422862908876,0.235809811262346,0.0782678776263355,0.00453834159455469,-0.00803524604368944,0.772846239535714,-0.0249009640274755,-9.54752357488666,-2.05850974727246e-14,-0.0429869122185295,1.24938539551573e-13,0,0,0,0,1,0.673086199299627,0.673086199299627,49.9220949609282,61.665033744527,0.637527931613617
53.54,0.241813421575205,0.068984092313461,0.904850945525173,0.000477713281774528,0.00069864035362696,0.0293532095073692,79.3433155824301,0.235812852969502,0.0782672489035103,0.00453806400771895,-0.00809772709700529,0.772824104606571,-0.0248978704590634,-9.54772637194411,-2.05850974727246e-14,-0.0429869122185295,1.24938539551573e-13,0,0,0,0,1,0.673086199299627,0.673086199299627,49.9051214268645,61.6800436534554,0.642493494780328
53.55,0.241838002227959,0.0689205936352432,0.905138310414675,0.000478660447742788,0.000701830074826676,0.0293561204491013,79.3443506784997,0.235815911792563,0.0782666185872211,0.0045377850881655,-0.00816018945880496,0.772801868264598,-0.0248947719919692,-9.54793051617998,-2.05850974727246e-14,-0.0429869122185295,1.24938539551573e-13,0,0,0,0,1,0.673086199299627,0.673086199299627,49.888144834413,61.6950548102309,0.647457748405829
53.56,0.241862576436217,0.0688571119957503,0.905425708472072,0.000479608070218216,0.000705036997748246,0.0293590281355545,79.3453915753446,0.235818987720406,0.0782659866794111,0.00453750483831075,-0.00822263295647642,0.772779530576044,-0.0248916686423585,-9.54813600686063,-2.05850974727246e-14,-0.0429869122185295,1.24938539551573e-13,0,0,0,0,1,0.673086199299627,0.673086199299627,49.871165176737,61.7100672128623,0.652420679776206
53.57,0.241887144206001,0.068793647569858,0.905713139709603,0.000480556146432822,0.000708261111823695,0.0293619325672519,79.3464382691968,0.235822080741859,0.0782653531820288,0.00453722326057615,-0.00828505741751962,0.772757091607417,-0.0248885604264149,-9.54834284324911,-2.05850974727246e-14,-0.0429869122185295,1.24938539551573e-13,0,0,0,0,1,0.673086199299627,0.673086199299627,49.8541824469925,61.7250808593427,0.657382276184048
53.58,0.241911705543356,0.0687302005323361,0.906000604139503,0.000481504673617111,0.00071150240643196,0.029364833744729,79.3474907562726,0.235825190845704,0.0782647180970286,0.00453694035738816,-0.00834746266954685,0.772734551425477,-0.0248854473603391,-9.54855102460517,-2.05850974727246e-14,-0.0429869122185295,1.24938539551573e-13,0,0,0,0,1,0.673086199299627,0.673086199299627,49.837196638329,61.7400957476498,0.66234252492846
53.59,0.241936260454348,0.0686667710578477,0.906288101774,0.000482453649000099,0.000714760870898943,0.0293677316685334,79.3485490327725,0.235828318020676,0.0782640814263704,0.00453665613117823,-0.00840984854028346,0.772711910097239,-0.0248823294603491,-9.54876055018521,-2.05850974727246e-14,-0.0429869122185295,1.24938539551573e-13,0,0,0,0,1,0.673086199299627,0.673086199299627,49.8202077438886,61.7551118757458,0.667301413315115
53.6,0.241960808945062,0.068603359320949,0.906575632625319,0.000483403069809313,0.000718036494497573,0.0293706263392253,79.3496130948813,0.235831462255464,0.0782634431720195,0.00453637058438283,-0.00847221485756824,0.772689167689971,-0.0248792067426806,-9.54897141924231,-2.05850974727246e-14,-0.0429869122185295,1.24938539551573e-13,0,0,0,0,1,0.673086199299627,0.673086199299627,49.8032157568069,61.7701292415771,0.672258928656261
53.61,0.241985351021609,0.0685399654960886,0.906863196705678,0.000484352933270815,0.000721329266447853,0.0293735177573771,79.3506829387678,0.23583462353871,0.078262803335947,0.00453608371944339,-0.00853456144935411,0.772666324271196,-0.0248760792235862,-9.54918363102623,-2.05850974727246e-14,-0.0429869122185295,1.24938539551573e-13,0,0,0,0,1,0.673086199299627,0.673086199299627,49.7862206702124,61.7851478430749,0.677215058270771
53.62,0.242009886690117,0.0684765897576069,0.90715079402729,0.0004853032366092,0.00072463917591693,0.0293764059235735,79.3517585605852,0.235837801859008,0.0782621619201294,0.00453579553880632,-0.00859688814370852,0.77264337990869,-0.0248729469193368,-9.54939718478346,-2.05850974727246e-14,-0.0429869122185295,1.24938539551573e-13,0,0,0,0,1,0.673086199299627,0.673086199299627,49.7692224772268,61.8001676781545,0.682169789484158
53.63,0.242034415956739,0.0684132322797357,0.907438424602362,0.000486253977047618,0.000727966212019141,0.0293792908384115,79.3528399564707,0.235840997204909,0.0782615189265487,0.00453550604492296,-0.00865919476881402,0.772620334670482,-0.0248698098462188,-9.54961207975713,-2.05850974727246e-14,-0.0429869122185295,1.24938539551573e-13,0,0,0,0,1,0.673086199299627,0.673086199299627,49.752221170965,61.8151887447159,0.687123109628607
53.64,0.242058938827648,0.0683498932365976,0.907726088443096,0.000487205151807778,0.00073131036381607,0.0293821725025006,79.3539271225461,0.235844209564915,0.0782608743571925,0.00453521524024961,-0.00872148115296888,0.772597188624855,-0.024866668020537,-9.54982831518707,-2.05850974727246e-14,-0.0429869122185295,1.24938539551573e-13,0,0,0,0,1,0.673086199299627,0.673086199299627,49.7352167445349,61.8302110406434,0.692075006043015
53.65,0.242083455309039,0.0682865728022052,0.908013785561689,0.000488156758109959,0.000734671620316619,0.0293850509164624,79.3550200549172,0.23584743892748,0.0782602282140539,0.00453492312724752,-0.00878374712458744,0.772573941840343,-0.0248635214586135,-9.55004589030982,-2.05850974727246e-14,-0.0429869122185295,1.24938539551573e-13,0,0,0,0,1,0.673086199299627,0.673086199299627,49.7182091910379,61.8452345638057,0.697025466073001
53.66,0.242107965407126,0.068223271150461,0.908301515970332,0.000489108793173025,0.000738049970477047,0.0293879260809309,79.3561187496742,0.235850685281015,0.0782595804991315,0.00453462970838281,-0.0088459925122008,0.772550594385735,-0.0248603701767868,-9.55026480435861,-2.05850974727246e-14,-0.0429869122185295,1.24938539551573e-13,0,0,0,0,1,0.673086199299627,0.673086199299627,49.7011985035686,61.860259312056,0.701974477070951
53.67,0.242132469128147,0.0681599884551566,0.908589279681209,0.000490061254214433,0.000741445403201041,0.0293907979965524,79.3572232028916,0.235853948613883,0.0782589312144291,0.00453433498612653,-0.00890821714445728,0.77252714633007,-0.0248572141914126,-9.55048505656336,-2.05850974727246e-14,-0.0429869122185295,1.24938539551573e-13,0,0,0,0,1,0.673086199299627,0.673086199299627,49.6841846752147,61.8752852832318,0.70692202639604
53.68,0.242156966478361,0.0680967248899721,0.908877076706501,0.000491014138450243,0.000744857907339774,0.0293936666639855,79.3583334106283,0.2358572289144,0.0782582803619563,0.00453403896295464,-0.00897042085012295,0.772503597742641,-0.0248540535188637,-9.55070664615069,-2.05850974727246e-14,-0.0429869122185295,1.24938539551573e-13,0,0,0,0,1,0.673086199299627,0.673086199299627,49.6671676990574,61.8903124751551,0.711868101414264
53.69,0.242181457464049,0.0680334806284757,0.909164907058381,0.000491967443095132,0.000748287471691956,0.0293965320839011,79.3594493689273,0.235860526170838,0.0782576279437281,0.00453374164134794,-0.00903260345808219,0.772479948692992,-0.0248508881755297,-9.55092957234392,-2.05850974727246e-14,-0.0429869122185295,1.24938539551573e-13,0,0,0,0,1,0.673086199299627,0.673086199299627,49.6501475681712,61.9053408856322,0.716812689498472
53.7,0.24220594209151,0.067970255844123,0.909452770749017,0.000492921165362403,0.000751734085003895,0.0293993942569823,79.3605710738162,0.23586384037142,0.0782569739617648,0.00453344302379211,-0.00909476479733821,0.772456199250918,-0.0248477181778177,-9.55115383436307,-2.05850974727246e-14,-0.0429869122185295,1.24938539551573e-13,0,0,0,0,1,0.673086199299627,0.673086199299627,49.6331242756239,61.920370512454,0.721755778028387
53.71,0.242230420367067,0.0679070507102567,0.909740667790573,0.000493875302463995,0.000755197735969565,0.0294022531839246,79.3616985213069,0.235867171504325,0.0782563184180921,0.0045331431127777,-0.00915690469701355,0.772432349486465,-0.0248445435421501,-9.5513794314249,-2.05850974727246e-14,-0.0429869122185295,1.24938539551573e-13,0,0,0,0,1,0.673086199299627,0.673086199299627,49.6160978144767,61.9354013533956,0.726697354390644
53.72,0.242254892297065,0.0678438654001059,0.910028598195204,0.000494829851610495,0.00075867841323065,0.0294051088654357,79.3628317073956,0.235870519557685,0.0782556613147413,0.00453284191080009,-0.00921902298635055,0.772408399469933,-0.0248413642849679,-9.55160636274284,-2.05850974727246e-14,-0.0429869122185295,1.24938539551573e-13,0,0,0,0,1,0.673086199299627,0.673086199299627,49.5990681777843,61.9504334062166,0.731637405978807
53.73,0.242279357887869,0.0677807000867854,0.910316561975061,0.000495784810011152,0.000762176105376619,0.0294079613022357,79.363970628063,0.235873884519586,0.0782550026537488,0.00453253942035946,-0.00928111949471208,0.772384349271872,-0.0248381804227272,-9.55183462752706,-2.05850974727246e-14,-0.0429869122185295,1.24938539551573e-13,0,0,0,0,1,0.673086199299627,0.673086199299627,49.5820353585947,61.9654666686607,0.736575920193419
53.74,0.242303817145864,0.0677175549432954,0.910604559142289,0.000496740174873881,0.000765690800944771,0.0294108104950567,79.3651152792743,0.235877266378068,0.0782543424371567,0.00453223564396085,-0.00934319405158182,0.77236019896308,-0.0248349919719025,-9.5520642249844,-2.05850974727246e-14,-0.0429869122185295,1.24938539551573e-13,0,0,0,0,1,0.673086199299627,0.673086199299627,49.5649993499495,61.9805011384565,0.741512884442008
53.75,0.242328270077458,0.0676544301425211,0.910892589709027,0.000497695943405281,0.000769222488420306,0.0294136564446433,79.3662656569789,0.235880665121125,0.0782536806670122,0.00453193058411408,-0.00940524648656494,0.772335948614605,-0.0248317989489831,-9.55229515431847,-2.05850974727246e-14,-0.0429869122185295,1.24938539551573e-13,0,0,0,0,1,0.673086199299627,0.673086199299627,49.5479601448839,61.9955368133164,0.746448286139131
53.76,0.242352716689081,0.0675913258572317,0.911180653687409,0.000498652112810641,0.00077277115623638,0.0294164991517523,79.3674217571109,0.235884080736705,0.078253017345368,0.00453162424333374,-0.00946727662938859,0.77231159829775,-0.0248286013704761,-9.55252741472956,-2.05850974727246e-14,-0.0429869122185295,1.24938539551573e-13,0,0,0,0,1,0.673086199299627,0.673086199299627,49.5309177364262,62.0105736909376,0.7513821127064
53.77,0.24237715698718,0.0675282422600801,0.91146875108956,0.000499608680293953,0.000776336792774166,0.0294193386171526,79.3685835755887,0.235887513212711,0.078252352474282,0.00453131662413923,-0.00952928430990239,0.772287148084064,-0.0248253992529044,-9.5527610054147,-2.05850974727246e-14,-0.0429869122185295,1.24938539551573e-13,0,0,0,0,1,0.673086199299627,0.673086199299627,49.5138721175987,62.0256117690014,0.756314351572507
53.78,0.242401590978229,0.0674651795236026,0.911756881927603,0.000500565643057926,0.000779919386362918,0.0294221748416255,79.3697511083152,0.235890962536999,0.0782516860558176,0.00453100772905469,-0.00959126935807899,0.772262598045346,-0.0248221926128081,-9.55299592556763,-2.05850974727246e-14,-0.0429869122185295,1.24938539551573e-13,0,0,0,0,1,0.673086199299627,0.673086199299627,49.4968232814171,62.0406510451736,0.761244990173259
53.79,0.242426018668718,0.0674021378202178,0.912045046213652,0.000501522998303989,0.000783518925280027,0.0294250078259646,79.3709243511779,0.235894428697379,0.0782510180920434,0.00453069756060901,-0.00965323160401457,0.772237948253647,-0.0248189814667432,-9.55323217437884,-2.05850974727246e-14,-0.0429869122185295,1.24938539551573e-13,0,0,0,0,1,0.673086199299627,0.673086199299627,49.4797712208908,62.0556915171042,0.766174015951601
53.8,0.24245044006516,0.0673391173222268,0.912333243959817,0.000502480743232311,0.000787135397751082,0.0294278375709754,79.3721033000489,0.235897911681618,0.0782503485850333,0.00453038612133582,-0.00971517087792938,0.772213198781265,-0.0248157658312819,-9.5534697510355,-2.05850974727246e-14,-0.0429869122185295,1.24938539551573e-13,0,0,0,0,1,0.673086199299627,0.673086199299627,49.4627159290226,62.0707331824277,0.771101416357653
53.81,0.242474855174091,0.0672761182018118,0.912621475178198,0.000503438875041807,0.000790768791949936,0.0294306640774761,79.3732879507845,0.235901411477433,0.0782496775368664,0.00453007341377349,-0.0097770870101682,0.772188349700748,-0.0248125457230133,-9.55370865472157,-2.05850974727246e-14,-0.0429869122185295,1.24938539551573e-13,0,0,0,0,1,0.673086199299627,0.673086199299627,49.4456573988093,62.0857760387628,0.776027178848728
53.82,0.242499264002065,0.0672131406310364,0.912909739880894,0.000504397390930149,0.000794419095998764,0.0294334873462967,79.3744782992259,0.2359049280725,0.0782490049496272,0.00452975944046507,-0.00983897983120101,0.772163401084888,-0.0248093211585419,-9.55394888461769,-2.05850974727246e-14,-0.0429869122185295,1.24938539551573e-13,0,0,0,0,1,0.673086199299627,0.673086199299627,49.4285956232411,62.1008200837127,0.780951290889376
53.83,0.242523666555658,0.0671501847818445,0.913198038079995,0.000505356288093779,0.000798086297968122,0.0294363073782796,79.3756743411987,0.235908461454446,0.0782483308254054,0.00452944420395833,-0.00990084917162328,0.772138353006734,-0.0248060921544897,-9.55419043990127,-2.05850974727246e-14,-0.0429869122185295,1.24938539551573e-13,0,0,0,0,1,0.673086199299627,0.673086199299627,49.411530595302,62.1158653148648,0.785873739951393
53.84,0.242548062841469,0.06708725082606,0.913486369787584,0.00050631556372792,0.000801770385877018,0.0294391241742793,79.3768760725132,0.235912011610853,0.0782476551662959,0.0045291277068057,-0.00996269486215673,0.772113205539575,-0.024802858727493,-9.55443331974643,-2.05850974727246e-14,-0.0429869122185295,1.24938539551573e-13,0,0,0,0,1,0.673086199299627,0.673086199299627,49.3944623079699,62.1309117297908,0.790794513513875
53.85,0.242572452866114,0.0670243389353862,0.913774735015739,0.000507275215026584,0.000805471347692967,0.0294419377351628,79.3780834889642,0.23591557852926,0.0782469779743989,0.00452880995156431,-0.0100245167336497,0.772087958756953,-0.0247996208942062,-9.55467752332406,-2.05850974727246e-14,-0.0429869122185295,1.24938539551573e-13,0,0,0,0,1,0.673086199299627,0.673086199299627,49.3773907542163,62.1459593260469,0.795713599063222
53.86,0.242596836636234,0.0669614492814052,0.914063133776532,0.000508235239182587,0.000809189171332052,0.0294447480618088,79.3792965863312,0.235919162197158,0.0782462992518198,0.00452849094079592,-0.0100863146170776,0.772062612732656,-0.0247963786712986,-9.55492304980177,-2.05850974727246e-14,-0.0429869122185295,1.24938539551573e-13,0,0,0,0,1,0.673086199299627,0.673086199299627,49.3603159270065,62.1610081011735,0.800630984093186
53.87,0.242621214158488,0.0668985820355776,0.914351566082028,0.000509195633387558,0.000812923844658991,0.0294475551551085,79.3805153603782,0.235922762601993,0.078245619000669,0.00452817067706696,-0.0101480883435437,0.772037167540719,-0.0247931320754553,-9.55516989834392,-2.05850974727246e-14,-0.0429869122185295,1.24938539551573e-13,0,0,0,0,1,0.673086199299627,0.673086199299627,49.3432378192996,62.1760580526951,0.805546656104891
53.88,0.242645585439558,0.0668357373692417,0.914640031944286,0.000510156394831952,0.000816675355487203,0.0294503590159654,79.381739806854,0.235926379731166,0.0782449372230622,0.00452784916294846,-0.0102098377442793,0.772011623255426,-0.0247898811233779,-9.55541806811161,-2.05850974727246e-14,-0.0429869122185295,1.24938539551573e-13,0,0,0,0,1,0.673086199299627,0.673086199299627,49.3261564240489,62.1911091781209,0.810460602606862
53.89,0.242669950486145,0.0667729154536131,0.914928531375358,0.000511117520705056,0.000820443691578862,0.0294531596452948,79.3829699214921,0.235930013572034,0.0782442539211205,0.0045275264010161,-0.0102715626506447,0.771985979951305,-0.0247866258317841,-9.55566755826271,-2.05850974727246e-14,-0.0429869122185295,1.24938539551573e-13,0,0,0,0,1,0.673086199299627,0.673086199299627,49.3090717342011,62.2061614749441,0.815372811115058
53.9,0.242694309304972,0.0667101164597842,0.915217064387289,0.000512079008195009,0.000824228840644968,0.0294559570440245,79.3842057000106,0.235933664111907,0.0782435690969699,0.00452720239385013,-0.010333262894129,0.771960237703132,-0.0247833662174067,-9.55591836795181,-2.05850974727246e-14,-0.0429869122185295,1.24938539551573e-13,0,0,0,0,1,0.673086199299627,0.673086199299627,49.2919837426971,62.2212149406425,0.820283269152892
53.91,0.242718661902784,0.0666473405587236,0.915505630992119,0.000513040854488803,0.000828030790345404,0.0294587512130943,79.3854471381123,0.235937331338051,0.0782428827527414,0.00452687714403541,-0.0103949383063515,0.771934396585931,-0.0247801022969943,-9.55617049633029,-2.05850974727246e-14,-0.0429869122185295,1.24938539551573e-13,0,0,0,0,1,0.673086199299627,0.673086199299627,49.2748924424716,62.2362695726778,0.825191964251276
53.92,0.242743008286344,0.0665845879212756,0.915794231201881,0.000514003056772301,0.000831849528289008,0.0294615421534561,79.3866942314849,0.235941015237686,0.0782421948905715,0.00452655065416138,-0.0104565887190615,0.77190845667497,-0.0247768340873121,-9.55642394254627,-2.05850974727246e-14,-0.0429869122185295,1.24938539551573e-13,0,0,0,0,1,0.673086199299627,0.673086199299627,49.2577978264534,62.2513253684963,0.830098883948637
53.93,0.242767348462438,0.0665218587181595,0.9160828650286,0.000514965612230247,0.000835685042033627,0.029464329866074,79.3879469758005,0.235944715797987,0.0782415055126014,0.00452622292682204,-0.0105182139641391,0.771882418045764,-0.0247735616051403,-9.55667870574461,-2.05850974727246e-14,-0.0429869122185295,1.24938539551573e-13,0,0,0,0,1,0.673086199299627,0.673086199299627,49.2406998875651,62.2663823255284,0.835004015790944
53.94,0.242791682437872,0.0664591531199695,0.916371532484297,0.000515928518046275,0.000839537319086192,0.0294671143519244,79.3892053667164,0.235948433006085,0.0782408146209778,0.00452589396461593,-0.0105798138735957,0.771856280774072,-0.0247702848672747,-9.55693478506696,-2.05850974727246e-14,-0.0429869122185295,1.24938539551573e-13,0,0,0,0,1,0.673086199299627,0.673086199299627,49.2235986187236,62.2814404411889,0.839907347331755
53.95,0.242816010219472,0.0663964712971737,0.916660233580984,0.000516891771402923,0.000843406346902776,0.0294698956119955,79.3904693998743,0.235952166849066,0.0782401222178522,0.00452556377014613,-0.0106413882795745,0.771830044935902,-0.0247670038905268,-9.55719217965173,-2.05850974727246e-14,-0.0429869122185295,1.24938539551573e-13,0,0,0,0,1,0.673086199299627,0.673086199299627,49.2064940128396,62.2964997128769,0.844808866132216
53.96,0.242840331814087,0.0663338134201139,0.916948968330668,0.000517855369481641,0.000847292112888657,0.029472673647288,79.3917390709009,0.23595591731397,0.0782394283053812,0.00452523234602026,-0.0107029370143512,0.771803710607503,-0.0247637186917236,-9.55745088863407,-2.05850974727246e-14,-0.0429869122185295,1.24938539551573e-13,0,0,0,0,1,0.673086199299627,0.673086199299627,49.1893860628179,62.3115601379756,0.849708559761124
53.97,0.242864647228584,0.0662711796590049,0.917237736745347,0.000518819309462805,0.000851194604398392,0.0294754484588143,79.3930143754077,0.235959684387792,0.0782387328857266,0.00452489969485042,-0.0107644599103339,0.771777277865373,-0.0247604292877077,-9.55771091114596,-2.05850974727246e-14,-0.0429869122185295,1.24938539551573e-13,0,0,0,0,1,0.673086199299627,0.673086199299627,49.1722747615575,62.3266217138526,0.854606415794928
53.98,0.242888956469853,0.0662085701839339,0.917526538837015,0.000519783588525726,0.000855113808735865,0.0294782200475994,79.394295308991,0.235963468057484,0.078238035961055,0.00452456581925323,-0.0108259568000644,0.771750746786248,-0.0247571356953365,-9.55797224631606,-2.05850974727246e-14,-0.0429869122185295,1.24938539551573e-13,0,0,0,0,1,0.673086199299627,0.673086199299627,49.1551601019515,62.3416844378597,0.859502421817769
53.99,0.242913259544803,0.0661459851648603,0.917815374617658,0.000520748203848664,0.000859049713154374,0.0294809884146799,79.395581867232,0.235967268309952,0.0782373375335382,0.00452423072184978,-0.0108874275162182,0.771724117447115,-0.0247538379314839,-9.55823489326989,-2.05850974727246e-14,-0.0429869122185295,1.24938539551573e-13,0,0,0,0,1,0.673086199299627,0.673086199299627,49.1380420768872,62.3567483073331,0.864396565421519
54,0.242937556460364,0.0660834247716148,0.918104244099253,0.000521713152608835,0.00086300230485668,0.0294837535611049,79.3968740456965,0.235971085132058,0.078236637605353,0.00452389440526563,-0.0109488718916052,0.771697389925205,-0.0247505360130381,-9.5584988511297,-2.05850974727246e-14,-0.0429869122185295,1.24938539551573e-13,0,0,0,0,1,0.673086199299627,0.673086199299627,49.1209206792459,62.371813319593,0.869288834205788
54.01,0.242961847223488,0.0660208891738992,0.918393147293775,0.000522678431982427,0.000866971570995082,0.0294865154879354,79.3981718399357,0.235974918510617,0.078235936178681,0.00452355687213079,-0.0110102897591699,0.771670564297986,-0.0247472299569028,-9.55876411901452,-2.05850974727246e-14,-0.0429869122185295,1.24938539551573e-13,0,0,0,0,1,0.673086199299627,0.673086199299627,49.1037959019034,62.386879471944,0.874179215777968
54.02,0.242986131841145,0.0659583785412856,0.918682084213187,0.000523644039144608,0.000870957498671476,0.0294892741962443,79.3994752454852,0.235978768432404,0.0782352332557091,0.00452321812507973,-0.0110716809519927,0.771643640643179,-0.0247439197799969,-9.55903069604021,-2.05850974727246e-14,-0.0429869122185295,1.24938539551573e-13,0,0,0,0,1,0.673086199299627,0.673086199299627,49.0866677377295,62.4019467616751,0.879067697753265
54.03,0.243010410320327,0.0658958930432161,0.918971054869449,0.000524609971269538,0.000874960074937428,0.029492029687117,79.4007842578659,0.235982634884144,0.0782345288386288,0.00452287816675132,-0.0111330453032892,0.771616619038741,-0.0247406054992545,-9.55929858131933,-2.05850974727246e-14,-0.0429869122185295,1.24938539551573e-13,0,0,0,0,1,0.673086199299627,0.673086199299627,49.0695361795883,62.4170151860593,0.883954267754706
54.04,0.243034682668048,0.0658334328490021,0.919260059274511,0.00052557622553038,0.000878979286794238,0.0294947819616507,79.4020988725833,0.235986517852523,0.0782338229296369,0.00452253699978887,-0.0111943826464118,0.771589499562873,-0.0247372871316249,-9.55956777396129,-2.05850974727246e-14,-0.0429869122185295,1.24938539551573e-13,0,0,0,0,1,0.673086199299627,0.673086199299627,49.0524012203384,62.4320847423538,0.8888389134132
54.05,0.243058948891341,0.0657709981278238,0.919549097440319,0.000526542799099312,0.000883015121192999,0.0294975310209546,79.4034190851282,0.235990417324178,0.0782331155309348,0.00452219462684006,-0.0112556928148498,0.771562282294023,-0.024733964694072,-9.55983827307229,-2.05850974727246e-14,-0.0429869122185295,1.24938539551573e-13,0,0,0,0,1,0.673086199299627,0.673086199299627,49.0352628528324,62.4471554278003,0.893721622367535
54.06,0.243083208997258,0.0657085890487299,0.919838169378808,0.000527509689147538,0.000887067565034679,0.02950027686615,79.4047448909761,0.235994333285704,0.0782324066447291,0.00452185105055698,-0.0113169756422295,0.771534967310877,-0.0247306382035749,-9.56011007775527,-2.05850974727246e-14,-0.0429869122185295,1.24938539551573e-13,0,0,0,0,1,0.673086199299627,0.673086199299627,49.0181210699175,62.4622272396245,0.898602382264428
54.07,0.243107462992875,0.0656462057806369,0.92012727510191,0.000528476892845299,0.000891136605170176,0.0295030194983704,79.4060762855876,0.235998265723652,0.0782316962732311,0.00452150627359608,-0.0113782309623155,0.771507554692366,-0.0247273076771278,-9.56038318711002,-2.05850974727246e-14,-0.0429869122185295,1.24938539551573e-13,0,0,0,0,1,0.673086199299627,0.673086199299627,49.0009758644352,62.4773001750365,0.903481180758552
54.08,0.243131710885285,0.0655838484923283,0.920416414621548,0.000529444407361885,0.000895222228400391,0.0295057589187612,79.4074132644084,0.236002214624528,0.078230984418657,0.00452116029861818,-0.0114394586090106,0.771480044517661,-0.0247239731317397,-9.5606576002331,-2.05850974727246e-14,-0.0429869122185295,1.24938539551573e-13,0,0,0,0,1,0.673086199299627,0.673086199299627,48.9838272292214,62.4923742312305,0.908358005512548
54.09,0.243155952681604,0.0655215173524547,0.920705587949637,0.000530412229865644,0.000899324421476293,0.0295084951284798,79.4087558228691,0.236006179974792,0.0782302710832282,0.00452081312828842,-0.0115006584163564,0.771452436866178,-0.0247206345844341,-9.56093331621788,-2.05850974727246e-14,-0.0429869122185295,1.24938539551573e-13,0,0,0,0,1,0.673086199299627,0.673086199299627,48.9666751571064,62.5074494053849,0.913232844197074
54.1,0.243180188388966,0.0654592125295329,0.920994795098085,0.000531380357523997,0.000903443171098988,0.0295112281286957,79.4101039563854,0.236010161760864,0.0782295562691704,0.0045204647652763,-0.011561830218534,0.77142473181757,-0.0247172920522491,-9.56121033415451,-2.05850974727246e-14,-0.0429869122185295,1.24938539551573e-13,0,0,0,0,1,0.673086199299627,0.673086199299627,48.9495196409151,62.5225256946623,0.918105684490821
54.11,0.243204418014529,0.0653969341919454,0.921284036078796,0.000532348787503446,0.000907578463919784,0.0295139579205903,79.4114576603581,0.236014159969116,0.0782288399787146,0.00452011521225561,-0.0116229738498643,0.771396929451735,-0.0247139455522385,-9.56148865312998,-2.05850974727246e-14,-0.0429869122185295,1.24938539551573e-13,0,0,0,0,1,0.673086199299627,0.673086199299627,48.9323606734667,62.5376030962098,0.922976514080548
54.12,0.243228641565467,0.0653346825079399,0.921573310903662,0.000533317516969587,0.000911730286540269,0.029516684505357,79.412816930173,0.236018174585878,0.0782281222140964,0.00451976447190446,-0.0116840891448088,0.771369029848811,-0.0247105951014695,-9.56176827222806,-2.05850974727246e-14,-0.0429869122185295,1.24938539551573e-13,0,0,0,0,1,0.673086199299627,0.673086199299627,48.915198247575,62.5526816071584,0.927845320661105
54.13,0.243252859048978,0.0652724576456287,0.921862619584571,0.000534286543087119,0.000915898625512361,0.0295194078842015,79.414181761201,0.236022205597436,0.0782274029775564,0.00451941254690524,-0.0117451759379696,0.771341033089172,-0.024707240717025,-9.56204919052932,-2.05850974727246e-14,-0.0429869122185295,1.24938539551573e-13,0,0,0,0,1,0.673086199299627,0.673086199299627,48.8980323560485,62.5677612246232,0.932712091935472
54.14,0.243277070472278,0.0652102597729886,0.922151962133403,0.000535255863019861,0.000920083467338399,0.029522128058341,79.4155521487983,0.236026252990031,0.0782266822713398,0.00451905943994462,-0.0118062340640903,0.771312939253442,-0.0247038824160012,-9.56233140711119,-2.05850974727246e-14,-0.0429869122185295,1.24938539551573e-13,0,0,0,0,1,0.673086199299627,0.673086199299627,48.8808629916899,62.582841945704,0.937576815614772
54.15,0.243301275842604,0.0651480890578597,0.922441338562029,0.000536225473930757,0.000924284798471194,0.029524845029005,79.4169280883061,0.236030316749861,0.0782259600976966,0.00451870515371352,-0.0118672633580563,0.771284748422475,-0.0247005202155095,-9.56261492104786,-2.05850974727246e-14,-0.0429869122185295,1.24938539551573e-13,0,0,0,0,1,0.673086199299627,0.673086199299627,48.8636901472969,62.5979237674843,0.942439479418313
54.16,0.243325475167214,0.0650859456679456,0.922730748882314,0.000537195372981888,0.000928502605314103,0.0295275587974349,79.4183095750507,0.236034396863079,0.0782252364588817,0.0045183496909071,-0.0119282636548957,0.771256460677372,-0.0246971541326762,-9.56289973141037,-2.05850974727246e-14,-0.0429869122185295,1.24938539551573e-13,0,0,0,0,1,0.673086199299627,0.673086199299627,48.8465138156615,62.613006687032,0.947300071073617
54.17,0.243349668453385,0.0650238297708123,0.923020193106115,0.00053816555733449,0.000932736874221106,0.0295302693648841,79.4196966043436,0.236038493315797,0.0782245113571548,0.00451799305422478,-0.011989234789779,0.771228076099473,-0.0246937841846408,-9.56318583726659,-2.05850974727246e-14,-0.0429869122185295,1.24938539551573e-13,0,0,0,0,1,0.673086199299627,0.673086199299627,48.8293339895707,62.6280907013992,0.95215857831643
54.18,0.243373855708415,0.0649617415338881,0.923309671245284,0.000539136024148955,0.000936987591496867,0.0295329767326178,79.4210891714818,0.23604260609408,0.07822378479478,0.00451763524637018,-0.0120501765980204,0.77119959477035,-0.0246904103885579,-9.56347323768117,-2.05850974727246e-14,-0.0429869122185295,1.24938539551573e-13,0,0,0,0,1,0.673086199299627,0.673086199299627,48.8121506618059,62.6431758076222,0.957014988890778
54.19,0.243398036939622,0.0648996811244628,0.923599183311661,0.000540106770584853,0.000941254743396803,0.0295356809019132,79.422487271747,0.236046735183951,0.0782230567740265,0.00451727627005111,-0.0121110889150779,0.771171016771824,-0.0246870327615961,-9.56376193171563,-2.05850974727246e-14,-0.0429869122185295,1.24938539551573e-13,0,0,0,0,1,0.673086199299627,0.673086199299627,48.7949638251432,62.6582620027214,0.961869290548973
54.2,0.243422212154344,0.0648376487096874,0.923888729317081,0.000541077793800934,0.000945538316127161,0.0295383818740596,79.4238909004065,0.23605088057139,0.078222327297168,0.00451691612797959,-0.0121719715765536,0.771142342185948,-0.0246836513209386,-9.56405191842828,-2.05850974727246e-14,-0.0429869122185295,1.24938539551573e-13,0,0,0,0,1,0.673086199299627,0.673086199299627,48.7777734723537,62.6733492837014,0.966721471051654
54.21,0.24344638135994,0.0647756444565735,0.924178309273373,0.000542049090955146,0.00094983829584508,0.029541079650358,79.4253000527129,0.236055042242332,0.078221596366483,0.00451655482287181,-0.0122328244181948,0.771113571095016,-0.0246802660837817,-9.56434319687428,-2.05850974727246e-14,-0.0429869122185295,1.24938539551573e-13,0,0,0,0,1,0.673086199299627,0.673086199299627,48.7605795962031,62.6884376475511,0.971571518167808
54.22,0.243470544563787,0.0647136685319926,0.924467923192354,0.000543020659204643,0.000954154668658672,0.0295437742321215,79.4267147239036,0.23605922018267,0.0782208639842546,0.00451619235744812,-0.012293647275894,0.771084703581561,-0.0246768770673363,-9.56463576610565,-2.05850974727246e-14,-0.0429869122185295,1.24938539551573e-13,0,0,0,0,1,0.673086199299627,0.673086199299627,48.7433821894518,62.7035270912433,0.976419419674804
54.23,0.243494701773286,0.0646517211026761,0.924757571085838,0.000543992495705797,0.000958487420627077,0.0295464656206749,79.4281349092019,0.236063414378251,0.0782201301527705,0.00451582873443301,-0.0123544399856894,0.771055739728353,-0.0246734842888283,-9.56492962517119,-2.05850974727246e-14,-0.0429869122185295,1.24938539551573e-13,0,0,0,0,1,0.673086199299627,0.673086199299627,48.7261812448552,62.7186176117354,0.981265163358424
54.24,0.243518852995854,0.0645898023352142,0.925047252965629,0.00054496459761421,0.00096283653776055,0.0295491538173551,79.429560603816,0.236067624814882,0.0782193948743234,0.00451546395655512,-0.0124152023837658,0.7710266796184,-0.0246700877654959,-9.56522477311659,-2.05850974727246e-14,-0.0429869122185295,1.24938539551573e-13,0,0,0,0,1,0.673086199299627,0.673086199299627,48.7089767551635,62.7337092059685,0.986108737012882
54.25,0.24354299823893,0.0645279123960559,0.925336968843523,0.000545936962084726,0.000967202006020519,0.0295518388235108,79.4309918029396,0.236071851478324,0.0782186581512101,0.00451509802654717,-0.0124759343064544,0.770997523334945,-0.0246666875145926,-9.56552120898434,-2.05850974727246e-14,-0.0429869122185295,1.24938539551573e-13,0,0,0,0,1,0.673086199299627,0.673086199299627,48.6917687131217,62.7488018708682,0.990950128440856
54.26,0.243567137509972,0.064466051451508,0.925626718731309,0.000546909586271439,0.000971583811319664,0.0295545206405025,79.4324285017517,0.236076094354297,0.0782179199857324,0.00451473094714603,-0.0125366355902342,0.770968270961472,-0.0246632835533845,-9.56581893181381,-2.05850974727246e-14,-0.0429869122185295,1.24938539551573e-13,0,0,0,0,1,0.673086199299627,0.673086199299627,48.6745571114698,62.7638956033441,0.995789325453527
54.27,0.243591270816461,0.064404219667735,0.925916502640767,0.000547882467327709,0.000975981939521989,0.0295571992697028,79.4338706954166,0.236080353428476,0.0782171803801966,0.00451436272109263,-0.0125973060717317,0.770938922581701,-0.0246598758991524,-9.56611794064118,-2.05850974727246e-14,-0.0429869122185295,1.24938539551573e-13,0,0,0,0,1,0.673086199299627,0.673086199299627,48.6573419429427,62.77899040029,1.00062631587059
54.28,0.243615398165894,0.0643424172107586,0.926206320583672,0.000548855602406171,0.000980396376442887,0.0295598747124958,79.4353183790841,0.236084628686493,0.0782164393369136,0.00451399335113198,-0.0126579455877215,0.770909478279585,-0.0246564645691909,-9.56641823449952,-2.05850974727246e-14,-0.0429869122185295,1.24938539551573e-13,0,0,0,0,1,0.673086199299627,0.673086199299627,48.6401232002702,62.7940862585839,1.00546108752029
54.29,0.243639519565789,0.0642806442464567,0.926496172571788,0.000549828988658746,0.000984827107849215,0.0295625469702779,79.4367715478894,0.236088920113938,0.0782156968581988,0.00451362284001315,-0.0127185539751274,0.770879938139318,-0.0246530495808074,-9.56671981241873,-2.05850974727246e-14,-0.0429869122185295,1.24938539551573e-13,0,0,0,0,1,0.673086199299627,0.673086199299627,48.6229008761773,62.8091831750879,1.01029362823946
54.3,0.243663635023687,0.0642189009405634,0.926786058616872,0.000550802623236652,0.000989274119459366,0.0295652160444569,79.438230196953,0.236093227696356,0.0782149529463722,0.00451325119048927,-0.0127791310710222,0.770850302245328,-0.0246496309513233,-9.56702267342555,-2.05850974727246e-14,-0.0429869122185295,1.24938539551573e-13,0,0,0,0,1,0.673086199299627,0.673086199299627,48.6056749633838,62.8242811466482,1.01512392587354
54.31,0.243687744547145,0.0641571874586684,0.927075978730674,0.000551776503290419,0.00099373739694334,0.0295678819364528,79.4396943213809,0.236097551419253,0.0782142076037585,0.00451287840531749,-0.0128396767126283,0.770820570682279,-0.0246462086980744,-9.56732681654361,-2.05850974727246e-14,-0.0429869122185295,1.24938539551573e-13,0,0,0,0,1,0.673086199299627,0.673086199299627,48.5884454546046,62.8393801700953,1.01995196827659
54.32,0.243711848143741,0.0640955039662164,0.927365932924937,0.000552750625969896,0.000998216925922825,0.0295705446476972,79.4411639162647,0.236101891268087,0.0782134608326866,0.00451250448725897,-0.0129001907373186,0.770790743535071,-0.024642782838409,-9.56763224079338,-2.05850974727246e-14,-0.0429869122185295,1.24938539551573e-13,0,0,0,0,1,0.673086199299627,0.673086199299627,48.5712123425497,62.8544802422436,1.02477774331135
54.33,0.243735945821075,0.0640338506285066,0.927655921211392,0.000553724988424265,0.00100271269197126,0.0295732041796336,79.4426389766812,0.236106247228276,0.0782127126354901,0.00451212943907887,-0.0129606729826166,0.770760820888837,-0.0246393533896888,-9.56793894519221,-2.05850974727246e-14,-0.0429869122185295,1.24938539551573e-13,0,0,0,0,1,0.673086199299627,0.673086199299627,48.5539756199242,62.869581359892,1.02960123884926
54.34,0.243760037586764,0.0639722276106921,0.927945943601765,0.00055469958780205,0.00100722468061389,0.0295758605337172,79.4441194976931,0.236110619285196,0.0782119630145072,0.00451175326354637,-0.0130211232861968,0.770730802828947,-0.0246359203692897,-9.56824692875427,-2.05850974727246e-14,-0.0429869122185295,1.24938539551573e-13,0,0,0,0,1,0.673086199299627,0.673086199299627,48.5367352794284,62.8846835198232,1.03442244277046
54.35,0.243784123448447,0.0639106350777797,0.928236000107775,0.000555674421251134,0.0010117528773279,0.0295785137114153,79.4456054743481,0.236115007424178,0.0782112119720803,0.00451137596343458,-0.0130815414858857,0.770700689441006,-0.0246324837945998,-9.56855619049067,-2.05850974727246e-14,-0.0429869122185295,1.24938539551573e-13,0,0,0,0,1,0.673086199299627,0.673086199299627,48.5194913137576,62.8997867188042,1.03924134296385
54.36,0.24380820341378,0.0638490731946293,0.928526090741129,0.000556649485918763,0.00101629726754241,0.0295811637142065,79.4470969016799,0.236119411630511,0.0782104595105566,0.00451099754152061,-0.0131419274196618,0.770670480810852,-0.0246290436830222,-9.56886672940935,-2.05850974727246e-14,-0.0429869122185295,1.24938539551573e-13,0,0,0,0,1,0.673086199299627,0.673086199299627,48.5022437156023,62.914890953586,1.04405792732711
54.37,0.243832277490443,0.0637875421259531,0.92881621551353,0.000557624778951562,0.0010208578366386,0.0295838105435816,79.4485937747076,0.236123831889442,0.0782097056322874,0.00451061800058547,-0.0132022809256561,0.770640177024558,-0.0246256000519712,-9.5691785445151,-2.05850974727246e-14,-0.0429869122185295,1.24938539551573e-13,0,0,0,0,1,0.673086199299627,0.673086199299627,48.4849924776485,62.9299962209041,1.04887218376672
54.38,0.243856345686131,0.0637260420363154,0.92910637443667,0.000558600297495547,0.00102543456994977,0.0295864542010429,79.4500960884358,0.236128268186176,0.0782089503396287,0.00451023734341414,-0.0132626018421529,0.770609778168429,-0.0246221529188755,-9.56949163480963,-2.05850974727246e-14,-0.0429869122185295,1.24938539551573e-13,0,0,0,0,1,0.673086199299627,0.673086199299627,48.4677375925771,62.9451025174776,1.05368410019801
54.39,0.243880408008563,0.0636645730901321,0.929396567522234,0.000559576038696133,0.00103002745276142,0.0295890946881047,79.4516038378548,0.236132720505874,0.0782081936349409,0.0045098555727955,-0.01332289000759,0.770579284329008,-0.0246187023011764,-9.56980599929153,-2.05850974727246e-14,-0.0429869122185295,1.24938539551573e-13,0,0,0,0,1,0.673086199299627,0.673086199299627,48.4504790530644,62.9602098400101,1.05849366454515
54.4,0.243904464465474,0.0636031354516701,0.929686794781898,0.000560551999698149,0.0010346364703113,0.0295917320062928,79.4531170179404,0.236137188833655,0.0782074355205886,0.00450947269152231,-0.0133831452605593,0.770548695593067,-0.0246152482163288,-9.57012163695625,-2.05850974727246e-14,-0.0429869122185295,1.24938539551573e-13,0,0,0,0,1,0.673086199299627,0.673086199299627,48.433216851782,62.9753181851892,1.06330086474122
54.41,0.243928515064622,0.0635417292850468,0.929977056227331,0.000561528177645846,0.00103926160778951,0.0295943661571449,79.4546356236542,0.236141673154596,0.078206675998941,0.00450908870239126,-0.0134433674398072,0.770518012047611,-0.0246117906817999,-9.5704385467961,-2.05850974727246e-14,-0.0429869122185295,1.24938539551573e-13,0,0,0,0,1,0.673086199299627,0.673086199299627,48.415950981397,62.9904275496867,1.06810568872821
54.42,0.243952559813782,0.0634803547542297,0.930267351870192,0.000562504569682913,0.00104390285033856,0.0295969971422103,79.4561596499433,0.23614617345373,0.0782059150723715,0.00450870360820286,-0.0135035563842352,0.770487233779879,-0.0246083297150704,-9.57075672780035,-2.05850974727246e-14,-0.0429869122185295,1.24938539551573e-13,0,0,0,0,1,0.673086199299627,0.673086199299627,48.3986814345714,63.0055379301583,1.07290812445705
54.43,0.243976598720751,0.0634190120230359,0.930557681722134,0.000563481172952483,0.00104856018305347,0.0295996249630502,79.4576890917405,0.236150689716052,0.078205152743258,0.00450831741176152,-0.0135637119329002,0.770456360877345,-0.0246048653336333,-9.57107617895512,-2.05850974727246e-14,-0.0429869122185295,1.24938539551573e-13,0,0,0,0,1,0.673086199299627,0.673086199299627,48.381408203963,63.0206493232441,1.07770815988765
54.44,0.244000631793342,0.0633577012551313,0.930848045794799,0.00056445798459715,0.0010532335909818,0.0296022496212374,79.4592239439645,0.236155221926509,0.0782043890139827,0.00450793011587546,-0.0136238339250152,0.770425393427711,-0.0246013975549948,-9.5713968992434,-2.05850974727246e-14,-0.0429869122185295,1.24938539551573e-13,0,0,0,0,1,0.673086199299627,0.673086199299627,48.364131282225,63.0357617255682,1.08250578298894
54.45,0.244024659039393,0.0632964226140307,0.931138444099822,0.000565435001758976,0.00105792305912376,0.0296048711183562,79.4607642015195,0.23615977007001,0.078203623886932,0.00450754172335674,-0.0136839221999496,0.770394331518911,-0.0245979263966736,-9.57171888764511,-2.05850974727246e-14,-0.0429869122185295,1.24938539551573e-13,0,0,0,0,1,0.673086199299627,0.673086199299627,48.3468506620058,63.0508751337386,1.08730098173887
54.46,0.244048680466756,0.0632351762630966,0.931428876648829,0.000566412221579505,0.00106262857243227,0.0296074894560029,79.4623098592954,0.236164334131421,0.0782028573644968,0.00450715223702124,-0.0137439765972296,0.770363175239114,-0.0245944518762011,-9.57204214313707,-2.05850974727246e-14,-0.0429869122185295,1.24938539551573e-13,0,0,0,0,1,0.673086199299627,0.673086199299627,48.3295663359493,63.0659895443479,1.09209374412443
54.47,0.244072696083305,0.0631739623655395,0.931719343453439,0.000567389641199774,0.00106735011581306,0.0296101046357854,79.463860912168,0.236168914095566,0.0782020894490723,0.00450676165968862,-0.0138039969565391,0.770331924676716,-0.0245909740111219,-9.57236666469298,-2.05850974727246e-14,-0.0429869122185295,1.24938539551573e-13,0,0,0,0,1,0.673086199299627,0.673086199299627,48.3122782966951,63.0811049539722,1.09688405814174
54.48,0.244096705896935,0.0631127810844167,0.932009844525261,0.000568367257760323,0.00107208767412469,0.0296127166593231,79.4654173549989,0.236173509947224,0.0782013201430577,0.00450636999418234,-0.0138639831177195,0.770300579920349,-0.0245874928189925,-9.57269245128348,-2.05850974727246e-14,-0.0429869122185295,1.24938539551573e-13,0,0,0,0,1,0.673086199299627,0.673086199299627,48.2949865368782,63.0962213591723,1.101671911796
54.49,0.244120709915559,0.0630516325826321,0.932300379875895,0.000569345068401209,0.0010768412321787,0.0296153255282472,79.4669791826353,0.236178121671138,0.0782005494488568,0.00450597724332961,-0.0139239349207708,0.770269141058871,-0.0245840083173822,-9.57301950187607,-2.05850974727246e-14,-0.0429869122185295,1.24938539551573e-13,0,0,0,0,1,0.673086199299627,0.673086199299627,48.2776910491292,63.1113387564926,1.10645729310157
54.5,0.244144708147108,0.0629905170229358,0.932590949516934,0.000570323070262017,0.00108161077473963,0.0296179312442005,79.4685463899104,0.236182749252003,0.0781997773688774,0.00450558340996139,-0.0139838522058517,0.770237608181373,-0.0245805205238721,-9.5733478154352,-2.05850974727246e-14,-0.0429869122185295,1.24938539551573e-13,0,0,0,0,1,0.673086199299627,0.673086199299627,48.2603918260741,63.126457142462,1.11124019008197
54.51,0.244168700599535,0.0629294345679235,0.932881553459962,0.000571301260481869,0.0010863962865251,0.0296205338088374,79.4701189716432,0.236187392674477,0.0781990039055316,0.00450518849691241,-0.0140437348132803,0.770205981377174,-0.0245770294560571,-9.57367739092222,-2.05850974727246e-14,-0.0429869122185295,1.24938539551573e-13,0,0,0,0,1,0.673086199299627,0.673086199299627,48.2430888603348,63.1415765135932,1.11602059076995
54.52,0.24419268728081,0.0628683853800359,0.933172191716553,0.000572279636199439,0.00109119775220592,0.0296231332238241,79.4716969226385,0.236192051923173,0.0781982290612359,0.00450479250702108,-0.0141035825835343,0.770174260735824,-0.024573535131543,-9.57400822729538,-2.05850974727246e-14,-0.0429869122185295,1.24938539551573e-13,0,0,0,0,1,0.673086199299627,0.673086199299627,48.2257821445286,63.1566968663832,1.12079848320746
54.53,0.244216668198926,0.0628073696215586,0.933462864298273,0.000573258194552962,0.00109601515640614,0.0296257294908381,79.473280237687,0.236196726982664,0.0781974528384107,0.00450439544312955,-0.0141633953572517,0.770142446347105,-0.0245700375679484,-9.57434032350989,-2.05850974727246e-14,-0.0429869122185295,1.24938539551573e-13,0,0,0,0,1,0.673086199299627,0.673086199299627,48.2084716712686,63.1718181973129,1.1255738554457
54.54,0.244240643361891,0.0627463874546212,0.933753571216681,0.000574236932680246,0.00110084848370314,0.0296283226115688,79.4748689115652,0.236201417837481,0.0781966752394807,0.00450399730808365,-0.0142231729752313,0.770110538301024,-0.0245665367829046,-9.57467367851783,-2.05850974727246e-14,-0.0429869122185295,1.24938539551573e-13,0,0,0,0,1,0.673086199299627,0.673086199299627,48.1911574331635,63.1869405028476,1.13034669554519
54.55,0.244264612777735,0.0626854390411968,0.934044312483325,0.000575215847718683,0.00110569771862769,0.029630912587717,79.4764629390358,0.236206124472113,0.0781958962668749,0.00450359810473288,-0.0142829152784327,0.770078536687821,-0.0245630327940544,-9.57500829126827,-2.05850974727246e-14,-0.0429869122185295,1.24938539551573e-13,0,0,0,0,1,0.673086199299627,0.673086199299627,48.1738394228177,63.2020637794363,1.13511699157574
54.56,0.244288576454506,0.0626245245431021,0.934335088109745,0.000576194936805265,0.00111056284566403,0.0296334994209952,79.4780623148471,0.236210846871008,0.0781951159230263,0.00450319783593042,-0.0143426221079776,0.77004644159796,-0.0245595256190525,-9.57534416070714,-2.05850974727246e-14,-0.0429869122185295,1.24938539551573e-13,0,0,0,0,1,0.673086199299627,0.673086199299627,48.1565176328316,63.2171880235124,1.13988473161649
54.57,0.244312534400274,0.062563644121996,0.934625898107473,0.000577174197076589,0.00111544384924998,0.0296360831131272,79.4796670337336,0.236215585018572,0.078194334210372,0.00450279650453308,-0.0144022933051493,0.770014253122138,-0.0245560152755668,-9.57568128577734,-2.05850974727246e-14,-0.0429869122185295,1.24938539551573e-13,0,0,0,0,1,0.673086199299627,0.673086199299627,48.1391920558011,63.2323132314933,1.14464990375597
54.58,0.244336486623124,0.0625027979393802,0.934916742488031,0.000578153625668871,0.00112034071377697,0.0296386636658488,79.4812770904156,0.236220338899171,0.0781935511313534,0.00450239411340133,-0.0144619287113942,0.769981971351278,-0.0245525017812757,-9.57601966541869,-2.05850974727246e-14,-0.0429869122185295,1.24938539551573e-13,0,0,0,0,1,0.673086199299627,0.673086199299627,48.1218626843179,63.2474393997805,1.14941249609209
54.59,0.244360433131164,0.0624419861565975,0.935207621262932,0.00057913321971796,0.00112525342359015,0.029641241080907,79.4828924795996,0.236225108497128,0.0781927666884159,0.00450199066539922,-0.0145215281683211,0.769949596376528,-0.0245489851538707,-9.57635929856797,-2.05850974727246e-14,-0.0429869122185295,1.24938539551573e-13,0,0,0,0,1,0.673086199299627,0.673086199299627,48.1045295109698,63.2625665247594,1.1541724967322
54.6,0.244384373932519,0.0623812089348325,0.935498534443681,0.000580112976359346,0.00113018196298845,0.0296438153600605,79.4845131959779,0.236229893796725,0.0781919808840089,0.00450158616339443,-0.0145810915177028,0.76991712828927,-0.0245454654110541,-9.57670018415885,-2.05850974727246e-14,-0.0429869122185295,1.24938539551573e-13,0,0,0,0,1,0.673086199299627,0.673086199299627,48.0871925283402,63.2776946027998,1.15892989379309
54.61,0.244408309035334,0.0623204664351103,0.935789482041775,0.000581092892728174,0.00113512631622466,0.0296463865050793,79.4861392342289,0.236234694782203,0.0781911937205861,0.00450118061025823,-0.0146406186014757,0.769884567181108,-0.0245419425705411,-9.577042321122,-2.05850974727246e-14,-0.0429869122185295,1.24938539551573e-13,0,0,0,0,1,0.673086199299627,0.673086199299627,48.0698517290085,63.2928236302553,1.16368467540103
54.62,0.244432238447773,0.0622597588182962,0.936080464068698,0.000582072965959254,0.00114008646750554,0.0296489545177453,79.4877705890173,0.236239511437764,0.078190405200605,0.00450077400886543,-0.0147001092617408,0.769851913143875,-0.0245384166500578,-9.57738570838501,-2.05850974727246e-14,-0.0429869122185295,1.24938539551573e-13,0,0,0,0,1,0.673086199299627,0.673086199299627,48.05250710555,63.3079536034638,1.16843682969181
54.63,0.24445616217802,0.0621990862450957,0.93637148053593,0.000583053193187074,0.00114506240099185,0.0296515193998515,79.4894072549934,0.236244343747565,0.0781896153265273,0.00450036636209444,-0.0147595633407638,0.76981916626963,-0.0245348876673426,-9.57773034487241,-2.05850974727246e-14,-0.0429869122185295,1.24938539551573e-13,0,0,0,0,1,0.673086199299627,0.673086199299627,48.0351586505361,63.323084518747,1.17318634481074
54.64,0.244480080234276,0.0621384488760531,0.93666253145494,0.00058403357154581,0.00115005410079846,0.0296540811532026,79.4910492267941,0.236249191695724,0.0781888241008187,0.00449995767282718,-0.0148189806809759,0.769786326650658,-0.0245313556401445,-9.57807622950568,-2.05850974727246e-14,-0.0429869122185295,1.24938539551573e-13,0,0,0,0,1,0.673086199299627,0.673086199299627,48.0178063565338,63.3382163724111,1.1779332089127
54.65,0.244503992624763,0.0620778468715521,0.936953616837185,0.000585014098169338,0.00115506155099439,0.0296566397796147,79.4926964990421,0.236254055266318,0.0781880315259488,0.00449954794394911,-0.014878361124974,0.76975339437947,-0.0245278205862254,-9.57842336120327,-2.05850974727246e-14,-0.0429869122185295,1.24938539551573e-13,0,0,0,0,1,0.673086199299627,0.673086199299627,48.0004502161065,63.353349160746,1.18267741016217
54.66,0.244527899357722,0.0620172803918144,0.937244736694118,0.000585994770191247,0.00116008473560297,0.0296591952809155,79.4943490663464,0.236258934443385,0.0781872376043915,0.00449913717834921,-0.0149377045155211,0.769720369548804,-0.0245242825233574,-9.57877173888058,-2.05850974727246e-14,-0.0429869122185295,1.24938539551573e-13,0,0,0,0,1,0.673086199299627,0.673086199299627,47.9830902218134,63.3684828800259,1.18741893673323
54.67,0.244551800441412,0.0619567495968997,0.93753589103718,0.000586975584744847,0.00116512363860184,0.029661747658944,79.496006923302,0.236263829210917,0.0781864423386243,0.00449872537891994,-0.0149970106955472,0.769687252251623,-0.024520741469325,-9.57912136144999,-2.05850974727246e-14,-0.0429869122185295,1.24938539551573e-13,0,0,0,0,1,0.673086199299627,0.673086199299627,47.9657263662098,63.3836175265088,1.19215777680964
54.68,0.244575695884112,0.0618962546467053,0.937827079877802,0.000587956538963187,0.00117017824392304,0.0296642969155506,79.4976700644903,0.236268739552871,0.0781856457311288,0.00449831254855725,-0.0150562795081491,0.769654042581114,-0.0245171974419238,-9.57947222782079,-2.05850974727246e-14,-0.0429869122185295,1.24938539551573e-13,0,0,0,0,1,0.673086199299627,0.673086199299627,47.9483586418473,63.3987530964371,1.19689391858479
54.69,0.244599585694119,0.0618357957009652,0.938118303227408,0.000588937629979058,0.00117524853545314,0.0296668430525974,79.4993384844786,0.23627366545316,0.0781848477843907,0.00449789869016055,-0.0151155107965914,0.76962074063069,-0.0245136504589598,-9.57982433689929,-2.05850974727246e-14,-0.0429869122185295,1.24938539551573e-13,0,0,0,0,1,0.673086199299627,0.673086199299627,47.9309870412732,63.4138895860371,1.20162735026181
54.7,0.24462346987975,0.06177537291925,0.938409561097411,0.000589918854925011,0.00118033449703326,0.0296693860719577,79.5010121778208,0.236278606895657,0.0781840485008994,0.00449748380663272,-0.0151747044043069,0.769587346493988,-0.0245101005382519,-9.58017768758874,-2.05850974727246e-14,-0.0429869122185295,1.24938539551573e-13,0,0,0,0,1,0.673086199299627,0.673086199299627,47.9136115570314,63.4290269915192,1.20635806005355
54.71,0.24464734844934,0.0617149864609664,0.938700853499217,0.000590900210933368,0.00118543611245918,0.0296719259755162,79.5026911390569,0.236283563864194,0.0781832478831484,0.00449706790088004,-0.0152338601748966,0.76955386026487,-0.0245065476976291,-9.58053227878939,-2.05850974727246e-14,-0.0429869122185295,1.24938539551573e-13,0,0,0,0,1,0.673086199299627,0.673086199299627,47.8962321816616,63.4441653090778,1.2110860361826
54.72,0.244671221411243,0.0616546364853564,0.938992180444219,0.000591881695136229,0.00119055336548144,0.029674462765169,79.5043753627129,0.236288536342563,0.0781824459336349,0.00449665097581225,-0.0152929779521306,0.769520282037421,-0.0245029919549317,-9.58088810939843,-2.05850974727246e-14,-0.0429869122185295,1.24938539551573e-13,0,0,0,0,1,0.673086199299627,0.673086199299627,47.8788489076999,63.4593045348916,1.21581126688137
54.73,0.244695088773833,0.0615943231514973,0.939283541943805,0.000592863304665491,0.00119568623980535,0.0296769964428237,79.5060648433014,0.236293524314516,0.0781816426548602,0.00449623303434248,-0.0153520575799486,0.769486611905949,-0.0244994333280109,-9.58124517831005,-2.05850974727246e-14,-0.0429869122185295,1.24938539551573e-13,0,0,0,0,1,0.673086199299627,0.673086199299627,47.8614617276787,63.474444665123,1.22053374039204
54.74,0.244718950545502,0.061534046618301,0.939574938009351,0.000593845036652851,0.00120083471909117,0.0296795270103992,79.5077595753213,0.236298527763764,0.0781808380493292,0.00449581407938723,-0.0154110989024598,0.769452849964988,-0.024495871834729,-9.58160348441542,-2.05850974727246e-14,-0.0429869122185295,1.24938539551573e-13,0,0,0,0,1,0.673086199299627,0.673086199299627,47.8440706341265,63.4895856959188,1.22525344496668
54.75,0.244742806734662,0.0614738070445132,0.939866368652224,0.000594826888229824,0.00120599878695409,0.0296820544698258,79.5094595532577,0.236303546673977,0.078180032119551,0.0044953941138664,-0.0154701017639442,0.769418996309291,-0.02449230749296,-9.58196302660269,-2.05850974727246e-14,-0.0429869122185295,1.24938539551573e-13,0,0,0,0,1,0.673086199299627,0.673086199299627,47.8266756195681,63.5047276234097,1.22997036886719
54.76,0.244766657349741,0.0614136045887137,0.940157833883781,0.000595808856527752,0.0012111784269644,0.029684578823045,79.5111647715821,0.236308581028787,0.0781792248680382,0.00449497314070324,-0.015529066008852,0.769385051033839,-0.0244887403205874,-9.58232380375699,-2.05850974727246e-14,-0.0429869122185295,1.24938539551573e-13,0,0,0,0,1,0.673086199299627,0.673086199299627,47.8092766765246,63.5198704437104,1.23468450036539
54.77,0.244790502399188,0.0613534394093151,0.940449333715371,0.000596790938677817,0.00121637362264748,0.0296871000720098,79.5128752247524,0.236313630811782,0.0781784162973075,0.00449455116282435,-0.0155879914818052,0.769351014233832,-0.0244851703355063,-9.58268581476046,-2.05850974727246e-14,-0.0429869122185295,1.24938539551573e-13,0,0,0,0,1,0.673086199299627,0.673086199299627,47.7918737975137,63.53501415292,1.239395827743
54.78,0.244814341891471,0.061293311664563,0.940740868158332,0.00059777313181105,0.00122158435748398,0.0296896182186844,79.5145909072127,0.236318696006514,0.078177606409879,0.00449412818315964,-0.015646878027597,0.769316886004691,-0.024481597555623,-9.58304905849221,-2.05850974727246e-14,-0.0429869122185295,1.24938539551573e-13,0,0,0,0,1,0.673086199299627,0.673086199299627,47.7744669750491,63.5501587471211,1.24410433929172
54.79,0.244838175835076,0.0612332215125352,0.941032437223995,0.000598755433058346,0.00122681061490981,0.0296921332650444,79.5163118133939,0.236323776596492,0.0781767952082771,0.00449370420464236,-0.0157057254911929,0.769282666442061,-0.0244780219988537,-9.58341353382835,-2.05850974727246e-14,-0.0429869122185295,1.24938539551573e-13,0,0,0,0,1,0.673086199299627,0.673086199299627,47.7570562016412,63.565304222381,1.24881002331321
54.8,0.244862004238508,0.0611731691111411,0.941324040923678,0.000599737839550471,0.0012320523783163,0.0296946452130767,79.518037937713,0.236328872565185,0.0781759826950296,0.00449327923020903,-0.0157645337177312,0.769248355641809,-0.024474443683125,-9.58377923964203,-2.05850974727246e-14,-0.0429869122185295,1.24938539551573e-13,0,0,0,0,1,0.673086199299627,0.673086199299627,47.7396414697967,63.5804505747505,1.25351286811914
54.81,0.24488582711029,0.0611131546181216,0.941615679268692,0.000600720348418079,0.0012373096310502,0.0296971540647795,79.5197692745735,0.236333983896025,0.0781751688726681,0.00449285326279948,-0.0158233025525228,0.769213953700022,-0.0244708626263753,-9.58414617480334,-2.05850974727246e-14,-0.0429869122185295,1.24938539551573e-13,0,0,0,0,1,0.673086199299627,0.673086199299627,47.7222227720187,63.5955978002648,1.25821286203123
54.82,0.244909644458965,0.0610531781910485,0.941907352270338,0.00060170295679172,0.00124258235641384,0.0296996598221621,79.5215058183656,0.236339110572401,0.078174353743728,0.00449242630535678,-0.0158820318410523,0.769179460713008,-0.0244672788465523,-9.58451433817942,-2.05850974727246e-14,-0.0429869122185295,1.24938539551573e-13,0,0,0,0,1,0.673086199299627,0.673086199299627,47.7048001008069,63.6107458949432,1.26290999338123
54.83,0.244933456293093,0.0609932399873238,0.942199059939905,0.000602685661801853,0.00124787053766518,0.0297021624872452,79.5232475634658,0.236344252577664,0.0781735373107486,0.00449199836082726,-0.015940721428978,0.769144876777295,-0.0244636923616148,-9.58488372863438,-2.05850974727246e-14,-0.0429869122185295,1.24938539551573e-13,0,0,0,0,1,0.673086199299627,0.673086199299627,47.6873734486576,63.6258948547886,1.267604250511
54.84,0.244957262621254,0.0609333401641797,0.942490802288676,0.000603668460578855,0.00125317415801786,0.0297046620620608,79.524994504237,0.236349409895123,0.0781727195762725,0.0044915694321605,-0.0159993711621329,0.769110201989635,-0.0244601031895319,-9.58525434502941,-2.05850974727246e-14,-0.0429869122185295,1.24938539551573e-13,0,0,0,0,1,0.673086199299627,0.673086199299627,47.6699428080633,63.6410446757886,1.27229562177253
54.85,0.244981063452045,0.0608734788786776,0.942782579327922,0.000604651350253037,0.00125849320064134,0.029707158548652,79.526746635029,0.23635458250805,0.0781719005428463,0.00449113952230929,-0.0160579808865244,0.769075436446994,-0.0244565113482822,-9.58562618622264,-2.05850974727246e-14,-0.0429869122185295,1.24938539551573e-13,0,0,0,0,1,0.673086199299627,0.673086199299627,47.6525081715134,63.6561953539144,1.27698409552792
54.86,0.245004858794084,0.0608136562877081,0.943074391068905,0.000605634327954651,0.00126382764866094,0.0297096519490732,79.5285039501779,0.236359770399675,0.0781710802130201,0.00449070863422961,-0.0161165504483353,0.769040580246564,-0.0244529168558565,-9.58599925106926,-2.05850974727246e-14,-0.0429869122185295,1.24938539551573e-13,0,0,0,0,1,0.673086199299627,0.673086199299627,47.6350695314939,63.6713468851214,1.28166966014948
54.87,0.245028648656006,0.0607538725479903,0.943366237522876,0.000606617390813907,0.00126917748515795,0.02971214226539,79.5302664440065,0.23636497355319,0.0781702585893479,0.00449027677088066,-0.016175079693924,0.76900563348575,-0.0244493197302534,-9.58637353842146,-2.05850974727246e-14,-0.0429869122185295,1.24938539551573e-13,0,0,0,0,1,0.673086199299627,0.673086199299627,47.6176268804872,63.6864992653491,1.28635230401968
54.88,0.245052433046464,0.0606941278160714,0.943658118701079,0.000607600535960978,0.00127454269316968,0.0297146294996792,79.5320341108241,0.236370191951748,0.078169435674387,0.00448984393522478,-0.0162335684698251,0.768970596262182,-0.0244457199894834,-9.58674904712847,-2.05850974727246e-14,-0.0429869122185295,1.24938539551573e-13,0,0,0,0,1,0.673086199299627,0.673086199299627,47.6001802109725,63.701652490521,1.29103201553125
54.89,0.245076211974131,0.0606344222483262,0.943950034614744,0.000608583760526018,0.00127992325568958,0.0297171136540288,79.5338069449266,0.236375425578459,0.0781686114706986,0.0044894101302275,-0.0162920166227496,0.768935468673703,-0.0244421176515661,-9.58712577603654,-2.05850974727246e-14,-0.0429869122185295,1.24938539551573e-13,0,0,0,0,1,0.673086199299627,0.673086199299627,47.5827295154257,63.7168065565446,1.29570878308716
54.9,0.245099985447697,0.0605747560009567,0.944241985275095,0.000609567061639167,0.00128531915566732,0.0297195947305378,79.5355849405968,0.236380674416399,0.0781677859808473,0.00448897535885747,-0.0163504239995857,0.768900250818381,-0.0244385127345318,-9.58750372398896,-2.05850974727246e-14,-0.0429869122185295,1.24938539551573e-13,0,0,0,0,1,0.673086199299627,0.673086199299627,47.5652747863194,63.7319614593116,1.30038259510066
54.91,0.245123753475872,0.0605151292299917,0.944533970693345,0.000610550436430569,0.00129073037600881,0.0297220727313167,79.537368092104,0.2363859384486,0.0781669592074015,0.00448853962408647,-0.0164087904473988,0.768864942794497,-0.0244349052564201,-9.58788288982606,-2.05850974727246e-14,-0.0429869122185295,1.24938539551573e-13,0,0,0,0,1,0.673086199299627,0.673086199299627,47.5478160161229,63.7471171946977,1.30505343999531
54.92,0.245147516067383,0.0604555420912861,0.944825990880696,0.00061153388203038,0.00129615689957639,0.0297245476584869,79.5391563937041,0.236391217658057,0.0781661311529329,0.0044881029288894,-0.0164671158134322,0.768829544700551,-0.0244312952352811,-9.58826327238515,-2.05850974727246e-14,-0.0429869122185295,1.24938539551573e-13,0,0,0,0,1,0.673086199299627,0.673086199299627,47.5303531973024,63.7622737585626,1.30972130620501
54.93,0.245171273230975,0.0603959947405208,0.945118045848341,0.00061251739556878,0.00130159870918883,0.0297270195141808,79.5409498396399,0.236396512027725,0.0781653018200171,0.00448766527624426,-0.0165253999451075,0.768794056635263,-0.0244276826891742,-9.58864487050066,-2.05850974727246e-14,-0.0429869122185295,1.24938539551573e-13,0,0,0,0,1,0.673086199299627,0.673086199299627,47.5128863223207,63.7774311467501,1.31438618217401
54.94,0.245195024975413,0.060336487333202,0.945410135607463,0.000613500974175984,0.00130705578762143,0.0297294883005423,79.5427484241408,0.236401821540521,0.0781644712112329,0.00448722666913211,-0.0165836426900251,0.768758478697568,-0.0244240676361685,-9.58902768300401,-2.05850974727246e-14,-0.0429869122185295,1.24938539551573e-13,0,0,0,0,1,0.673086199299627,0.673086199299627,47.4954153836376,63.792589355088,1.31904805635698
54.95,0.245218771309481,0.0602770200246606,0.945702260169234,0.000614484614982257,0.00131252811760614,0.0297319540197262,79.544552141423,0.236407146179321,0.0781636393291629,0.00448678711053709,-0.0166418438959645,0.768722810986616,-0.0244204500943437,-9.58941170872368,-2.05850974727246e-14,-0.0429869122185295,1.24938539551573e-13,0,0,0,0,1,0.673086199299627,0.673086199299627,47.4779403737097,63.8077483793884,1.32370691721897
54.96,0.245242512241978,0.0602175929700523,0.945994419544817,0.00061546831511792,0.00131801568183161,0.0297344166738982,79.5463609856895,0.236412485926964,0.0781628061763931,0.00448634660344639,-0.0167000034108848,0.768687053601779,-0.0244168300817881,-9.58979694648522,-2.05850974727246e-14,-0.0429869122185295,1.24938539551573e-13,0,0,0,0,1,0.673086199299627,0.673086199299627,47.4604612849904,63.822908215447,1.32836275323551
54.97,0.245266247781724,0.0601582063243566,0.946286613745365,0.000616452071713368,0.00132351846294326,0.0297368762652354,79.5481749511302,0.236417840766249,0.0781619717555129,0.00448590515085022,-0.016758121082925,0.768651206642641,-0.0244132076165999,-9.5901833951112,-2.05850974727246e-14,-0.0429869122185295,1.24938539551573e-13,0,0,0,0,1,0.673086199299627,0.673086199299627,47.4429781099302,63.838068859044,1.33301555289257
54.98,0.245289977937556,0.0600988602423765,0.94657884278202,0.000617435881899073,0.00132903644354343,0.0297393327959258,79.5499940319215,0.236423210679936,0.0781611360691152,0.00448546275574183,-0.0168161967604048,0.768615270209002,-0.0244095827168869,-9.59057105342125,-2.05850974727246e-14,-0.0429869122185295,1.24938539551573e-13,0,0,0,0,1,0.673086199299627,0.673086199299627,47.4254908409765,63.8532303059434,1.33766530468665
54.99,0.245313702718331,0.0600395548787383,0.946871106665915,0.000618419742805607,0.00133456960619139,0.0297417862681686,79.5518182222271,0.236428595650747,0.0781602991197966,0.00448501942111744,-0.0168742302918245,0.76857924440088,-0.0244059554007661,-9.59095992023209,-2.05850974727246e-14,-0.0429869122185295,1.24938539551573e-13,0,0,0,0,1,0.673086199299627,0.673086199299627,47.4079994705736,63.8683925518933,1.34231199712477
55,0.245337422132922,0.0599802903878908,0.947163405408172,0.000619403651563643,0.00134011793340347,0.0297442366841737,79.5536475161972,0.236433995661363,0.0781594609101569,0.00448457514997629,-0.0169322215258659,0.768543129318507,-0.0244023256863642,-9.59134999435748,-2.05850974727246e-14,-0.0429869122185295,1.24938539551573e-13,0,0,0,0,1,0.673086199299627,0.673086199299627,47.3905039911627,63.8835555926259,1.34695561872448
55.01,0.245361136190221,0.059921066924105,0.947455739019903,0.000620387605303973,0.00134568140765313,0.0297466840461624,79.555481907969,0.236439410694431,0.0781586214427993,0.00448412994532056,-0.0169901703113925,0.76850692506233,-0.0243986935918172,-9.59174127460822,-2.05850974727246e-14,-0.0429869122185295,1.24938539551573e-13,0,0,0,0,1,0.673086199299627,0.673086199299627,47.3730043951822,63.8987194238576,1.35159615801394
55.02,0.245384844899139,0.0598618846414737,0.94774810751221,0.000621371601157516,0.00135126001137105,0.0297491283563668,79.5573213916667,0.236444840732554,0.0781577807203305,0.00448368381015541,-0.01704807649745,0.768470631733012,-0.0243950591352703,-9.59213375979224,-2.05850974727246e-14,-0.0429869122185295,1.24938539551573e-13,0,0,0,0,1,0.673086199299627,0.673086199299627,47.3555006750676,63.9138840412885,1.3562336035319
55.03,0.245408548268605,0.0598027436939112,0.948040510896184,0.000622355636255333,0.0013568537269452,0.0297515696170301,79.5591659614013,0.2364502857583,0.0781569387453607,0.00448323674748893,-0.0171059399332665,0.768434249431428,-0.0243914223348773,-9.5925274487145,-2.05850974727246e-14,-0.0429869122185295,1.24938539551573e-13,0,0,0,0,1,0.673086199299627,0.673086199299627,47.3379928232514,63.929049440603,1.36086794382777
55.04,0.245432246307563,0.0597436442351523,0.948332949182908,0.000623339707728634,0.00136246253672096,0.0297540078304064,79.5610156112709,0.236455745754197,0.0781560955205033,0.00448278876033212,-0.0171637604682534,0.768397778258669,-0.0243877832088019,-9.59292234017702,-2.05850974727246e-14,-0.0429869122185295,1.24938539551573e-13,0,0,0,0,1,0.673086199299627,0.673086199299627,47.3204808321631,63.9442156174696,1.36549916746159
55.05,0.245455939024981,0.0596845864187524,0.948625422383451,0.000624323812708796,0.00136808642300116,0.0297564429987608,79.5628703353605,0.236461220702736,0.0781552510483752,0.00448233985169891,-0.0172215379520054,0.768361218316038,-0.0243841417752166,-9.59331843297893,-2.05850974727246e-14,-0.0429869122185295,1.24938539551573e-13,0,0,0,0,1,0.673086199299627,0.673086199299627,47.3029646942296,63.9593825675407,1.37012726300411
55.06,0.245479626429839,0.0596255703980871,0.948917930508874,0.000625307948327366,0.0013737253680462,0.0297588751243693,79.564730127742,0.236466710586367,0.0781544053315965,0.00448189002460611,-0.0172792722343011,0.768324569705055,-0.0243804980523029,-9.59371572591644,-2.05850974727246e-14,-0.0429869122185295,1.24938539551573e-13,0,0,0,0,1,0.673086199299627,0.673086199299627,47.2854444018748,63.9745502864528,1.3747522190368
55.07,0.245503308531139,0.0595665963263511,0.949210473570228,0.000626292111716082,0.00137937935407414,0.0297613042095191,79.5665949824745,0.236472215387504,0.0781535583727906,0.0044814392820734,-0.0173369631651032,0.76828783252745,-0.0243768520582515,-9.59411421778285,-2.05850974727246e-14,-0.0429869122185295,1.24938539551573e-13,0,0,0,0,1,0.673086199299627,0.673086199299627,47.2679199475198,63.9897187698266,1.37937402415186
55.08,0.2455269853379,0.0595076643565585,0.949503051578553,0.000627276300006877,0.00138504836326075,0.0297637302565079,79.568464893604,0.236477735088522,0.0781527101745846,0.00448098762712334,-0.0173946105945594,0.768251006885166,-0.0243732038112608,-9.5945139073685,-2.05850974727246e-14,-0.0429869122185295,1.24938539551573e-13,0,0,0,0,1,0.673086199299627,0.673086199299627,47.2503913235829,64.0048880132666,1.38399266695226
55.09,0.245550656859159,0.059448774641542,0.949795664544877,0.000628260510331894,0.00139073237773963,0.0297661532676447,79.5703398551638,0.236483269671759,0.0781518607396083,0.0044805350627813,-0.0174522143730024,0.768214092880359,-0.0243695533295398,-9.59491479346089,-2.05850974727246e-14,-0.0429869122185295,1.24938539551573e-13,0,0,0,0,1,0.673086199299627,0.673086199299627,47.23285852248,64.0200580123616,1.3886081360518
55.1,0.245574323103969,0.0593899273339525,0.950088312480221,0.000629244739823499,0.00139643137960227,0.0297685732452492,79.5722198611739,0.236488819119513,0.0781510100704953,0.00448008159207552,-0.0175097743509506,0.768177090615399,-0.0243659006313046,-9.59531687484457,-2.05850974727246e-14,-0.0429869122185295,1.24938539551573e-13,0,0,0,0,1,0.673086199299627,0.673086199299627,47.2153215366237,64.0352287626844,1.39322042007506
55.11,0.245597984081404,0.0593311225862587,0.950380995395592,0.000630228985614289,0.00140214535089817,0.029770990191652,79.5741049056419,0.236494383414045,0.0781501581698821,0.00447962721803703,-0.017567290379108,0.768140000192864,-0.0243622457347814,-9.59572015030119,-2.05850974727246e-14,-0.0429869122185295,1.24938539551573e-13,0,0,0,0,1,0.673086199299627,0.673086199299627,47.1977803584245,64.0504002597918,1.39782950765751
55.12,0.245621639800555,0.0592723605507465,0.950673713301988,0.000631213244837105,0.00140787427363489,0.0297734041091947,79.575994982562,0.236499962537578,0.0781493050404087,0.00447917194369965,-0.0176247623083654,0.768102821715548,-0.0243585886582034,-9.59612461860952,-2.05850974727246e-14,-0.0429869122185295,1.24938539551573e-13,0,0,0,0,1,0.673086199299627,0.673086199299627,47.1802349802899,64.0655724992247,1.40243538744546
55.13,0.245645290270529,0.0592136413795189,0.950966466210397,0.000632197514625044,0.00141361812977816,0.0297758150002295,79.5778900859161,0.236505556472297,0.0781484506847182,0.0044787157721,-0.0176821899898002,0.768065555286451,-0.0243549294198139,-9.59653027854542,-2.05850974727246e-14,-0.0429869122185295,1.24938539551573e-13,0,0,0,0,1,0.673086199299627,0.673086199299627,47.1626853946248,64.0807454765079,1.40703804809617
55.14,0.245668935500454,0.0591549652244953,0.951259254131796,0.000633181792111471,0.00141937690125198,0.0297782228671197,79.5797902096728,0.236511165200349,0.0781475951054569,0.00447825870627746,-0.017739573274677,0.768028201008791,-0.0243512680378641,-9.59693712888188,-2.05850974727246e-14,-0.0429869122185295,1.24938539551573e-13,0,0,0,0,1,0.673086199299627,0.673086199299627,47.1451315938316,64.0959191871507,1.41163747827779
55.15,0.245692575499472,0.0590963322374109,0.951552077077151,0.00063416607443003,0.00142515056993866,0.0297806277122393,79.5816953477882,0.236516788703843,0.0781467383052744,0.00447780074927413,-0.0177969120144483,0.767990758985989,-0.0243476045306128,-9.59734516838896,-2.05850974727246e-14,-0.0429869122185295,1.24938539551573e-13,0,0,0,0,1,0.673086199299627,0.673086199299627,47.1275735703102,64.1110936266459,1.41623366666947
55.16,0.245716210276747,0.0590377425698169,0.951844935057417,0.000635150358714655,0.00143093911767894,0.0297830295379731,79.5836054942055,0.236522426964853,0.0781458802868233,0.0044773419041349,-0.0178542060607544,0.767953229321681,-0.0243439389163283,-9.59775439583386,-2.05850974727246e-14,-0.0429869122185295,1.24938539551573e-13,0,0,0,0,1,0.673086199299627,0.673086199299627,47.1100113164577,64.1262687904709,1.42082660196132
55.17,0.245739839841458,0.0589791963730794,0.95213782808354,0.000636134642099581,0.00143674252627209,0.0297854283467168,79.5855206428552,0.23652807996541,0.0781450210527596,0.00447688217390733,-0.017911455265424,0.767915612119713,-0.0243402712132869,-9.59816480998091,-2.05850974727246e-14,-0.0429869122185295,1.24938539551573e-13,0,0,0,0,1,0.673086199299627,0.673086199299627,47.092444824669,64.1414446740867,1.42541627285447
55.18,0.245763464202801,0.0589206937983792,0.952430756166453,0.000637118921719358,0.00144256077747597,0.0297878241408769,79.5874407876552,0.236533747687513,0.0781441606057423,0.0044764215616417,-0.0179686594804751,0.767877907484138,-0.0243366014397729,-9.59857640959155,-2.05850974727246e-14,-0.0429869122185295,1.24938539551573e-13,0,0,0,0,1,0.673086199299627,0.673086199299627,47.0748740873363,64.1566212729387,1.43000266806109
55.19,0.245787083369994,0.0588622349967115,0.952723719317081,0.000638103194708861,0.00144839385300712,0.0297902169228705,79.5893659225103,0.236539430113121,0.0781432989484335,0.00447596007039097,-0.0180258185581145,0.767840115519219,-0.024332929614079,-9.59898919342432,-2.05850974727246e-14,-0.0429869122185295,1.24938539551573e-13,0,0,0,0,1,0.673086199299627,0.673086199299627,47.0572990968493,64.1717985824562,1.43458577630442
55.2,0.245810697352268,0.0588038201188853,0.953016717546336,0.000639087458203301,0.00145424173454088,0.0297926066951256,79.591296041313,0.236545127224154,0.0781424360834985,0.00447549770321078,-0.0180829323507391,0.767802236329428,-0.0243292557545054,-9.59940316023492,-2.05850974727246e-14,-0.0429869122185295,1.24938539551573e-13,0,0,0,0,1,0.673086199299627,0.673086199299627,47.0397198455956,64.1869765980527,1.43916558631879
55.21,0.245834306158873,0.0587454493155232,0.953309750865119,0.000640071709338237,0.00146010440371144,0.0297949934600808,79.5932311379431,0.236550839002498,0.0781415720136056,0.00447503446315941,-0.0181400007109357,0.76776427001945,-0.0243255798793609,-9.59981830877619,-2.05850974727246e-14,-0.0429869122185295,1.24938539551573e-13,0,0,0,0,1,0.673086199299627,0.673086199299627,47.0221363259601,64.2021553151256,1.44374208684965
55.22,0.245857909799079,0.0586871227370605,0.953602819284323,0.000641055945249591,0.00146598184211193,0.0297973772201856,79.5951712062674,0.236556565429999,0.0781407067414263,0.0044745703532978,-0.0181970234914817,0.767726216694171,-0.0243219020069624,-9.60023463779805,-2.05850974727246e-14,-0.0429869122185295,1.24938539551573e-13,0,0,0,0,1,0.673086199299627,0.673086199299627,47.0045485303254,64.2173347290565,1.44831526665361
55.23,0.245881508282172,0.0586288405337453,0.953895922814827,0.000642040163073651,0.00147187403129455,0.0297997579779002,79.5971162401406,0.236562306488467,0.0781398402696351,0.00447410537668948,-0.0182540005453454,0.76768807645869,-0.0243182221556344,-9.60065214604762,-2.05850974727246e-14,-0.0429869122185295,1.24938539551573e-13,0,0,0,0,1,0.673086199299627,0.673086199299627,46.9869564510719,64.232514835211,1.45288511449843
55.24,0.245905101617453,0.0585706028556378,0.954189061467501,0.000643024359947091,0.00147778095277061,0.0298021357356954,79.5990662334045,0.236568062159676,0.0781389726009097,0.00447363953640061,-0.0183109317256866,0.767649849418313,-0.0243145403437091,-9.60107083226913,-2.05850974727246e-14,-0.0429869122185295,1.24938539551573e-13,0,0,0,0,1,0.673086199299627,0.673086199299627,46.9693600805775,64.2476956289389,1.4574516191631
55.25,0.245928689814245,0.0585124098526099,0.954482235253204,0.00064400853300698,0.00148370258801063,0.0298045104960526,79.6010211798883,0.236573832425361,0.0781381037379304,0.00447317283549994,-0.0183678168858566,0.767611535678549,-0.0243108565895265,-9.60149069520394,-2.05850974727246e-14,-0.0429869122185295,1.24938539551573e-13,0,0,0,0,1,0.673086199299627,0.673086199299627,46.9517594112179,64.2628771055738,1.46201476943781
55.26,0.245952272881886,0.0584542616743448,0.954775444182784,0.00064499267939079,0.00148963891844447,0.0298068822614642,79.6029810734088,0.236579617267219,0.078137233683381,0.00447270527705878,-0.0184246558793991,0.767573135345122,-0.0243071709114349,-9.60191173359059,-2.05850974727246e-14,-0.0429869122185295,1.24938539551573e-13,0,0,0,0,1,0.673086199299627,0.673086199299627,46.9341544353667,64.2780592604337,1.46657455412403
55.27,0.245975850829732,0.0583961584703365,0.955068688267076,0.000645976796236414,0.00149558992546135,0.0298092510344328,79.6049459077702,0.236585416666914,0.0781363624399481,0.004472236864151,-0.0184814485600502,0.767534648523956,-0.0243034833277892,-9.60233394616477,-2.05850974727246e-14,-0.0429869122185295,1.24938539551573e-13,0,0,0,0,1,0.673086199299627,0.673086199299627,46.9165451453949,64.2932420888206,1.47113096203449
55.28,0.245999423667157,0.0583381003898897,0.955361967516907,0.000646960880682171,0.00150155559040999,0.0298116168174721,79.6069156767643,0.23659123060607,0.0781354900103212,0.00447176759985303,-0.018538194781739,0.767496075321182,-0.024299793856953,-9.60275733165928,-2.05850974727246e-14,-0.0429869122185295,1.24938539551573e-13,0,0,0,0,1,0.673086199299627,0.673086199299627,46.8989315336717,64.3084255860204,1.47568398199323
55.29,0.246022991403552,0.0582800875821187,0.955655281943091,0.000647944929866822,0.0015075358945987,0.029813979613106,79.6088903741702,0.236597059066274,0.0781346163971929,0.00447129748724381,-0.0185948943985881,0.767457415843143,-0.0242961025172961,-9.60318188880415,-2.05850974727246e-14,-0.0429869122185295,1.24938539551573e-13,0,0,0,0,1,0.673086199299627,0.673086199299627,46.881313592564,64.3236097473032,1.48023360283564
55.3,0.246046554048325,0.0582221201959479,0.955948631556433,0.00064892894092958,0.00151353081929543,0.0298163394238693,79.6108699937547,0.236602902029079,0.0781337416032586,0.00447082652940479,-0.0186515472649137,0.76741867019638,-0.0242924093271973,-9.6036076163265,-2.05850974727246e-14,-0.0429869122185295,1.24938539551573e-13,0,0,0,0,1,0.673086199299627,0.673086199299627,46.8636913144364,64.3387945679232,1.48477981340846
55.31,0.246070111610902,0.0581641983801103,0.956242016367725,0.000649912911010121,0.00151954034572788,0.0298186962523074,79.6128545292722,0.236608759475998,0.0781328656312169,0.00447035472941992,-0.0187081532352264,0.767379838487644,-0.0242887143050415,-9.60403451295066,-2.05850974727246e-14,-0.0429869122185295,1.24938539551573e-13,0,0,0,0,1,0.673086199299627,0.673086199299627,46.8460646916517,64.3539800431187,1.48932260256981
55.32,0.246093664100726,0.0581063222831483,0.956535436387748,0.000650896837248596,0.00152556445508362,0.029821050100976,79.6148439744647,0.236614631388511,0.078131988483769,0.00446988209037563,-0.018764712164231,0.76734092082389,-0.0242850174692216,-9.60446257739812,-2.05850974727246e-14,-0.0429869122185295,1.24938539551573e-13,0,0,0,0,1,0.673086199299627,0.673086199299627,46.8284337165703,64.3691661681121,1.49386195918924
55.33,0.246117211527259,0.058048492053412,0.956828891627273,0.000651880716785642,0.00153160312851013,0.0298234009724416,79.6168383230616,0.236620517748057,0.0781311101636192,0.00446940861536081,-0.0188212239068277,0.767301917312277,-0.0242813188381373,-9.60489180838754,-2.05850974727246e-14,-0.0429869122185295,1.24938539551573e-13,0,0,0,0,1,0.673086199299627,0.673086199299627,46.8107983815508,64.3843529381097,1.49839787214772
55.34,0.246140753899977,0.05799070783906,0.957122382097059,0.000652864546762397,0.00153765634711493,0.0298257488692813,79.6188375687802,0.236626418536043,0.0781302306734746,0.00446893430746678,-0.0188776883181118,0.767262828060168,-0.0242776184301958,-9.60532220463472,-2.05850974727246e-14,-0.0429869122185295,1.24938539551573e-13,0,0,0,0,1,0.673086199299627,0.673086199299627,46.7931586789497,64.3995403483021,1.50293033033771
55.35,0.246164291228377,0.057932969788058,0.957415907807854,0.000653848324320505,0.00154372409196562,0.0298280937940824,79.6208417053254,0.236632333733837,0.0781293500160452,0.00446845916978732,-0.0189341052533745,0.767223653175134,-0.0242739162638118,-9.60575376485273,-2.05850974727246e-14,-0.0429869122185295,1.24938539551573e-13,0,0,0,0,1,0.673086199299627,0.673086199299627,46.7755146011215,64.414728393864,1.50745932266316
55.36,0.246187823521971,0.0578752780481789,0.957709468770396,0.000654832046602132,0.00154980634409005,0.0298304357494431,79.6228507263896,0.236638263322771,0.0781284681940439,0.0044679832054186,-0.0189904745681032,0.767184392764944,-0.0242702123574058,-9.60618648775172,-2.05850974727246e-14,-0.0429869122185295,1.24938539551573e-13,0,0,0,0,1,0.673086199299627,0.673086199299627,46.7578661404186,64.429917069954,1.51198483803951
55.37,0.246211350790288,0.0578176327670024,0.95800306499541,0.000655815710749977,0.00155590308447631,0.029832774737972,79.6248646256531,0.236644207284142,0.0781275852101862,0.00446750641745921,-0.0190467961179816,0.767145046937575,-0.0242665067294063,-9.60662037203909,-2.05850974727246e-14,-0.0429869122185295,1.24938539551573e-13,0,0,0,0,1,0.673086199299627,0.673086199299627,46.7402132891918,64.4451063717149,1.51650686539378
55.38,0.246234873042876,0.0577600340919142,0.95829669649361,0.000656799313907284,0.00156201429407292,0.0298351107622879,79.6268833967839,0.236650165599209,0.0781267010671908,0.00446702880901009,-0.0191030697588907,0.767105615801203,-0.0242627993982485,-9.60705541641938,-2.05850974727246e-14,-0.0429869122185295,1.24938539551573e-13,0,0,0,0,1,0.673086199299627,0.673086199299627,46.7225560397897,64.4602962942738,1.52102539366455
55.39,0.2462583902893,0.0577024821701062,0.958590363275699,0.000657782853217851,0.00156813995378886,0.0298374438250204,79.6289070334378,0.236656138249195,0.0781258157677788,0.00446655038317457,-0.0191592953469086,0.767066099464211,-0.0242590903823744,-9.6074916195944,-2.05850974727246e-14,-0.0429869122185295,1.24938539551573e-13,0,0,0,0,1,0.673086199299627,0.673086199299627,46.7048943845591,64.4754868327414,1.52554041180201
55.4,0.246281902539139,0.0576449771485753,0.95888406535237,0.000658766325826043,0.00157428004449366,0.0298397739288096,79.6309355292582,0.23666212521529,0.0781249293146743,0.00446607114305832,-0.0192154727383115,0.76702649803518,-0.0242553797002332,-9.60792898026306,-2.05850974727246e-14,-0.0429869122185295,1.24938539551573e-13,0,0,0,0,1,0.673086199299627,0.673086199299627,46.687228315845,64.4906779822131,1.53005190876795
55.41,0.246305409801994,0.0575875191741237,0.959177802734304,0.000659749728876805,0.00158043454701752,0.0298421010763056,79.6329688778764,0.236668126478644,0.0781240417106042,0.00446559109176936,-0.0192716017895733,0.766986811622897,-0.0242516673702798,-9.60836749712155,-2.05850974727246e-14,-0.0429869122185295,1.24938539551573e-13,0,0,0,0,1,0.673086199299627,0.673086199299627,46.6695578259905,64.5058697377679,1.53455987353583
55.42,0.24632891208748,0.0575301083933582,0.959471575432168,0.000660733059515669,0.00158660344215138,0.0298444252701694,79.6350070729116,0.236674142020373,0.0781231529582981,0.00446511023241801,-0.0193276823573666,0.766947040336348,-0.0242479534109767,-9.6088071688632,-2.05850974727246e-14,-0.0429869122185295,1.24938539551573e-13,0,0,0,0,1,0.673086199299627,0.673086199299627,46.6518829073371,64.5210620944693,1.5390642950908
55.43,0.24635240940523,0.0574727449526896,0.959765383456621,0.000661716314888773,0.00159278671064703,0.0298467465130722,79.6370501079707,0.236680171821557,0.0781222630604882,0.00446462856811688,-0.0193837142985632,0.766907184284724,-0.0242442378407926,-9.60924799417861,-2.05850974727246e-14,-0.0429869122185295,1.24938539551573e-13,0,0,0,0,1,0.673086199299627,0.673086199299627,46.6342035522243,64.5362550473645,1.54356516242968
55.44,0.246375901764893,0.0574154289983328,0.96005922681831,0.000662699492142863,0.00159898433321717,0.0298490648076955,79.6390979766487,0.236686215863241,0.0781213720199096,0.00446414610198091,-0.0194396974702338,0.766867243577413,-0.024240520678203,-9.60968997175555,-2.05850974727246e-14,-0.0429869122185295,1.24938539551573e-13,0,0,0,0,1,0.673086199299627,0.673086199299627,46.61651975299,64.5514485914852,1.54806246456106
55.45,0.246399389176136,0.0573581606763057,0.960353105527868,0.000663682588425313,0.00160519629053554,0.0298513801567314,79.6411506725283,0.236692274126433,0.0781204798393001,0.00446366283712725,-0.019495631729649,0.766827218324004,-0.0242368019416896,-9.61013310027898,-2.05850974727246e-14,-0.0429869122185295,1.24938539551573e-13,0,0,0,0,1,0.673086199299627,0.673086199299627,46.5988315019704,64.566642721847,1.55255619050526
55.46,0.246422871648645,0.0573009401324295,0.960647019595921,0.000664665600884131,0.00161142256323697,0.0298536925628822,79.64320818918,0.236698346592106,0.0781195865213999,0.00446317877667536,-0.0195515169342795,0.766787108634288,-0.0242330816497401,-9.61057737843115,-2.05850974727246e-14,-0.0429869122185295,1.24938539551573e-13,0,0,0,0,1,0.673086199299627,0.673086199299627,46.5811387914999,64.5818374334497,1.55704632929438
55.47,0.246446349192118,0.0572437675123278,0.960940969033079,0.000665648526667972,0.00161766313191753,0.0298560020288605,79.6452705201627,0.236704433241197,0.0781186920689523,0.00446269392374689,-0.0196073529417964,0.766746914618257,-0.0242293598208489,-9.61102280489144,-2.05850974727246e-14,-0.0429869122185295,1.24938539551573e-13,0,0,0,0,1,0.673086199299627,0.673086199299627,46.5634416139115,64.5970327212771,1.56153286997236
55.48,0.246469821816275,0.0571866429614263,0.961234953849943,0.000666631362926151,0.00162391797713454,0.0298583085573895,79.6473376590227,0.236710534054609,0.078117796484703,0.00446220828146574,-0.0196631396100717,0.766706636386101,-0.0242256364735174,-9.61146937833657,-2.05850974727246e-14,-0.0429869122185295,1.24938539551573e-13,0,0,0,0,1,0.673086199299627,0.673086199299627,46.5457399615363,64.6122285802972,1.56601580159495
55.49,0.24649328953085,0.0571295666249526,0.961528974057102,0.000667614106808653,0.00163018707940674,0.0298606121512024,79.6494095992948,0.236716649013207,0.0781168997714002,0.00446172185295801,-0.0197188767971786,0.766666274048208,-0.024221911626252,-9.61191709744035,-2.05850974727246e-14,-0.0429869122185295,1.24938539551573e-13,0,0,0,0,1,0.673086199299627,0.673086199299627,46.5280338267041,64.6274250054621,1.57049511322977
55.5,0.246516752345596,0.0570725386479356,0.961823029665133,0.000668596755466143,0.00163647041921434,0.0298629128130428,79.6514863345014,0.236722778097823,0.078116001931795,0.00446123464135198,-0.0197745643613921,0.766625827715171,-0.024218185297566,-9.61236596087394,-2.05850974727246e-14,-0.0429869122185295,1.24938539551573e-13,0,0,0,0,1,0.673086199299627,0.673086199299627,46.5103232017428,64.6426219917081,1.57497079395631
55.51,0.24654021027028,0.0570155591752051,0.962117120684602,0.000669579306049981,0.00164276797699912,0.0298652105456647,79.6535678581532,0.236728921289253,0.078115102968641,0.00446074664977811,-0.0198302021611891,0.766585297497772,-0.0242144575059781,-9.61281596730567,-2.05850974727246e-14,-0.0429869122185295,1.24938539551573e-13,0,0,0,0,1,0.673086199299627,0.673086199299627,46.4926080789792,64.6578195339556,1.57944283286601
55.52,0.246563663314688,0.0569586283513914,0.962411247126063,0.00067056175571223,0.00164907973316452,0.0298675053518322,79.6556541637489,0.236735078568257,0.0781142028846942,0.00446025788136901,-0.0198857900552487,0.766544683507001,-0.0242107282700137,-9.61326711540112,-2.05850974727246e-14,-0.0429869122185295,1.24938539551573e-13,0,0,0,0,1,0.673086199299627,0.673086199299627,46.4748884507382,64.6730176271089,1.58391121906223
55.53,0.246587111488623,0.0569017463209251,0.962705409000059,0.00067154410160567,0.00165540566807576,0.0298697972343198,79.6577452447753,0.23674124991556,0.0781133016827135,0.00445976833925943,-0.0199413279024532,0.76650398585404,-0.0242069976082035,-9.61371940382313,-2.05850974727246e-14,-0.0429869122185295,1.24938539551573e-13,0,0,0,0,1,0.673086199299627,0.673086199299627,46.4571643093434,64.6882162660569,1.58837594166029
55.54,0.246610554801903,0.0568449132280365,0.962999606317119,0.000672526340883807,0.00166174576205988,0.029872086195912,79.6598410947071,0.236747435311854,0.0781123993654601,0.00445927802658626,-0.0199968155618876,0.766463204650272,-0.0242032655390845,-9.61417283123176,-2.05850974727246e-14,-0.0429869122185295,1.24938539551573e-13,0,0,0,0,1,0.673086199299627,0.673086199299627,46.439435647117,64.7034154456721,1.59283698978752
55.55,0.246633993264366,0.0567881292167551,0.963293839087764,0.000673508470700887,0.00166809999540588,0.0298743722394038,79.6619417070076,0.236753634737794,0.0781114959356979,0.00445878694648847,-0.0200522528928409,0.766422340007274,-0.0241995320811995,-9.61462739628435,-2.05850974727246e-14,-0.0429869122185295,1.24938539551573e-13,0,0,0,0,1,0.673086199299627,0.673086199299627,46.4217024563797,64.7186151608115,1.59729435258324
55.56,0.246657426885863,0.0567313944309095,0.9635881073225,0.000674490488211905,0.00167446834836478,0.0298766553676002,79.6640470751277,0.236759848174,0.0781105913961931,0.00445829510210715,-0.0201076397548055,0.766381392036823,-0.0241957972530963,-9.61508309763545,-2.05850974727246e-14,-0.0429869122185295,1.24938539551573e-13,0,0,0,0,1,0.673086199299627,0.673086199299627,46.403964729451,64.7338154063162,1.60174801919885
55.57,0.246680855676263,0.0566747090141267,0.963882411031824,0.000675472390572618,0.00168085080114975,0.0298789355833164,79.6661571925068,0.236766075601058,0.0781096857497146,0.00445780249658544,-0.0201629760074785,0.766340360850891,-0.0241920610733294,-9.61553993393691,-2.05850974727246e-14,-0.0429869122185295,1.24938539551573e-13,0,0,0,0,1,0.673086199299627,0.673086199299627,46.3862224586487,64.7490161770113,1.6061979787978
55.58,0.246704279645454,0.0566180731098321,0.964176750226218,0.000676454174939556,0.00168724733393615,0.0298812128893779,79.6682720525726,0.236772316999519,0.0781087789990336,0.00445730913306857,-0.0202182615107615,0.766299246561647,-0.0241883235604582,-9.61599790383782,-2.05850974727246e-14,-0.0429869122185295,1.24938539551573e-13,0,0,0,0,1,0.673086199299627,0.673086199299627,46.3684756362895,64.7642174677062,1.61064422055563
55.59,0.246727698803338,0.0565614868612486,0.964471124916155,0.000677435838470034,0.00169365792686168,0.0298834872886202,79.6703916487407,0.236778572349898,0.078107871146924,0.00445681501470378,-0.0202734961247612,0.766258049281456,-0.0241845847330482,-9.61645700598454,-2.05850974727246e-14,-0.0429869122185295,1.24938539551573e-13,0,0,0,0,1,0.673086199299627,0.673086199299627,46.3507242546889,64.7794192731942,1.61508673366002
55.6,0.246751113159834,0.0565049504113966,0.964765535112094,0.000678417378322161,0.00170008256002644,0.029885758783889,79.6725159744153,0.236784841632679,0.078106962196162,0.00445632014464036,-0.0203286797097897,0.766216769122879,-0.0241808446096693,-9.61691723902067,-2.05850974727246e-14,-0.0429869122185295,1.24938539551573e-13,0,0,0,0,1,0.673086199299627,0.673086199299627,46.3329683061609,64.7946215882531,1.6195255073108
55.61,0.246774522724878,0.0564484639030934,0.965059980824485,0.000679398791654854,0.00170652121349302,0.0298880273780401,79.6746450229886,0.236791124828307,0.0781060521495263,0.00445582452602959,-0.0203838121263648,0.766175406198672,-0.0241771032088978,-9.61737860158713,-2.05850974727246e-14,-0.0429869122185295,1.24938539551573e-13,0,0,0,0,1,0.673086199299627,0.673086199299627,46.3152077830185,64.8098244076446,1.62396053071995
55.62,0.246797927508423,0.056392027478953,0.965354462063763,0.000680380075627848,0.00171297386728662,0.0298902930739394,79.6767787878412,0.236797421917195,0.0781051410097978,0.00445532816202478,-0.0204388932352106,0.766133960621784,-0.0241733605493151,-9.61784109232207,-2.05850974727246e-14,-0.0429869122185295,1.24938539551573e-13,0,0,0,0,1,0.673086199299627,0.673086199299627,46.2974426775732,64.8250277261147,1.62839179311167
55.63,0.246821327520439,0.0563356412813853,0.965648978840353,0.000681361227401709,0.00171944050139511,0.029892555874463,79.6789172623421,0.236803732879722,0.0781042287797602,0.00445483105578117,-0.0204939228972576,0.766092432505361,-0.0241696166495076,-9.61830470986095,-2.05850974727246e-14,-0.0429869122185295,1.24938539551573e-13,0,0,0,0,1,0.673086199299627,0.673086199299627,46.2796729821355,64.8402315383934,1.63281928372239
55.64,0.246844722770911,0.0562793054525964,0.965943531164667,0.000682342244137842,0.00172592109576916,0.0298948157824968,79.6810604398486,0.23681005769623,0.0781033154621992,0.00445433321045601,-0.0205489009736434,0.766050821962743,-0.0241658715280671,-9.61876945283648,-2.05850974727246e-14,-0.0429869122185295,1.24938539551573e-13,0,0,0,0,1,0.673086199299627,0.673086199299627,46.2618986890148,64.8554358391949,1.63724299180077
55.65,0.246868113269841,0.0562230201345875,0.966238119047107,0.000683323122998507,0.00173241563032231,0.029897072800937,79.6832083137063,0.23681639634703,0.0781024010599031,0.00445383462920846,-0.0206038273257127,0.766009129107463,-0.02416212520359,-9.61923531987869,-2.05850974727246e-14,-0.0429869122185295,1.24938539551573e-13,0,0,0,0,1,0.673086199299627,0.673086199299627,46.2441197905193,64.8706406232179,1.64166290660777
55.66,0.246891499027249,0.056166785469155,0.966532742498059,0.000684303861146826,0.00173892408493107,0.0298993269326897,79.6853608772493,0.236822748812397,0.0781014855756625,0.00445333531519963,-0.0206587018150179,0.765967354053248,-0.0241583776946791,-9.61970230961488,-2.05850974727246e-14,-0.0429869122185295,1.24938539551573e-13,0,0,0,0,1,0.673086199299627,0.673086199299627,46.2263362789561,64.8858458851447,1.64607901741665
55.67,0.246914880053168,0.0561106015978897,0.966827401527902,0.000685284455746797,0.001745446439435,0.0299015781806711,79.6875181238001,0.236829115072572,0.0781005690122702,0.00445283527159254,-0.0207135243033194,0.765925496914019,-0.0241546290199403,-9.62017042066964,-2.05850974727246e-14,-0.0429869122185295,1.24938539551573e-13,0,0,0,0,1,0.673086199299627,0.673086199299627,46.2085481466312,64.9010516196422,1.65049131351298
55.68,0.246938256357652,0.0560544686621768,0.967122096146999,0.000686264903963303,0.00175198267363683,0.0299038265478073,79.6896800466697,0.236835495107762,0.0780996513725215,0.0044523345015521,-0.020768294652586,0.765883557803888,-0.0241508791979861,-9.62063965166486,-2.05850974727246e-14,-0.0429869122185295,1.24938539551573e-13,0,0,0,0,1,0.673086199299627,0.673086199299627,46.1907553858496,64.9162578213614,1.6548997841947
55.69,0.246961627950769,0.0559983868031954,0.967416826365703,0.000687245202962128,0.00175853276730254,0.0299060720370345,79.6918466391573,0.23684188889814,0.078098732659214,0.00445183300824511,-0.0208230127249952,0.765841536837161,-0.0241471282474329,-9.62111000121975,-2.05850974727246e-14,-0.0429869122185295,1.24938539551573e-13,0,0,0,0,1,0.673086199299627,0.673086199299627,46.1729579889153,64.9314644849373,1.65930441877214
55.7,0.246984994842602,0.0559423561619181,0.967711592194354,0.000688225349909962,0.00176509670016146,0.0299083146512987,79.6940178945509,0.236848296423845,0.0780978128751474,0.00445133079484023,-0.0208776783829338,0.765799434128335,-0.0241433761869019,-9.62158146795078,-2.05850974727246e-14,-0.0429869122185295,1.24938539551573e-13,0,0,0,0,1,0.673086199299627,0.673086199299627,46.1551559481313,64.9466716049893,1.66370520656801
55.71,0.247008357043252,0.0558863768791103,0.968006393643281,0.000689205341974418,0.00177167445190637,0.0299105543935561,79.696193806127,0.236854717664984,0.0780968920231239,0.00445082786450797,-0.0209322914889977,0.765757249792103,-0.0241396230350194,-9.62205405047178,-2.05850974727246e-14,-0.0429869122185295,1.24938539551573e-13,0,0,0,0,1,0.673086199299627,0.673086199299627,46.1373492557998,64.9618791761208,1.66810213691749
55.72,0.247031714562837,0.0558304490953304,0.968301230722799,0.000690185176324038,0.00177826600219355,0.0299127912667726,79.6983743671505,0.236861152601626,0.0780959701059476,0.00445032422042068,-0.020986851905993,0.765714983943341,-0.0241358688104166,-9.62252774739384,-2.05850974727246e-14,-0.0429869122185295,1.24938539551573e-13,0,0,0,0,1,0.673086199299627,0.673086199299627,46.1195379042218,64.9770871929196,1.67249519916818
55.73,0.24705506741149,0.055774572950929,0.968596103443213,0.00069116485012831,0.00178487133064296,0.0299150252739241,79.7005595708749,0.236867601213811,0.0780950471264253,0.00444981986575251,-0.0210413594969358,0.765672636697124,-0.0241321135317281,-9.62300255732542,-2.05850974727246e-14,-0.0429869122185295,1.24938539551573e-13,0,0,0,0,1,0.673086199299627,0.673086199299627,46.1017218856977,64.9922956499575,1.67688438268019
55.74,0.247078415599361,0.0557187485860487,0.968891011814814,0.000692144360557674,0.00179149041683824,0.0299172564179964,79.7027494105424,0.236874063481541,0.0780941230873658,0.00444931480367943,-0.0210958141250528,0.765630208168716,-0.0241283572175944,-9.62347847887224,-2.05850974727246e-14,-0.0429869122185295,1.24938539551573e-13,0,0,0,0,1,0.673086199299627,0.673086199299627,46.0839011925267,65.0075045417906,1.68126967682612
55.75,0.247101759136615,0.0556629761406236,0.969185955847881,0.000693123704783537,0.00179812324032689,0.0299194847019852,79.7049438793836,0.23688053938479,0.0780931979915798,0.00444880903737917,-0.0211502156537817,0.765587698473568,-0.0241245998866594,-9.62395551063739,-2.05850974727246e-14,-0.0429869122185295,1.24938539551573e-13,0,0,0,0,1,0.673086199299627,0.673086199299627,46.0660758170075,65.0227138629592,1.68565107099111
55.76,0.247125098033436,0.055607255754379,0.969480935552683,0.000694102879978284,0.0018047697806203,0.0299217101288961,79.707142970618,0.236887028903492,0.0780922718418808,0.00444830257003125,-0.0212045639467713,0.765545107727325,-0.0241208415575722,-9.62443365122126,-2.05850974727246e-14,-0.0429869122185295,1.24938539551573e-13,0,0,0,0,1,0.673086199299627,0.673086199299627,46.0482457514378,65.0379236079878,1.69002855457287
55.77,0.24714843230002,0.0555515875668311,0.969775950939474,0.000695081883315285,0.00181143001719388,0.0299239327017443,79.7093466774537,0.236893532017553,0.0780913446410839,0.00444779540481694,-0.0212588588678823,0.76550243604582,-0.0241170822489858,-9.62491289922158,-2.05850974727246e-14,-0.0429869122185295,1.24938539551573e-13,0,0,0,0,1,0.673086199299627,0.673086199299627,46.0304109881147,65.053133771385,1.69440211698168
55.78,0.247171761946584,0.0554959717172863,0.970071002018497,0.000696060711968913,0.00181810392948714,0.0299261524235552,79.7115549930874,0.236900048706842,0.0780904163920067,0.00444728754491923,-0.0213131002811871,0.765459683545076,-0.0241133219795571,-9.62539325323341,-2.05850974727246e-14,-0.0429869122185295,1.24938539551573e-13,0,0,0,0,1,0.673086199299627,0.673086199299627,46.0125715193343,65.0683443476439,1.69877174764046
55.79,0.247195086983357,0.0554404083448413,0.970366088799982,0.000697039363114549,0.00182479149690381,0.0299283692973637,79.7137679107045,0.236906578951197,0.0780894870974689,0.00444677899352284,-0.0213672880509706,0.765416850341304,-0.0241095607679475,-9.62587471184916,-2.05850974727246e-14,-0.0429869122185295,1.24938539551573e-13,0,0,0,0,1,0.673086199299627,0.673086199299627,45.9947273373921,65.0835553312414,1.70313743598472
55.8,0.247218407420586,0.0553848975883824,0.970661211294147,0.000698017833928598,0.0018314926988119,0.0299305833262147,79.7159854234792,0.236913122730422,0.078088556760292,0.00444626975381419,-0.0214214220417305,0.765373936550904,-0.0241057986328229,-9.62635727365856,-2.05850974727246e-14,-0.0429869122185295,1.24938539551573e-13,0,0,0,0,1,0.673086199299627,0.673086199299627,45.976878434583,65.0987667166389,1.70749917146268
55.81,0.247241723268534,0.055329439586585,0.970956369511198,0.000698996121588497,0.00183820751454382,0.0299327945131627,79.7182075245746,0.236919680024288,0.0780876253833001,0.00444575982898139,-0.0214755021181774,0.765330942290467,-0.0241020355928525,-9.6268409372487,-2.05850974727246e-14,-0.0429869122185295,1.24938539551573e-13,0,0,0,0,1,0.673086199299627,0.673086199299627,45.9590248032012,65.1139784982821,1.71185694353522
55.82,0.24726503453748,0.0552740344779138,0.971251563461329,0.000699974223272728,0.00184493592339646,0.0299350028612722,79.7204342071423,0.236926250812533,0.0780866929693189,0.00444524922221421,-0.0215295281452353,0.765287867676766,-0.0240982716667106,-9.62732570120401,-2.05850974727246e-14,-0.0429869122185295,1.24938539551573e-13,0,0,0,0,1,0.673086199299627,0.673086199299627,45.9411664355402,65.1291906706006,1.71621074167594
55.83,0.247288341237719,0.0552186824006217,0.97154679315472,0.000700952136160829,0.00185167790463131,0.0299372083736172,79.722665464323,0.236932835074862,0.0780857595211766,0.0044447379367041,-0.0215834999880422,0.765244712826769,-0.0240945068730736,-9.62781156410628,-2.05850974727246e-14,-0.0429869122185295,1.24938539551573e-13,0,0,0,0,1,0.673086199299627,0.673086199299627,45.9233033238929,65.1444032280086,1.72056055537116
55.84,0.247311643379562,0.0551633834927501,0.97184205860154,0.000701929857433403,0.00185843343747454,0.0299394110532815,79.724901289246,0.236939432790946,0.078084825041703,0.00444422597564412,-0.0216374175119499,0.765201477857624,-0.0240907412306235,-9.62829852453464,-2.05850974727246e-14,-0.0429869122185295,1.24938539551573e-13,0,0,0,0,1,0.673086199299627,0.673086199299627,45.9054354605518,65.1596161649043,1.72490637412001
55.85,0.247334940973336,0.055108137892128,0.972137359811945,0.000702907384272135,0.00186520250111708,0.0299416109033586,79.7271416750297,0.236946043940426,0.0780838895337305,0.00444371334222896,-0.0216912805825249,0.765158162886672,-0.0240869747580447,-9.62878658106561,-2.05850974727246e-14,-0.0429869122185295,1.24938539551573e-13,0,0,0,0,1,0.673086199299627,0.673086199299627,45.8875628378085,65.1748294756702,1.72924818743436
55.86,0.247358234029383,0.0550529457363718,0.972432696796079,0.000703884713859796,0.00187198507471475,0.0299438079269519,79.7293866147812,0.236952668502907,0.0780829530000929,0.00444320003965493,-0.0217450890655484,0.765114768031437,-0.0240832074740269,-9.62927573227306,-2.05850974727246e-14,-0.0429869122185295,1.24938539551573e-13,0,0,0,0,1,0.673086199299627,0.673086199299627,45.8696854479545,65.190043154673,1.73358598483892
55.87,0.247381522558063,0.0549978071628853,0.972728069564072,0.000704861843380259,0.00187878113738834,0.0299460021271741,79.7316361015966,0.236959306457963,0.0780820154436265,0.0044426860711199,-0.0217988428270168,0.765071293409632,-0.0240794393972617,-9.62976597672823,-2.05850974727246e-14,-0.0429869122185295,1.24938539551573e-13,0,0,0,0,1,0.673086199299627,0.673086199299627,45.8518032832806,65.2052571962639,1.73791975587124
55.88,0.24740480656975,0.0549427223088585,0.973023478126043,0.000705838770018508,0.00188559066822369,0.0299481935071477,79.733890128561,0.236965957785136,0.0780810768671693,0.00444217143982335,-0.0218525417331421,0.765027739139151,-0.0240756705464453,-9.6302573129997,-2.05850974727246e-14,-0.0429869122185295,1.24938539551573e-13,0,0,0,0,1,0.673086199299627,0.673086199299627,45.8339163360771,65.2204715947779,1.74224949008172
55.89,0.247428086074834,0.0548876913112683,0.973318922492098,0.000706815490960651,0.00189241364627182,0.0299503820700051,79.7361486887482,0.236972622463933,0.0780801372735614,0.00444165614896629,-0.0219061856503519,0.764984105338079,-0.0240719009402768,-9.63074973965347,-2.05850974727246e-14,-0.0429869122185295,1.24938539551573e-13,0,0,0,0,1,0.673086199299627,0.673086199299627,45.8160245986339,65.2356863445347,1.74657517703366
55.9,0.247451361083722,0.0548327143068773,0.973614402672331,0.000707792003393928,0.001899250050549,0.0299525678188879,79.7384117752214,0.236979300473833,0.0780791966656448,0.00444114020175127,-0.0219597744452903,0.764940392124681,-0.0240681305974598,-9.63124325525291,-2.05850974727246e-14,-0.0429869122185295,1.24938539551573e-13,0,0,0,0,1,0.673086199299627,0.673086199299627,45.7981280632407,65.2509014398379,1.75089680630328
55.91,0.247474631606837,0.0547777914322335,0.973909918676823,0.000708768304506727,0.00190609986003687,0.0299547507569476,79.7406793810324,0.236985991794277,0.0780782550462635,0.00444062360138239,-0.0220133079848178,0.764896599617413,-0.0240643595366997,-9.63173785835875,-2.05850974727246e-14,-0.0429869122185295,1.24938539551573e-13,0,0,0,0,1,0.673086199299627,0.673086199299627,45.7802267221865,65.2661168749758,1.75521436747974
55.92,0.247497897654615,0.0547229228236707,0.974205470515641,0.000709744391488592,0.00191296305368249,0.0299569308873451,79.7429514992223,0.236992696404679,0.0780773124182632,0.00444010635106524,-0.0220667861360118,0.76485272793491,-0.0240605877767066,-9.63223354752913,-2.05850974727246e-14,-0.0429869122185295,1.24938539551573e-13,0,0,0,0,1,0.673086199299627,0.673086199299627,45.7623205677603,65.2813326442205,1.75952785016515
55.93,0.247521159237511,0.054668108617307,0.974501058198842,0.000710720261530231,0.0019198396103985,0.0299591082132509,79.7452281228213,0.236999414284416,0.0780763687844918,0.00443958845400689,-0.0221202087661669,0.764808777195993,-0.0240568153361928,-9.63273032131958,-2.05850974727246e-14,-0.0429869122185295,1.24938539551573e-13,0,0,0,0,1,0.673086199299627,0.673086199299627,45.7444095922505,65.2965487418286,1.76383724397462
55.94,0.247544416365995,0.0546133489490455,0.974796681736468,0.000711695911823536,0.00192672950906318,0.0299612827378452,79.7475092448485,0.237006145412837,0.0780754241477989,0.00443906991341592,-0.0221735757427955,0.764764747519667,-0.0240530422338743,-9.633228178283,-2.05850974727246e-14,-0.0429869122185295,1.24938539551573e-13,0,0,0,0,1,0.673086199299627,0.673086199299627,45.7264937879454,65.3117651620411,1.76814253853629
55.95,0.24756766905055,0.0545586439545731,0.975092341138549,0.000712671339561586,0.00193363272852055,0.0299634544643176,79.7497948583121,0.237012889769257,0.0780744785110361,0.00443855073250234,-0.0222268869336276,0.764720639025119,-0.0240492684884703,-9.63372711696971,-2.05850974727246e-14,-0.0429869122185295,1.24938539551573e-13,0,0,0,0,1,0.673086199299627,0.673086199299627,45.708573147133,65.326981899083,1.77244372349132
55.96,0.247590917301679,0.0545039937693608,0.975388036415103,0.00071364654193866,0.00194054924758047,0.0299656233958671,79.7520849562097,0.237019647332958,0.0780735318770567,0.00443803091447761,-0.0222801422066117,0.764676451831722,-0.0240454941187025,-9.63422713592744,-2.05850974727246e-14,-0.0429869122185295,1.24938539551573e-13,0,0,0,0,1,0.673086199299627,0.673086199299627,45.6906476621009,65.3421989471639,1.77674078849395
55.97,0.247614161129897,0.0544493985286629,0.975683767576135,0.000714621516150251,0.00194747904501875,0.0299677895357024,79.7543795315279,0.237026418083192,0.078072584248716,0.00443751046255463,-0.0223333414299147,0.76463218605903,-0.0240417191432956,-9.63472823370132,-2.05850974727246e-14,-0.0429869122185295,1.24938539551573e-13,0,0,0,0,1,0.673086199299627,0.673086199299627,45.6727173251369,65.3574163004775,1.7810337232115
55.98,0.247637400545737,0.0543948583675167,0.975979534631637,0.000715596259393076,0.00195442209957722,0.0299699528870417,79.7566785772424,0.237033201999178,0.0780716356288709,0.0044369893799477,-0.0223864844719225,0.764587841826775,-0.024037943580978,-9.63523040883386,-2.05850974727246e-14,-0.0429869122185295,1.24938539551573e-13,0,0,0,0,1,0.673086199299627,0.673086199299627,45.6547821285283,65.3726339532017,1.78532251732441
55.99,0.247660635559747,0.0543403734207426,0.976275337591588,0.000716570768865082,0.00196137838996384,0.0299721134531123,79.7589820863183,0.237039999060104,0.0780706860203804,0.00443646766987252,-0.0224395712012405,0.76454341925488,-0.0240341674504798,-9.63573365986504,-2.05850974727246e-14,-0.0429869122185295,1.24938539551573e-13,0,0,0,0,1,0.673086199299627,0.673086199299627,45.6368420645624,65.3878518994991,1.78960716052628
56,0.247683866182488,0.0542859438229429,0.976571176465954,0.000717545041765467,0.00196834789485283,0.0299742712371514,79.7612900517098,0.237046809245125,0.0780697354261051,0.00443594533554617,-0.0224926014866933,0.76449891846344,-0.0240303907705344,-9.63623798533219,-2.05850974727246e-14,-0.0429869122185295,1.24938539551573e-13,0,0,0,0,1,0.673086199299627,0.673086199299627,45.6188971255263,65.4030701335161,1.79388764252384
56.01,0.247707092424541,0.0542315697085022,0.976867051264689,0.000718519075294681,0.0019753305928847,0.0299764262424052,79.7636024663604,0.237053632533366,0.0780687838489072,0.00443542238018708,-0.0225455751973258,0.764454339572739,-0.0240266135598784,-9.63674338377014,-2.05850974727246e-14,-0.0429869122185295,1.24938539551573e-13,0,0,0,0,1,0.673086199299627,0.673086199299627,45.6009473037072,65.4182886493839,1.79816395303704
56.02,0.2477303142965,0.0541772512115868,0.977162961997734,0.000719492866654445,0.00198232646266642,0.0299785784721297,79.765919323203,0.23706046890392,0.0780678312916511,0.00443489880701503,-0.0225984922024029,0.764409682703236,-0.0240228358372497,-9.63724985371108,-2.05850974727246e-14,-0.0429869122185295,1.24938539551573e-13,0,0,0,0,1,0.673086199299627,0.673086199299627,45.5829925913919,65.4335074412175,1.80243608179904
56.03,0.247753531808974,0.0541229884661442,0.977458908675018,0.000720466413047755,0.00198933548277146,0.02998072792959,79.7682406151597,0.237067318335847,0.0780668777572026,0.00443437461925116,-0.0226513523714103,0.764364947975574,-0.0240190576213896,-9.63775739368467,-2.05850974727246e-14,-0.0429869122185295,1.24938539551573e-13,0,0,0,0,1,0.673086199299627,0.673086199299627,45.5650329808676,65.4487265031168,1.80670401855622
56.04,0.247776744972588,0.054068781605903,0.977754891306454,0.0007214397116789,0.00199635763173993,0.0299828746180606,79.7705663351419,0.237074180808178,0.0780659232484293,0.00443384982011788,-0.0227041555740545,0.764320135510575,-0.0240152789310418,-9.63826600221797,-2.05850974727246e-14,-0.0429869122185295,1.24938539551573e-13,0,0,0,0,1,0.673086199299627,0.673086199299627,45.5470684644214,65.4639458291656,1.81096775306827
56.05,0.247799953797983,0.0540146307643722,0.978050909901944,0.000722412759753467,0.00200339288807865,0.0299850185408255,79.7728964760505,0.23708105629991,0.0780649677682006,0.00443332441283893,-0.0227569016802634,0.76427524542924,-0.0240114997849527,-9.63877567783552,-2.05850974727246e-14,-0.0429869122185295,1.24938539551573e-13,0,0,0,0,1,0.673086199299627,0.673086199299627,45.5290990343401,65.4791654134323,1.81522727510812
56.06,0.247823158295816,0.0539605360748413,0.978346964471379,0.000723385554478357,0.00201044123026125,0.0299871597011778,79.7752310307757,0.237087944790011,0.0780640113193874,0.00443279840063931,-0.0228095905601864,0.764230277852751,-0.02400772020187,-9.63928641905926,-2.05850974727246e-14,-0.0429869122185295,1.24938539551573e-13,0,0,0,0,1,0.673086199299627,0.673086199299627,45.511124682911,65.4943852499693,1.81948257446204
56.07,0.247846358476756,0.0539064976703796,0.978643055024635,0.000724358093061791,0.0020175026367283,0.0299892981024202,79.7775699921972,0.237094846257418,0.0780630539048624,0.0044322717867453,-0.0228622220841948,0.764185232902468,-0.0240039402005448,-9.6397982244086,-2.05850974727246e-14,-0.0429869122185295,1.24938539551573e-13,0,0,0,0,1,0.673086199299627,0.673086199299627,45.4931454024213,65.5096053328137,1.82373364092965
56.08,0.247869554351492,0.0538525156838359,0.978939181571574,0.000725330372713328,0.00202457708588736,0.0299914337478644,79.779913353184,0.237101760681035,0.0780620955274999,0.00443174457438443,-0.0229147961228824,0.764140110699931,-0.0240001597997299,-9.64031109240041,-2.05850974727246e-14,-0.0429869122185295,1.24938539551573e-13,0,0,0,0,1,0.673086199299627,0.673086199299627,45.4751611851583,65.5248256559869,1.82798046432392
56.09,0.247892745930726,0.0537985902478385,0.979235344122047,0.000726302390643868,0.00203166455611312,0.0299935666408315,79.7822611065948,0.237108688039735,0.078061136190176,0.00443121676678545,-0.0229673125470652,0.764094911366855,-0.0239963790181799,-9.64082502154897,-2.05850974727246e-14,-0.0429869122185295,1.24938539551573e-13,0,0,0,0,1,0.673086199299627,0.673086199299627,45.4571720234096,65.5400462134943,1.83222303447121
56.1,0.247915933225173,0.0537447214947942,0.979531542685891,0.000727274144065667,0.00203876502574747,0.0299956967846519,79.7846132452775,0.237115628312363,0.0780601758957683,0.00443068836717835,-0.0230197712277824,0.764049635025137,-0.023992597874652,-9.64134001036606,-2.05850974727246e-14,-0.0429869122185295,1.24938539551573e-13,0,0,0,0,1,0.673086199299627,0.673086199299627,45.4391779094627,65.5552669993262,1.8364613412113
56.11,0.247939116245568,0.0536909095568887,0.97982777727293,0.000728245630192351,0.00204587847309963,0.0299978241826652,79.7869697620698,0.237122581477729,0.0780592146471559,0.00443015937879429,-0.0230721720362964,0.764004281796847,-0.0239888163879052,-9.6418560573609,-2.05850974727246e-14,-0.0429869122185295,1.24938539551573e-13,0,0,0,0,1,0.673086199299627,0.673086199299627,45.4211788356057,65.5704880074569,1.8406953743974
56.12,0.247962295002658,0.0536371545660857,0.980124047892975,0.000729216846238919,0.0020530048764462,0.0299999488382201,79.7893306497988,0.237129547514616,0.0780582524472196,0.00442962980486564,-0.0231245148440929,0.763958851804237,-0.0239850345767001,-9.64237316104019,-2.05850974727246e-14,-0.0429869122185295,1.24938539551573e-13,0,0,0,0,1,0.673086199299627,0.673086199299627,45.4031747941266,65.5857092318451,1.8449251238962
56.13,0.247985469507206,0.0535834566541267,0.980420354555825,0.000730187789421764,0.00206014421403131,0.0300020707546748,79.7916959012811,0.237136526401773,0.0780572892988419,0.00442909964862593,-0.0231767995228818,0.763913345169734,-0.0239812524598001,-9.64289131990808,-2.05850974727246e-14,-0.0429869122185295,1.24938539551573e-13,0,0,0,0,1,0.673086199299627,0.673086199299627,45.3851657773138,65.600930666434,1.84915057958786
56.14,0.24800863976999,0.0535298159525308,0.980716697271264,0.000731158456958673,0.00206729646406669,0.0300041899353963,79.7940655093231,0.237143518117922,0.0780563252049066,0.00442856891330984,-0.0232290259445971,0.763867762015941,-0.023977470055969,-9.64341053246623,-2.05850974727246e-14,-0.0429869122185295,1.24938539551573e-13,0,0,0,0,1,0.673086199299627,0.673086199299627,45.3671517774561,65.6161523051511,1.85337173136606
56.15,0.248031805801803,0.0534762325925944,0.981013076049064,0.000732128846068848,0.00207446160473177,0.030006306383761,79.7964394667207,0.23715052264175,0.0780553601682993,0.00442803760215319,-0.0232811939813972,0.763822102465635,-0.0239736873839731,-9.64393079721372,-2.05850974727246e-14,-0.0429869122185295,1.24938539551573e-13,0,0,0,0,1,0.673086199299627,0.673086199299627,45.3491327868424,65.6313741419084,1.85758856913802
56.16,0.248054967613454,0.0534227067053904,0.981309490898984,0.000733098953972911,0.00208163961417379,0.0300084201031543,79.7988177662594,0.237157539951918,0.0780543941919068,0.00442750571839292,-0.0233333035056655,0.763776366641773,-0.023969904462581,-9.64445211264715,-2.05850974727246e-14,-0.0429869122185295,1.24938539551573e-13,0,0,0,0,1,0.673086199299627,0.673086199299627,45.3311087977623,65.6465961706021,1.86180108282453
56.17,0.248078125215767,0.0533692384217684,0.981605941830769,0.000734068777892917,0.00208883047050789,0.030010531096971,79.8012004007145,0.237164570027052,0.0780534272786178,0.00442697326526708,-0.0233853543900105,0.763730554667485,-0.023966121310561,-9.64497447726063,-2.05850974727246e-14,-0.0429869122185295,1.24938539551573e-13,0,0,0,0,1,0.673086199299627,0.673086199299627,45.3130798025053,65.661818385113,1.86600926235994
56.18,0.24810127861958,0.0533158278723543,0.981902428854151,0.000735038315052362,0.00209603415181722,0.0300126393686147,79.8035873628509,0.237171612845753,0.0780524594313222,0.00442644024601479,-0.0234373465072662,0.763684666666076,-0.0239623379466851,-9.64549788954569,-2.05850974727246e-14,-0.0429869122185295,1.24938539551573e-13,0,0,0,0,1,0.673086199299627,0.673086199299627,45.2950457933619,65.6770407793062,1.87021309769224
56.19,0.248124427835746,0.0532624751875494,0.982198951978849,0.0007360075626762,0.00210325063615302,0.0300147449214982,79.8059786454233,0.237178668386586,0.0780514906529115,0.00442590666387625,-0.0234892797304922,0.763638702761026,-0.023958554389725,-9.6460223479914,-2.05850974727246e-14,-0.0429869122185295,1.24938539551573e-13,0,0,0,0,1,0.673086199299627,0.673086199299627,45.2770067626224,65.6922633470312,1.87441257878303
56.2,0.248147572875135,0.0532091804975309,0.98249551121457,0.000736976517990847,0.00211047990153474,0.0300168477590433,79.808374241176,0.237185736628091,0.0780505209462786,0.00442537252209274,-0.0235411539329745,0.763592663075989,-0.0239547706584548,-9.64654785108434,-2.05850974727246e-14,-0.0429869122185295,1.24938539551573e-13,0,0,0,0,1,0.673086199299627,0.673086199299627,45.2589627025782,65.7074860821219,1.87860769560759
56.21,0.24817071374863,0.0531559439322509,0.982792106571006,0.000737945178224198,0.00211772192595014,0.030018947884681,79.8107741428433,0.237192817548774,0.078049550314318,0.00442483782390654,-0.0235929689882254,0.763546547734795,-0.023950986771649,-9.64707439730855,-2.05850974727246e-14,-0.0429869122185295,1.24938539551573e-13,0,0,0,0,1,0.673086199299627,0.673086199299627,45.2409136055207,65.7227089783968,1.88279843815488
56.22,0.248193850467129,0.0531027656214364,0.983088738057836,0.000738913540605631,0.00212497668735535,0.0300210453018513,79.8131783431492,0.237199911127113,0.0780485787599253,0.00442430257256098,-0.0236447247699839,0.763500356861442,-0.0239472027480846,-9.64760198514561,-2.05850974727246e-14,-0.0429869122185295,1.24938539551573e-13,0,0,0,0,1,0.673086199299627,0.673086199299627,45.2228594637422,65.7379320296586,1.88698479642756
56.23,0.248216983041546,0.0530496456945889,0.983385405684725,0.000739881602366026,0.00213224416367502,0.030023140014003,79.8155868348075,0.237207017341555,0.0780476062859979,0.00442376677130039,-0.0236964211522162,0.763454090580108,-0.0239434186065388,-9.64813061307459,-2.05850974727246e-14,-0.0429869122185295,1.24938539551573e-13,0,0,0,0,1,0.673086199299627,0.673086199299627,45.2048002695354,65.7531552296945,1.89116676044202
56.24,0.24824011148281,0.052996584280984,0.983682109461328,0.000740849360737769,0.0021395243328024,0.0300252320245941,79.8179996105218,0.237214136170519,0.0780466328954344,0.0044232304233701,-0.0237480580091155,0.763407749015139,-0.0239396343657896,-9.64866027957209,-2.05850974727246e-14,-0.0429869122185295,1.24938539551573e-13,0,0,0,0,1,0.673086199299627,0.673086199299627,45.1867360151935,65.7683785722763,1.89534432022843
56.25,0.248263235801864,0.0529435815096711,0.983978849397282,0.000741816812954766,0.00214681717259944,0.0300273213370915,79.8204166629858,0.237221267592392,0.0780456585911346,0.00442269353201638,-0.0237996352151033,0.763361332291056,-0.0239358500446171,-9.64919098311222,-2.05850974727246e-14,-0.0429869122185295,1.24938539551573e-13,0,0,0,0,1,0.673086199299627,0.673086199299627,45.1686666930104,65.7836020511601,1.89951746583072
56.26,0.248286356009666,0.0528906375094732,0.984275625502215,0.000742783956252455,0.00215412266089688,0.0300294079549711,79.8228379848828,0.237228411585532,0.0780446833760001,0.00442215610048652,-0.0238511526448283,0.763314840532551,-0.0239320656618016,-9.6497227221666,-2.05850974727246e-14,-0.0429869122185295,1.24938539551573e-13,0,0,0,0,1,0.673086199299627,0.673086199299627,45.1505922952807,65.7988256600864,1.90368618730663
56.27,0.248309472117188,0.0528377524089863,0.984572437785738,0.000743750787867812,0.00216144077549435,0.0300314918817177,79.8252635688863,0.237235568128267,0.0780437072529335,0.00442161813202869,-0.0239026101731682,0.763268273864486,-0.0239282812361242,-9.65025549520438,-2.05850974727246e-14,-0.0429869122185295,1.24938539551573e-13,0,0,0,0,1,0.673086199299627,0.673086199299627,45.1325128142997,65.8140493927802,1.90785047472773
56.28,0.248332584135419,0.0527849263365793,0.98486928625745,0.000744717305039367,0.00216877149416051,0.030033573120825,79.8276934076596,0.237242737198897,0.0780427302248387,0.00442107962989204,-0.023954007675229,0.763221632411898,-0.0239244967863677,-9.65078930069228,-2.05850974727246e-14,-0.0429869122185295,1.24938539551573e-13,0,0,0,0,1,0.673086199299627,0.673086199299627,45.1144282423633,65.8292732429512,1.91201031817945
56.29,0.248355692075361,0.0527321594203938,0.985166170926938,0.000745683505007214,0.00217611479463308,0.0300356516757956,79.8301274938561,0.237249918775691,0.0780417522946213,0.00442054059732659,-0.0240053450263454,0.763174916299992,-0.0239207123313143,-9.65132413709449,-2.05850974727246e-14,-0.0429869122185295,1.24938539551573e-13,0,0,0,0,1,0.673086199299627,0.673086199299627,45.0963385717682,65.8444972042933,1.9161657077611
56.3,0.248378795948031,0.0526794517883433,0.985463091803774,0.000746649385013017,0.00218347065461901,0.030037727550141,79.8325658201192,0.237257112836888,0.0780407734651877,0.00442000103758329,-0.0240566221020816,0.763128125654144,-0.023916927889748,-9.65186000287279,-2.05850974727246e-14,-0.0429869122185295,1.24938539551573e-13,0,0,0,0,1,0.673086199299627,0.673086199299627,45.0782437948117,65.8597212704848,1.92031663358588
56.31,0.248401895764461,0.0526268035681133,0.985760048897517,0.000747614942300028,0.00219083905179452,0.0300398007473815,79.8350083790821,0.237264319360701,0.078039793739446,0.00441946095391393,-0.0241078387782314,0.763081260599903,-0.0239131434804531,-9.65239689648648,-2.05850974727246e-14,-0.0429869122185295,1.24938539551573e-13,0,0,0,0,1,0.673086199299627,0.673086199299627,45.0601439037922,65.8749454351889,1.92446308578093
56.32,0.248424991535697,0.0525742148871608,0.986057042217711,0.000748580174113092,0.00219821996380526,0.0300418712710462,79.8374551633683,0.237271538325309,0.0780388131203052,0.0044189203495712,-0.024158994930818,0.763034321262982,-0.0239093591222139,-9.65293481639239,-2.05850974727246e-14,-0.0429869122185295,1.24938539551573e-13,0,0,0,0,1,0.673086199299627,0.673086199299627,45.0420388910087,65.8901696920528,1.92860505448733
56.33,0.248448083272802,0.052521685872714,0.986354071773889,0.00074954507769866,0.00220561336826635,0.0300439391246733,79.8399061655915,0.237278769708865,0.078037831610676,0.00441837922780862,-0.0242100904360952,0.76298730776927,-0.0239055748338156,-9.65347376104495,-2.05850974727246e-14,-0.0429869122185295,1.24938539551573e-13,0,0,0,0,1,0.673086199299627,0.673086199299627,45.0239287487612,65.9053940347086,1.93274252986014
56.34,0.24847117098685,0.0524692166517721,0.98665113757557,0.000750509650304799,0.00221301924276253,0.0300460043118095,79.8423613783552,0.237286013489492,0.0780368492134698,0.00441783759188053,-0.0242611251705469,0.762940220244821,-0.0239017906340443,-9.6540137288961,-2.05850974727246e-14,-0.0429869122185295,1.24938539551573e-13,0,0,0,0,1,0.673086199299627,0.673086199299627,45.0058134693503,65.9206184567727,1.93687550206842
56.35,0.248494254688933,0.0524168073511048,0.986948239632257,0.000751473889181206,0.00222043756484822,0.0300480668360103,79.8448207942532,0.237293269645284,0.0780358659315996,0.00441729544504211,-0.0243120990108879,0.762893058815857,-0.0238980065416854,-9.65455471839536,-2.05850974727246e-14,-0.0429869122185295,1.24938539551573e-13,0,0,0,0,1,0.673086199299627,0.673086199299627,44.9876930450778,65.935842951846,1.94100396129525
56.36,0.248517334390154,0.0523644580972519,0.987245377953443,0.000752437791579214,0.00222786831204767,0.0300501267008401,79.8472844058695,0.237300538154307,0.0780348817679795,0.00441675279054933,-0.0243630118340638,0.762845823608771,-0.0238942225755254,-9.6550967279898,-2.05850974727246e-14,-0.0429869122185295,1.24938539551573e-13,0,0,0,0,1,0.673086199299627,0.673086199299627,44.9695674682464,65.951067513514,1.94512789773775
56.37,0.248540410101634,0.0523121690165234,0.987542552548604,0.000753401354751803,0.002235311461855,0.030052183909872,79.8497522057782,0.237307818994596,0.0780338967255248,0.00441620963165893,-0.0244138635172519,0.762798514750125,-0.0238904387543505,-9.65563975612408,-2.05850974727246e-14,-0.0429869122185295,1.24938539551573e-13,0,0,0,0,1,0.673086199299627,0.673086199299627,44.9514367311596,65.9662921353467,1.94924730160714
56.38,0.248563481834506,0.0522599402349988,0.987839763427206,0.000754364575953616,0.00224276699173435,0.0300542384666877,79.8522241865437,0.237315112144159,0.0780329108071519,0.00441566597162842,-0.0244646539378607,0.762751132366645,-0.0238866550969473,-9.6561838012404,-2.05850974727246e-14,-0.0429869122185295,1.24938539551573e-13,0,0,0,0,1,0.673086199299627,0.673086199299627,44.933300826122,65.9815168108987,1.95336216312869
56.39,0.24858654959992,0.0522077718785269,0.988137010598698,0.000755327452440965,0.00225023487911994,0.0300562903748777,79.8547003407206,0.237322417580974,0.0780319240157783,0.00441512181371608,-0.0245153829735309,0.762703676585223,-0.0238828716221022,-9.65672886177856,-2.05850974727246e-14,-0.0429869122185295,1.24938539551573e-13,0,0,0,0,1,0.673086199299627,0.673086199299627,44.9151597454393,65.996741533709,1.95747247254183
56.4,0.248609613409037,0.0521556640727255,0.988434294072517,0.000756289981471841,0.00225771510141623,0.0300583396380413,79.8571806608538,0.237329735282992,0.0780309363543229,0.0044145771611809,-0.0245660505021354,0.762656147532923,-0.0238790883486017,-9.65727493617593,-2.05850974727246e-14,-0.0429869122185295,1.24938539551573e-13,0,0,0,0,1,0.673086199299627,0.673086199299627,44.8970134814181,66.0119662973012,1.96157822010011
56.41,0.248632673273036,0.052103616942981,0.988731613858086,0.000757252160305929,0.00226520763599794,0.0300603862597862,79.8596651394784,0.237337065228134,0.0780299478257055,0.00441403201728262,-0.0246166564017795,0.762608545336975,-0.0238753052952325,-9.65782202286748,-2.05850974727246e-14,-0.0429869122185295,1.24938539551573e-13,0,0,0,0,1,0.673086199299627,0.673086199299627,44.8788620263662,66.0271910951835,1.96567939607125
56.42,0.248655729203108,0.0520516306144483,0.989028969964815,0.000758213986204613,0.00227271246021024,0.030062430243729,79.8621537691201,0.237344407394293,0.0780289584328469,0.00441348638528164,-0.0246672005508013,0.76256087012477,-0.0238715224807802,-9.65837012028575,-2.05850974727246e-14,-0.0429869122185295,1.24938539551573e-13,0,0,0,0,1,0.673086199299627,0.673086199299627,44.8607053725925,66.0424159208485,1.96977599073715
56.43,0.248678781210459,0.0519997052120502,0.9893263624021,0.000759175456430994,0.00228022955136876,0.0300644715934947,79.8646465422946,0.237351761759333,0.0780279681786693,0.00441294026843908,-0.024717682827772,0.762513122023867,-0.0238677399240314,-9.65891922686087,-2.05850974727246e-14,-0.0429869122185295,1.24938539551573e-13,0,0,0,0,1,0.673086199299627,0.673086199299627,44.842543512407,66.0576407677737,1.97386799439396
56.44,0.24870182930631,0.0519478408604774,0.989623791179322,0.000760136568249892,0.00228775888675977,0.030066510312717,79.8671434515082,0.237359128301091,0.0780269770660958,0.00441239367001673,-0.0247681031114964,0.762465301161994,-0.0238639576437719,-9.65946934102059,-2.05850974727246e-14,-0.0429869122185295,1.24938539551573e-13,0,0,0,0,1,0.673086199299627,0.673086199299627,44.8243764381208,66.0728656294209,1.97795539735203
56.45,0.248724873501895,0.051896037684188,0.98992125630585,0.000761097318927865,0.00229530044364023,0.0300685464050382,79.8696444892575,0.237366506997375,0.0780259850980505,0.00441184659327702,-0.0248184612810126,0.762417407667038,-0.0238601756587865,-9.66002046119022,-2.05850974727246e-14,-0.0429869122185295,1.24938539551573e-13,0,0,0,0,1,0.673086199299627,0.673086199299627,44.8062041420464,66.0880904992365,1.98203818993598
56.46,0.248747913808463,0.051844295807407,0.990218757791039,0.000762057705733212,0.00230285419923792,0.0300705798741092,79.8721496480296,0.237373897825965,0.0780249922774587,0.00441129904148302,-0.024868757215593,0.762369441667055,-0.0238563939878608,-9.66057258579273,-2.05850974727246e-14,-0.0429869122185295,1.24938539551573e-13,0,0,0,0,1,0.673086199299627,0.673086199299627,44.7880266164974,66.1033153706516,1.98611636248472
56.47,0.248770950237278,0.0517926153541264,0.990516295644229,0.000763017725935989,0.00231042013075151,0.0300726107235894,79.874658920302,0.237381300764611,0.0780239986072465,0.00441075101789844,-0.024918990794744,0.762321403290264,-0.0238526126497785,-9.66112571324866,-2.05850974727246e-14,-0.0429869122185295,1.24938539551573e-13,0,0,0,0,1,0.673086199299627,0.673086199299627,44.7698438537886,66.1185402370818,1.99018990535148
56.48,0.248793982799616,0.0517409964481048,0.990813869874747,0.000763977376808017,0.00231799821535071,0.0300746389571467,79.8771722985428,0.237388715791039,0.0780230040903413,0.00441020252578759,-0.0249691618982068,0.762273292665044,-0.023848831663324,-9.66167984197617,-2.05850974727246e-14,-0.0429869122185295,1.24938539551573e-13,0,0,0,0,1,0.673086199299627,0.673086199299627,44.7516558462362,66.1337650919273,1.9942588089038
56.49,0.248817011506771,0.0516894392128669,0.991111480491907,0.000764936655622896,0.00232558843017631,0.0300766645784575,79.8796897752103,0.237396142882943,0.0780220087296712,0.00440965356841535,-0.0250192704059571,0.762225109919946,-0.0238450510472805,-9.66223497039105,-2.05850974727246e-14,-0.0429869122185295,1.24938539551573e-13,0,0,0,0,1,0.673086199299627,0.673086199299627,44.7334625861577,66.148989928573,1.99832306352359
56.5,0.248840036370047,0.0516379437717031,0.991409127505007,0.000765895559656008,0.00233319075234035,0.0300786875912067,79.8822113427538,0.237403582017992,0.0780210125281655,0.00440910414904722,-0.0250693161982061,0.762176855183675,-0.0238412708204301,-9.66279109690669,-2.05850974727246e-14,-0.0429869122185295,1.24938539551573e-13,0,0,0,0,1,0.673086199299627,0.673086199299627,44.7152640658719,66.1642147403884,2.00238265960714
56.51,0.248863057400765,0.0515865102476697,0.991706810923334,0.000766854086184536,0.00234080515892615,0.0300807079990878,79.8847369936127,0.237411033173826,0.0780200154887543,0.00440855427094921,-0.0251192991554001,0.762128528585104,-0.0238374910015547,-9.66334821993413,-2.05850974727246e-14,-0.0429869122185295,1.24938539551573e-13,0,0,0,0,1,0.673086199299627,0.673086199299627,44.6970602776989,66.1794395207275,2.00643758756514
56.52,0.248886074610258,0.0515351387635882,0.992004530756159,0.000767812232487471,0.00234843162698847,0.0300827258058024,79.8872667202174,0.237418496328057,0.0780190176143687,0.00440800393738791,-0.0251692191582211,0.762080130253265,-0.0238337116094353,-9.66390633788204,-2.05850974727246e-14,-0.0429869122185295,1.24938539551573e-13,0,0,0,0,1,0.673086199299627,0.673086199299627,44.6788512139604,66.1946642629291,2.0104878378227
56.53,0.248909088009875,0.0514838294420449,0.99230228701274,0.00076876999584562,0.00235607013355358,0.0300847410150609,79.8898005149885,0.237425971458269,0.0780180189079408,0.00440745315163043,-0.0252190760875873,0.762031660317355,-0.0238299326628516,-9.66446544915671,-2.05850974727246e-14,-0.0429869122185295,1.24938539551573e-13,0,0,0,0,1,0.673086199299627,0.673086199299627,44.6606368669794,66.2098889603165,2.01453340081939
56.54,0.248932097610978,0.051432582405391,0.99260007970232,0.000769727373541621,0.00236372065561936,0.0300867536305819,79.8923383703376,0.237433458542021,0.0780170193724036,0.00440690191694438,-0.0252688698246529,0.761983118906731,-0.0238261541805823,-9.66502555216207,-2.05850974727246e-14,-0.0429869122185295,1.24938539551573e-13,0,0,0,0,1,0.673086199299627,0.673086199299627,44.6424172290804,66.2251136061977,2.01857426700925
56.55,0.248955103424944,0.0513813977757421,0.99289790883413,0.000770684362859951,0.00237138317015543,0.0300887636560924,79.8948802786668,0.237440957556841,0.0780160190106908,0.00440635023659789,-0.0253186002508087,0.761934506150911,-0.0238223761814061,-9.66558664529971,-2.05850974727246e-14,-0.0429869122185295,1.24938539551573e-13,0,0,0,0,1,0.673086199299627,0.673086199299627,44.6241922925893,66.2403381938655,2.02261042686082
56.56,0.248978105463161,0.0513302756749777,0.993195774417385,0.000771640961086936,0.00237905765410322,0.0300907710953279,79.8974262323689,0.237448468480232,0.0780150178257373,0.00440579811385953,-0.0253682672476823,0.761885822179574,-0.0238185986840988,-9.66614872696885,-2.05850974727246e-14,-0.0429869122185295,1.24938539551573e-13,0,0,0,0,1,0.673086199299627,0.673086199299627,44.6059620498336,66.2555627165971,2.02664187085716
56.57,0.249001103737036,0.0512792162247413,0.993493676461288,0.000772597165510764,0.00238674408437609,0.030092775952032,79.8999762238275,0.23745599128967,0.0780140158204786,0.00440524555199838,-0.0254178706971385,0.761837067122558,-0.0238148217074366,-9.66671179556636,-2.05850974727246e-14,-0.0429869122185295,1.24938539551573e-13,0,0,0,0,1,0.673086199299627,0.673086199299627,44.5877264931424,66.2707871676545,2.03066858949586
56.58,0.249024098257985,0.0512282195464397,0.993791614975026,0.000773552973421492,0.00239444243785942,0.0300947782299568,79.9025302454168,0.237463525962601,0.0780130129978512,0.00440469255428395,-0.0254674104812792,0.761788241109864,-0.0238110452701934,-9.66727584948681,-2.05850974727246e-14,-0.0429869122185295,1.24938539551573e-13,0,0,0,0,1,0.673086199299627,0.673086199299627,44.5694856148463,66.2860115402845,2.0346905732891
56.59,0.24904708903744,0.0511772857612431,0.994089589967775,0.00077450838211106,0.00240215269141072,0.0300967779328628,79.9050882895019,0.237471072476448,0.0780120093607923,0.00440413912398617,-0.0255168864824443,0.761739344271651,-0.0238072693911425,-9.66784088712236,-2.05850974727246e-14,-0.0429869122185295,1.24938539551573e-13,0,0,0,0,1,0.673086199299627,0.673086199299627,44.5512394072775,66.3012358277183,2.03870781276364
56.6,0.249070076086849,0.0511264149900845,0.994387601448693,0.000775463388873298,0.00240987482185975,0.0300987750645185,79.9076503484387,0.237478630808602,0.07801100491224,0.00440358526437541,-0.0255662985832111,0.761690376738236,-0.0238034940890549,-9.6684069068629,-2.05850974727246e-14,-0.0429869122185295,1.24938539551573e-13,0,0,0,0,1,0.673086199299627,0.673086199299627,44.5329878627698,66.3164600231721,2.04272029846085
56.61,0.249093059417669,0.0510756073536595,0.994685649426927,0.000776417991003939,0.00241760880600857,0.0301007696287009,79.9102164145738,0.237486200936431,0.0780099996551333,0.00440303097872242,-0.0256156466663957,0.761641338640094,-0.023799719382701,-9.66897390709594,-2.05850974727246e-14,-0.0429869122185295,1.24938539551573e-13,0,0,0,0,1,0.673086199299627,0.673086199299627,44.5147309736588,66.3316841198466,2.04672802093674
56.62,0.249116039041376,0.051024862972426,0.994983733911609,0.000777372185800628,0.00242535462063169,0.0301027616291952,79.9127864802448,0.237493782837275,0.0780089935924118,0.00440247627029836,-0.0256649306150522,0.761592230107864,-0.023795945290849,-9.66954188620669,-2.05850974727246e-14,-0.0429869122185295,1.24938539551573e-13,0,0,0,0,1,0.673086199299627,0.673086199299627,44.4964687322817,66.3469081109273,2.05073097076198
56.63,0.249139014969456,0.0509741819666039,0.995281854911857,0.000778325970562934,0.00243311224247617,0.0301047510697947,79.9153605377802,0.237501376488446,0.078007986727016,0.00440192114237474,-0.0257141503124735,0.761543051272337,-0.0237921718322661,-9.67011084257804,-2.05850974727246e-14,-0.0429869122185295,1.24938539551573e-13,0,0,0,0,1,0.673086199299627,0.673086199299627,44.4782011309775,66.3621319895844,2.05472913852192
56.64,0.24916198721341,0.0509235644561751,0.995580012436775,0.000779279342592358,0.00244088164826169,0.030106737954301,79.9179385794992,0.237508981867231,0.0780069790618871,0.00440136559822343,-0.0257633056421917,0.761493802264464,-0.0237883990257171,-9.67068077459056,-2.05850974727246e-14,-0.0429869122185295,1.24938539551573e-13,0,0,0,0,1,0.673086199299627,0.673086199299627,44.4599281620866,66.3773557489727,2.05872251481663
56.65,0.249184955784754,0.0508730105608827,0.995878206495452,0.000780232299192345,0.00244866281468066,0.0301087222865238,79.9205205977121,0.237516598950888,0.0780059705999671,0.00440080964111665,-0.025812396487978,0.761444483215355,-0.0237846268899659,-9.67125168062248,-2.05850974727246e-14,-0.0429869122185295,1.24938539551573e-13,0,0,0,0,1,0.673086199299627,0.673086199299627,44.4416498179518,66.392579382232,2.06271109026089
56.66,0.249207920695015,0.050822520400231,0.996176437096964,0.000781184837668294,0.00245645571839836,0.0301107040702812,79.9231065847202,0.237524227716651,0.0780049613441985,0.00440025327432692,-0.0258614227338431,0.761395094256273,-0.0237808554437735,-9.67182355904977,-2.05850974727246e-14,-0.0429869122185295,1.24938539551573e-13,0,0,0,0,1,0.673086199299627,0.673086199299627,44.4233660909171,66.4078028824867,2.06669485548426
56.67,0.249230881955737,0.0507720940934851,0.996474704250373,0.000782136955327568,0.00246426033605301,0.0301126833093992,79.9256965328156,0.237531868141726,0.0780039512975248,0.00439969650112709,-0.0259103842640378,0.761345635518642,-0.0237770847059004,-9.67239640824605,-2.05850974727246e-14,-0.0429869122185295,1.24938539551573e-13,0,0,0,0,1,0.673086199299627,0.673086199299627,44.4050769733288,66.4230262428459,2.07067380113104
56.68,0.249253839578474,0.050721731759671,0.996773007964725,0.000783088649479505,0.00247207664425585,0.0301146600077121,79.9282904342817,0.237539520203292,0.0780029404628901,0.00439913932479029,-0.0259592809630526,0.761296107134036,-0.0237733146951032,-9.67297022658265,-2.05850974727246e-14,-0.0429869122185295,1.24938539551573e-13,0,0,0,0,1,0.673086199299627,0.673086199299627,44.3867824575347,66.4382494564035,2.07464791786036
56.69,0.249276793574797,0.0506714335175747,0.997071348249055,0.000784039917435428,0.00247990461959131,0.030116634169062,79.9308882813927,0.237547183878504,0.0780019288432391,0.00439858174858992,-0.0260081127156186,0.761246509234193,-0.0237695454301385,-9.67354501242866,-2.05850974727246e-14,-0.0429869122185295,1.24938539551573e-13,0,0,0,0,1,0.673086199299627,0.673086199299627,44.3684825358848,66.4534725162381,2.07861719634616
56.7,0.249299743956289,0.0506211994857422,0.997369725112382,0.000784990756508654,0.00248774423861704,0.0301186057972994,79.9334900664139,0.237554859144488,0.0780009164415173,0.00439802377579966,-0.0260568794067074,0.761196841951,-0.0237657769297599,-9.67412076415078,-2.05850974727246e-14,-0.0429869122185295,1.24938539551573e-13,0,0,0,0,1,0.673086199299627,0.673086199299627,44.3501772007308,66.4686954154133,2.08258162727722
56.71,0.249322690734546,0.0505710297824796,0.997668138563709,0.000785941164014506,0.00249559547786405,0.0301205748962827,79.9360957816017,0.237562545978345,0.0779999032606706,0.00439746540969342,-0.0261055809215314,0.761147105416499,-0.0237620092127181,-9.6746974801135,-2.05850974727246e-14,-0.0429869122185295,1.24938539551573e-13,0,0,0,0,1,0.673086199299627,0.673086199299627,44.3318664444265,66.4839181469773,2.08654120135719
56.72,0.249345633921178,0.050520924525852,0.997966588612028,0.000786891137270323,0.00250345831383683,0.0301225414698785,79.9387054192038,0.237570244357151,0.0779988893036457,0.00439690665354533,-0.0261542171455443,0.761097299762891,-0.023758242297763,-9.67527515867899,-2.05850974727246e-14,-0.0429869122185295,1.24938539551573e-13,0,0,0,0,1,0.673086199299627,0.673086199299627,44.3135502593276,66.4991407039631,2.09049590930462
56.73,0.249368573527809,0.050470883833684,0.998265075266315,0.000787840673595471,0.0025113327230134,0.0301245055219611,79.9413189714589,0.237577954257954,0.07799787457339,0.00439634751062976,-0.0262027879644411,0.761047425122527,-0.0237544762036407,-9.67585379820718,-2.05850974727246e-14,-0.0429869122185295,1.24938539551573e-13,0,0,0,0,1,0.673086199299627,0.673086199299627,44.2952286377917,66.5143630793885,2.09444574185297
56.74,0.249391509566077,0.0504209078235589,0.998563598535532,0.000788789770311349,0.00251921868184546,0.0301264670564133,79.9439364305967,0.237585675657776,0.0779968590728514,0.00439578798422125,-0.0262512932641584,0.760997481627912,-0.0237507109490965,-9.67643339705566,-2.05850974727246e-14,-0.0429869122185295,1.24938539551573e-13,0,0,0,0,1,0.673086199299627,0.673086199299627,44.2769015721788,66.5295852662562,2.09839068975063
56.75,0.249414442047632,0.0503709966128189,0.998862158428627,0.000789738424741406,0.00252711616675847,0.0301284260771253,79.9465577888385,0.237593408533616,0.0779958428049782,0.00439522807759453,-0.0262997329308749,0.760947469411709,-0.0237469465528717,-9.67701395357983,-2.05850974727246e-14,-0.0429869122185295,1.24938539551573e-13,0,0,0,0,1,0.673086199299627,0.673086199299627,44.2585690548505,66.5448072575536,2.10233074376095
56.76,0.249437370984137,0.0503211503185641,0.999160754954534,0.000790686634211146,0.00253502515415175,0.0301303825879957,79.9491830383966,0.237601152862444,0.0779948257727196,0.00439466779402452,-0.0263481068510113,0.760897388606729,-0.0237431830337064,-9.67759546613276,-2.05850974727246e-14,-0.0429869122185295,1.24938539551573e-13,0,0,0,0,1,0.673086199299627,0.673086199299627,44.240231078171,66.5600290462531,2.10626589466227
56.77,0.249460296387271,0.0502713690576531,0.999459388122172,0.000791634396048138,0.0025429456203986,0.0301323365929308,79.9518121714745,0.237608908621206,0.0779938079790252,0.00439410713678626,-0.0263964149112308,0.760847239345939,-0.023739420410337,-9.67817793306532,-2.05850974727246e-14,-0.0429869122185295,1.24938539551573e-13,0,0,0,0,1,0.673086199299627,0.673086199299627,44.2218876345061,66.5752506253118,2.11019613324793
56.78,0.249483218268725,0.050221652946702,0.999758057940445,0.000792581707582031,0.00255087754184639,0.030134288095845,79.9544451802671,0.237616675786821,0.0779927894268451,0.00439354610915493,-0.0264446569984393,0.760797021762452,-0.023735658701498,-9.67876135272603,-2.05850974727246e-14,-0.0429869122185295,1.24938539551573e-13,0,0,0,0,1,0.673086199299627,0.673086199299627,44.2035387162241,66.5904719876716,2.11412145032629
56.79,0.249506136640201,0.0501720021020845,1.00005676441825,0.00079352856614456,0.00255882089481665,0.0301362371006604,79.9570820569605,0.237624454336184,0.0779917701191299,0.00439298471440585,-0.0264928329997856,0.760746735989543,-0.0237318979259206,-9.67934572346127,-2.05850974727246e-14,-0.0429869122185295,1.24938539551573e-13,0,0,0,0,1,0.673086199299627,0.673086199299627,44.1851843156955,66.6056931262594,2.11804183672078
56.8,0.249529051513419,0.0501224166399316,1.00035550756445,0.000794474969069556,0.00256677565560522,0.0301381836113072,79.9597227937324,0.237632244246164,0.0779907500588308,0.00439242295581442,-0.0265409428026616,0.760696382160629,-0.0237281381023338,-9.6799310436151,-2.05850974727246e-14,-0.0429869122185295,1.24938539551573e-13,0,0,0,0,1,0.673086199299627,0.673086199299627,44.1668244252928,66.6209140339868,2.12195728326988
56.81,0.249551962900107,0.0500728966761313,1.00065428738792,0.000795420913692959,0.0025747418004823,0.0301401276317231,79.9623673827515,0.237640045493603,0.0779897292488994,0.00439186083665614,-0.0265889862947029,0.760645960409284,-0.0237243792494632,-9.68051731152936,-2.05850974727246e-14,-0.0429869122185295,1.24938539551573e-13,0,0,0,0,1,0.673086199299627,0.673086199299627,44.1484590373908,66.6361347037505,2.12586778082719
56.82,0.249574870812012,0.0500234423263281,1.0009531038975,0.000796366397352826,0.00258271930569257,0.0301420691658541,79.9650158161781,0.237647858055321,0.0779887076922879,0.00439129836020658,-0.0266369633637886,0.76059547086923,-0.0237206213860318,-9.68110452554366,-2.05850974727246e-14,-0.0429869122185295,1.24938539551573e-13,0,0,0,0,1,0.673086199299627,0.673086199299627,44.1300881443668,66.6513551284319,2.1297733202614
56.83,0.249597775260888,0.0499740537059231,1.00125195710202,0.000797311417389341,0.0025907081474553,0.0301440082176536,79.967668086164,0.237655681908109,0.0779876853919488,0.00439073552974139,-0.026684873898042,0.76054491367434,-0.0237168645307596,-9.68169268399535,-2.05850974727246e-14,-0.0429869122185295,1.24938539551573e-13,0,0,0,0,1,0.673086199299627,0.673086199299627,44.1117117386001,66.6665753008972,2.13367389245637
56.84,0.249620676258508,0.0499247309300736,1.00155084701031,0.000798255971144827,0.00259870830196446,0.0301459447910831,79.9703241848523,0.237663517028736,0.0779866623508351,0.00439017234853621,-0.0267327177858302,0.760494288958636,-0.0237131087023634,-9.68228178521958,-2.05850974727246e-14,-0.0429869122185295,1.24938539551573e-13,0,0,0,0,1,0.673086199299627,0.673086199299627,44.0933298124724,66.6817952139978,2.1375694883111
56.85,0.249643573816654,0.0498754741136925,1.00184977363117,0.000799200055963753,0.00260671974538881,0.0301478788901117,79.9729841043775,0.237671363393944,0.0779856385719004,0.00438960881986676,-0.0267804949157651,0.76044359685629,-0.0237093539195564,-9.68287182754925,-2.05850974727246e-14,-0.0429869122185295,1.24938539551573e-13,0,0,0,0,1,0.673086199299627,0.673086199299627,44.0749423583679,66.6970148605699,2.14146009873978
56.86,0.249666467947123,0.0498262833714487,1.00214873697338,0.000800143669192748,0.00261474245387199,0.0301498105187163,79.9756478368659,0.237679220980451,0.0779846140580985,0.00438904494700875,-0.0268282051767032,0.760392837501625,-0.0237056002010497,-9.68346280931508,-2.05850974727246e-14,-0.0429869122185295,1.24938539551573e-13,0,0,0,0,1,0.673086199299627,0.673086199299627,44.056549368673,66.7122342334343,2.14534571467183
56.87,0.249689358661725,0.0497771588177662,1.00244773704573,0.000801086808180607,0.00262277640353265,0.0301517396808814,79.978315374435,0.237687089764949,0.0779835888123835,0.00438848073323788,-0.0268758484577459,0.76034201102911,-0.0237018475655499,-9.68405472884552,-2.05850974727246e-14,-0.0429869122185295,1.24938539551573e-13,0,0,0,0,1,0.673086199299627,0.673086199299627,44.0381508357768,66.7274533253972,2.14922632705186
56.88,0.249712245972282,0.0497281005668242,1.00274677385698,0.000802029470278303,0.00263082157046455,0.0301536663805996,79.9809867091941,0.237694969724107,0.0779825628377103,0.00438791618182983,-0.0269234246482399,0.760291117573364,-0.0236980960317607,-9.68464758446683,-2.05850974727246e-14,-0.0429869122185295,1.24938539551573e-13,0,0,0,0,1,0.673086199299627,0.673086199299627,44.0197467520704,66.7426721292496,2.15310192683978
56.89,0.24973512989063,0.0496791087325568,1.00304584741586,0.000802971652838998,0.00263887793073664,0.0301555906218706,79.9836618332439,0.237702860834567,0.0779815361370337,0.00438735129606027,-0.0269709336377772,0.760240157269152,-0.0236943456183832,-9.68524137450309,-2.05850974727246e-14,-0.0429869122185295,1.24938539551573e-13,0,0,0,0,1,0.673086199299627,0.673086199299627,44.0013371099477,66.7578906377671,2.15697250501074
56.9,0.249758010428619,0.0496301834286524,1.00334495773112,0.000803913353218052,0.00264694546039319,0.0301575124087024,79.9863407386768,0.237710763072947,0.0779805087133091,0.00438678607920477,-0.0270183753161957,0.760189130251388,-0.0236905963441131,-9.68583609727614,-2.05850974727246e-14,-0.0429869122185295,1.24938539551573e-13,0,0,0,0,1,0.673086199299627,0.673086199299627,43.9829219018051,66.7731088437108,2.1608380525552
56.91,0.24978088759811,0.0495813247685539,1.00364410481147,0.000804854568773032,0.00265502413545388,0.0301594317451102,79.9890234175768,0.237718676415843,0.0779794805694923,0.0043862205345389,-0.027065749573579,0.760138036655134,-0.0236868482276448,-9.68643175110565,-2.05850974727246e-14,-0.0429869122185295,1.24938539551573e-13,0,0,0,0,1,0.673086199299627,0.673086199299627,43.9645011200414,66.7883267398263,2.16469856047895
56.92,0.249803761410978,0.0495325328654584,1.00394328866561,0.000805795296863722,0.00266311393191388,0.0301613486351169,79.9917098620198,0.237726600839822,0.0779784517085392,0.00438565466533808,-0.0271130563002571,0.760086876615597,-0.0236831012876675,-9.68702833430908,-2.05850974727246e-14,-0.0429869122185295,1.24938539551573e-13,0,0,0,0,1,0.673086199299627,0.673086199299627,43.946074757058,66.8035443188445,2.1685540198031
56.93,0.24982663187911,0.0494838078323164,1.00424250930224,0.000806735534852136,0.00267121482574401,0.0301632630827532,79.9944000640729,0.23773453632143,0.0779774221334062,0.00438508847487769,-0.0271602953868061,0.760035650268131,-0.023679355542867,-9.68762584520172,-2.05850974727246e-14,-0.0429869122185295,1.24938539551573e-13,0,0,0,0,1,0.673086199299627,0.673086199299627,43.9276428052589,66.818761573481,2.17240442156414
56.94,0.249849499014408,0.0494351497818322,1.00454176673002,0.000807675280102524,0.0026793267928908,0.0301651750920572,79.9970940157954,0.237742482837187,0.0779763918470499,0.00438452196643297,-0.027207466724049,0.759984357748234,-0.0236756110119255,-9.68822428209663,-2.05850974727246e-14,-0.0429869122185295,1.24938539551573e-13,0,0,0,0,1,0.673086199299627,0.673086199299627,43.9092052570506,66.8339784964368,2.17624975681394
56.95,0.249872362828784,0.0493865588264634,1.00484106095761,0.000808614529981385,0.00268744980927661,0.0301670846670747,79.9997917092381,0.23775044036359,0.0779753608524271,0.00438395514327903,-0.0272545702030557,0.759932999191555,-0.0236718677135217,-9.68882364330475,-2.05850974727246e-14,-0.0429869122185295,1.24938539551573e-13,0,0,0,0,1,0.673086199299627,0.673086199299627,43.8907621048426,66.8491950803974,2.1800900166198
56.96,0.249895223334165,0.0493380350784204,1.00514039199367,0.000809553281857474,0.00269558385079969,0.0301689918118588,80.0024931364436,0.237758408877111,0.0779743291524951,0.00438338800869085,-0.0273016057151432,0.759881574733882,-0.0236681256663294,-9.68942392713481,-2.05850974727246e-14,-0.0429869122185295,1.24938539551573e-13,0,0,0,0,1,0.673086199299627,0.673086199299627,43.8723133410466,66.8644113180337,2.18392519206442
56.97,0.24991808054249,0.0492895786496665,1.00543975984681,0.000810491533101815,0.00270372889333438,0.0301708965304705,80.0051982894464,0.237766388354197,0.0779732967502112,0.00438282056594325,-0.0273485731518757,0.759830084511151,-0.0236643848890195,-9.69002513189339,-2.05850974727246e-14,-0.0429869122185295,1.24938539551573e-13,0,0,0,0,1,0.673086199299627,0.673086199299627,43.8538589580773,66.8796272020015,2.18775527424597
56.98,0.249940934465711,0.0492411896519174,1.00573916452566,0.000811429281087709,0.00271188491273111,0.0301727988269779,80.0079071602726,0.237774378771272,0.0779722636485329,0.00438225281831086,-0.0273954724050653,0.759778528659442,-0.0236606454002584,-9.69062725588488,-2.05850974727246e-14,-0.0429869122185295,1.24938539551573e-13,0,0,0,0,1,0.673086199299627,0.673086199299627,43.8353989483522,66.8948427249416,2.1915802542781
56.99,0.249963785115793,0.0491928681966413,1.00603860603881,0.000812366523190744,0.00272005188481656,0.0301746987054569,80.0106197409405,0.237782380104737,0.0779712298504183,0.00438168476906815,-0.0274423033667716,0.759726907314978,-0.0236569072187078,-9.69123029741151,-2.05850974727246e-14,-0.0429869122185295,1.24938539551573e-13,0,0,0,0,1,0.673086199299627,0.673086199299627,43.8169333042912,66.9100578794798,2.19540012328993
57,0.249986632504712,0.0491446143950581,1.00633808439486,0.000813303256788803,0.00272822978539377,0.0301765961699906,80.01333602346,0.237790392330968,0.0779701953588252,0.00438111642148937,-0.0274890659293026,0.759675220614126,-0.0236531703630266,-9.69183425477338,-2.05850974727246e-14,-0.0429869122185295,1.24938539551573e-13,0,0,0,0,1,0.673086199299627,0.673086199299627,43.7984620183173,66.9252726582271,2.19921487242615
57.01,0.25000947664446,0.0490964283581395,1.00663759960237,0.00081423947926208,0.00273641859024218,0.0301784912246698,80.016055999833,0.237798415426317,0.077969160176712,0.00438054777884855,-0.0275357599852143,0.759623468693398,-0.0236494348518678,-9.69243912626843,-2.05850974727246e-14,-0.0429869122185295,1.24938539551573e-13,0,0,0,0,1,0.673086199299627,0.673086199299627,43.7799850828562,66.9404870537795,2.20302449284693
57.02,0.250032317547038,0.0490483101966089,1.0069371516699,0.000815175187993083,0.00274461827511782,0.0301803838735925,80.0187796620534,0.237806449367112,0.077968124307037,0.00437997884441949,-0.0275823854273116,0.759571651689444,-0.0236457007038811,-9.69304491019242,-2.05850974727246e-14,-0.0429869122185295,1.24938539551573e-13,0,0,0,0,1,0.673086199299627,0.673086199299627,43.7615024903366,66.9557010587179,2.20682897572806
57.03,0.250055155224463,0.0490002600209407,1.00723674060599,0.000816110380366647,0.00275282881575336,0.0301822741208642,80.021507002107,0.237814494129659,0.0779670877527587,0.00437940962147574,-0.0276289421486477,0.759519769739063,-0.0236419679377119,-9.69365160483901,-2.05850974727246e-14,-0.0429869122185295,1.24938539551573e-13,0,0,0,0,1,0.673086199299627,0.673086199299627,43.7430142331898,66.9709146656087,2.21062831226087
57.04,0.250077989688761,0.0489522779413605,1.00753636641917,0.000817045053769942,0.00276105018785821,0.0301841619705978,80.0242380119715,0.237822549690239,0.0779660505168358,0.00437884011329058,-0.0276754300425253,0.75946782297919,-0.0236382365720005,-9.69425920849971,-2.05850974727246e-14,-0.0429869122185295,1.24938539551573e-13,0,0,0,0,1,0.673086199299627,0.673086199299627,43.7245203038502,66.9861278670029,2.21442249365233
57.05,0.250100820951975,0.0489043640678445,1.00783602911795,0.000817979205592487,0.00276928236711866,0.0301860474269134,80.0269726836168,0.23783061602511,0.0779650126022272,0.00437827032313702,-0.027721849002496,0.759415811546904,-0.0236345066253831,-9.69486771946386,-2.05850974727246e-14,-0.0429869122185295,1.24938539551573e-13,0,0,0,0,1,0.673086199299627,0.673086199299627,43.7060206947552,67.0013406554369,2.21821151112502
57.06,0.250123649026155,0.0488565185101194,1.00813572871083,0.000818912833226154,0.00277752532919793,0.0301879304939386,80.0297110090048,0.237838693110506,0.0779639740118918,0.00437770025428777,-0.0277681989223609,0.759363735579427,-0.0236307781164909,-9.69547713601872,-2.05850974727246e-14,-0.0429869122185295,1.24938539551573e-13,0,0,0,0,1,0.673086199299627,0.673086199299627,43.6875153983448,67.0165530234322,2.22199535591717
57.07,0.250146473923369,0.0488087413776624,1.00843546520629,0.000819845934065182,0.00278577904973634,0.0301898111758083,80.0324529800895,0.23784678092264,0.0779629347487885,0.00437712991001522,-0.0278144796961708,0.759311595214118,-0.0236270510639511,-9.69608745644941,-2.05850974727246e-14,-0.0429869122185295,1.24938539551573e-13,0,0,0,0,1,0.673086199299627,0.673086199299627,43.6690044070624,67.0317649634953,2.22577401928271
57.08,0.250169295655694,0.0487610327797004,1.00873523861281,0.000820778505506184,0.00279404350435137,0.0301916894766645,80.0351985888168,0.237854879437699,0.0779618948158765,0.00437655929359147,-0.0278606912182266,0.759259390588479,-0.0236233254863855,-9.69669867903892,-2.05850974727246e-14,-0.0429869122185295,1.24938539551573e-13,0,0,0,0,1,0.673086199299627,0.673086199299627,43.6504877133542,67.046976468118,2.22954749249122
57.09,0.250192114235221,0.0487133928252103,1.00903504893883,0.00082171054494816,0.00280231866863775,0.0301935654006568,80.0379478271249,0.237862988631848,0.0779608542161148,0.00437598840828823,-0.0279068333830789,0.75920712184015,-0.023619601402411,-9.69731080206813,-2.05850974727246e-14,-0.0429869122185295,1.24938539551573e-13,0,0,0,0,1,0.673086199299627,0.673086199299627,43.6319653096696,67.0621875297771,2.23331576682802
57.1,0.250214929674053,0.0486658216229184,1.00933489619279,0.000822642049792503,0.00281060451816761,0.0301954389519416,80.0407006869442,0.237871108481229,0.0779598129524628,0.00437541725737689,-0.0279529060855291,0.759154789106914,-0.0236158788306406,-9.69792382381582,-2.05850974727246e-14,-0.0429869122185295,1.24938539551573e-13,0,0,0,0,1,0.673086199299627,0.673086199299627,43.6134371884608,67.0773981409346,2.23707883359419
57.11,0.250237741984305,0.0486183192813003,1.00963478038312,0.000823573017443009,0.00281890102849056,0.030197310134683,80.0434571601973,0.237879238961962,0.0779587710278797,0.00437484584412846,-0.0279989092206289,0.75910239252669,-0.0236121577896811,-9.69853774255866,-2.05850974727246e-14,-0.0429869122185295,1.24938539551573e-13,0,0,0,0,1,0.673086199299627,0.673086199299627,43.5949033421835,67.0926082940378,2.24083668410652
57.12,0.250260551178104,0.0485708859085809,1.00993470151823,0.000824503445305892,0.00282720817513378,0.030199178953052,80.0462172387988,0.237887380050141,0.0779577284453247,0.00437427417181357,-0.028044842683681,0.759049932237537,-0.0236084382981349,-9.69915255657119,-2.05850974727246e-14,-0.0429869122185295,1.24938539551573e-13,0,0,0,0,1,0.673086199299627,0.673086199299627,43.576363763296,67.1078179815188,2.24458930969762
57.13,0.250283357267592,0.0485235216127335,1.01023465960651,0.000825433330789786,0.00283552593360214,0.0302010454112269,80.0489809146557,0.237895531721841,0.0779566852077571,0.00437370224370243,-0.0280907063702389,0.75899740837765,-0.0236047203745999,-9.6997682641259,-2.05850974727246e-14,-0.0429869122185295,1.24938539551573e-13,0,0,0,0,1,0.673086199299627,0.673086199299627,43.5578184442604,67.1230271957954,2.24833670171589
57.14,0.250306160264919,0.0484762265014803,1.01053465465634,0.00082636267130576,0.0028438542793783,0.030202909513393,80.0517481796674,0.237903693953112,0.0779556413181361,0.00437313006306485,-0.0281365001761075,0.758944821085365,-0.0236010040376674,-9.70038486349316,-2.05850974727246e-14,-0.0429869122185295,1.24938539551573e-13,0,0,0,0,1,0.673086199299627,0.673086199299627,43.5392673775414,67.1382359292702,2.25207885152555
57.15,0.250328960182251,0.0484290006822917,1.01083468667608,0.000827291464267323,0.00285219318792283,0.030204771263743,80.0545190257252,0.237911866719982,0.077954596779421,0.00437255763317022,-0.0281822239973431,0.758892170499156,-0.0235972893059243,-9.70100235294126,-2.05850974727246e-14,-0.0429869122185295,1.24938539551573e-13,0,0,0,0,1,0.673086199299627,0.673086199299627,43.5207105556074,67.1534441743312,2.25581575050667
57.16,0.250351757031766,0.0483818442623862,1.01113475567409,0.000828219707090441,0.00286054263467428,0.0302066306664766,80.0572934447132,0.237920049998456,0.0779535515945709,0.00437198495728747,-0.0282278777302536,0.758839456757631,-0.023593576197953,-9.7016207307364,-2.05850974727246e-14,-0.0429869122185295,1.24938539551573e-13,0,0,0,0,1,0.673086199299627,0.673086199299627,43.5021479709297,67.1686519233515,2.25954739005518
57.17,0.25037455082565,0.0483347573487304,1.0114348616587,0.000829147397193538,0.00286890259504931,0.0302084877258005,80.0600714285075,0.237928243764518,0.077952505766545,0.00437141203868506,-0.0282734612713989,0.758786679999538,-0.0235898647323287,-9.70223999514271,-2.05850974727246e-14,-0.0429869122185295,1.24938539551573e-13,0,0,0,0,1,0.673086199299627,0.673086199299627,43.483579615983,67.1838591686896,2.26327376158291
57.18,0.250397341576107,0.0482877400480381,1.01173500463823,0.000830074531997511,0.00287727304444278,0.0302103424459286,80.0628529689766,0.237936447994127,0.0779514592983024,0.004370838880631,-0.0283189745175911,0.758733840363757,-0.0235861549276229,-9.70286014442226,-2.05850974727246e-14,-0.0429869122185295,1.24938539551573e-13,0,0,0,0,1,0.673086199299627,0.673086199299627,43.4650054832453,67.1990659026891,2.26699485651759
57.19,0.25042012929535,0.048240792466771,1.01203518462099,0.000831001108925739,0.00288565395822787,0.0302121948310818,80.0656380579817,0.237944662663223,0.0779504121928021,0.00437026548639279,-0.0283644173658944,0.75868093798931,-0.0235824468024006,-9.70348117683502,-2.05850974727246e-14,-0.0429869122185295,1.24938539551573e-13,0,0,0,0,1,0.673086199299627,0.673086199299627,43.4464255651981,67.2142721176788,2.2707106663029
57.2,0.250442913995604,0.0481939147111375,1.01233540161526,0.000831927125404089,0.00289404531175616,0.0302140448854881,80.0684266873762,0.23795288774772,0.0779493644530029,0.00436969185923743,-0.0284097897136256,0.758627973015349,-0.0235787403752212,-9.70410309063892,-2.05850974727246e-14,-0.0429869122185295,1.24938539551573e-13,0,0,0,0,1,0.673086199299627,0.673086199299627,43.4278398543259,67.229477805973,2.27442118239843
57.21,0.250465695689106,0.0481471068870934,1.01263565562932,0.000832852578860931,0.00290244708035774,0.0302158926133824,80.0712188490059,0.237961123223512,0.0779483160818635,0.0043691180024314,-0.0284550914583542,0.758574945581164,-0.0235750356646393,-9.70472588408982,-2.05850974727246e-14,-0.0429869122185295,1.24938539551573e-13,0,0,0,0,1,0.673086199299627,0.673086199299627,43.4092483431169,67.2446829598711,2.2781263962798
57.22,0.250488474388107,0.0481003691003408,1.01293594667143,0.000833777466727142,0.00291085923934136,0.0302177380190067,80.0740145347093,0.237969369066473,0.0779472670823428,0.00436854391924065,-0.028500322497903,0.758521855826179,-0.0235713326892026,-9.70534955544156,-2.05850974727246e-14,-0.0429869122185295,1.24938539551573e-13,0,0,0,0,1,0.673086199299627,0.673086199299627,43.3906510240626,67.2598875716577,2.28182629943858
57.23,0.250511250104868,0.0480537014563287,1.01323627474984,0.00083470178643612,0.00291928176399444,0.0302195811066099,80.0768137363172,0.23797762525245,0.0779462174573991,0.00436796961293058,-0.0285454827303474,0.758468703889953,-0.0235676314674543,-9.70597410294587,-2.05850974727246e-14,-0.0429869122185295,1.24938539551573e-13,0,0,0,0,1,0.673086199299627,0.673086199299627,43.372047889658,67.275091633603,2.28552088338237
57.24,0.250534022851664,0.048007104060252,1.01353663987277,0.00083562553542379,0.00292771462958328,0.0302214218804479,80.0796164456532,0.237985891757272,0.0779451672099909,0.00436739508676601,-0.0285905720540166,0.758415489912177,-0.0235639320179303,-9.70659952485247,-2.05850974727246e-14,-0.0429869122185295,1.24938539551573e-13,0,0,0,0,1,0.673086199299627,0.673086199299627,43.3534389324015,67.2902951379622,2.28921013963482
57.25,0.25055679264078,0.0479605770170519,1.01383704204844,0.000836548711128617,0.00293615781135307,0.0302232603447834,80.0824226545332,0.237994168556745,0.0779441163430762,0.0043668203440112,-0.0286355903674933,0.758362214032676,-0.0235602343591621,-9.70722581940905,-2.05850974727246e-14,-0.0429869122185295,1.24938539551573e-13,0,0,0,0,1,0.673086199299627,0.673086199299627,43.334824144795,67.305498076976,2.29289405973563
57.26,0.250579559484513,0.0479141204314152,1.01413748128506,0.00083747131099161,0.00294461128452806,0.0302250965038862,80.0852323547659,0.238002455626654,0.0779430648596131,0.00436624538792981,-0.0286805375696138,0.758308876391413,-0.0235565385096739,-9.70785298486124,-2.05850974727246e-14,-0.0429869122185295,1.24938539551573e-13,0,0,0,0,1,0.673086199299627,0.673086199299627,43.316203519344,67.3207004428702,2.29657263524056
57.27,0.250602323395173,0.0478677344077745,1.01443795759081,0.000838393332456337,0.00295307502431163,0.0302269303620328,80.0880455381525,0.23801075294276,0.0779420127625594,0.00436567022178489,-0.0287254135594687,0.758255477128476,-0.0235528444879848,-9.70848101945267,-2.05850974727246e-14,-0.0429869122185295,1.24938539551573e-13,0,0,0,0,1,0.673086199299627,0.673086199299627,43.2975770485576,67.3359022278564,2.30024585772152
57.28,0.250625084385083,0.0478214190503075,1.01473847097385,0.000839314772968932,0.00296154900588641,0.0302287619235067,80.0908621964869,0.238019060480806,0.0779409600548727,0.00436509484883885,-0.0287702182364026,0.758202016384089,-0.0235491523126071,-9.70910992142489,-2.05850974727246e-14,-0.0429869122185295,1.24938539551573e-13,0,0,0,0,1,0.673086199299627,0.673086199299627,43.2789447249484,67.3511034241311,2.30391371876648
57.29,0.250647842466575,0.0477751744629374,1.01503902144234,0.000840235629978104,0.00297003320441438,0.0302305911925982,80.0936823215558,0.23802737821651,0.0779399067395102,0.0043645192723535,-0.0288149515000144,0.758148494298609,-0.0235454620020475,-9.70973968901752,-2.05850974727246e-14,-0.0429869122185295,1.24938539551573e-13,0,0,0,0,1,0.673086199299627,0.673086199299627,43.2603065410326,67.3663040238763,2.3075762099796
57.3,0.250670597651994,0.047729000749332,1.01533960900443,0.000841155900935148,0.00297852759503695,0.0302324181736044,80.0965059051385,0.238035706125571,0.0779388528194292,0.00436394349558995,-0.028859613250158,0.758094911012522,-0.0235417735748062,-9.71037032046805,-2.05850974727246e-14,-0.0429869122185295,1.24938539551573e-13,0,0,0,0,1,0.673086199299627,0.673086199299627,43.2416624893301,67.3815040192595,2.31123332298118
57.31,0.250693349953698,0.047682898012904,1.01564023366824,0.000842075583293951,0.0029870321528751,0.0302342428708292,80.099332939007,0.238044044183665,0.0779377982975864,0.00436336752180868,-0.0289042033869416,0.758041266666449,-0.0235380870493766,-9.71100181401207,-2.05850974727246e-14,-0.0429869122185295,1.24938539551573e-13,0,0,0,0,1,0.673086199299627,0.673086199299627,43.2230125623645,67.3967034024335,2.31488504940772
57.32,0.250716099384056,0.0476368663568106,1.01594089544188,0.000842994674511004,0.00299554685302949,0.0302360652885832,80.1021634149261,0.238052392366448,0.0779367431769385,0.00436279135426947,-0.0289487218107289,0.757987561401135,-0.023534402444246,-9.71163416788307,-2.05850974727246e-14,-0.0429869122185295,1.24938539551573e-13,0,0,0,0,1,0.673086199299627,0.673086199299627,43.2043567526631,67.4119021655364,2.31853138091191
57.33,0.250738845955447,0.047590905883953,1.01624159433344,0.000843913172045413,0.00300407167058049,0.0302378854311839,80.1049973246534,0.238060750649556,0.0779356874604416,0.0043622149962314,-0.0289931684221384,0.75793379535746,-0.0235307197778955,-9.7122673803126,-2.05850974727246e-14,-0.0429869122185295,1.24938539551573e-13,0,0,0,0,1,0.673086199299627,0.673086199299627,43.1856950527569,67.427100300692,2.32217230916268
57.34,0.250761589680265,0.0475450166969768,1.016542330351,0.000844831073358904,0.00301260658058839,0.0302397033029555,80.1078346599394,0.2380691190086,0.0779346311510519,0.00436163845095285,-0.0290375431220443,0.757879968676435,-0.0235270390687998,-9.71290144953019,-2.05850974727246e-14,-0.0429869122185295,1.24938539551573e-13,0,0,0,0,1,0.673086199299627,0.673086199299627,43.1670274551806,67.4422978000091,2.3258078258452
57.35,0.250784330570913,0.0474991988982712,1.01684310350263,0.000845748375915834,0.00302115155809342,0.0302415189082287,80.1106754125274,0.238077497419173,0.077933574251725,0.00436106172169146,-0.0290818458115763,0.757826081499198,-0.0235233603354263,-9.71353637376338,-2.05850974727246e-14,-0.0429869122185295,1.24938539551573e-13,0,0,0,0,1,0.673086199299627,0.673086199299627,43.1483539524728,67.4574946555823,2.32943792266091
57.36,0.250807068639807,0.0474534525899693,1.01714391379638,0.000846665077183201,0.00302970657811588,0.0302433322513413,80.1135195741535,0.238085885856848,0.0779325167654161,0.00436048481170414,-0.0291260763921198,0.757772133967017,-0.0235196835962364,-9.71417215123774,-2.05850974727246e-14,-0.0429869122185295,1.24938539551573e-13,0,0,0,0,1,0.673086199299627,0.673086199299627,43.1296745371759,67.4726908594915,2.33306259132754
57.37,0.250829803899375,0.0474077778739472,1.01744476124028,0.000847581174630655,0.00303827161565628,0.0302451433366373,80.1163671365469,0.238094284297173,0.0779314586950804,0.00435990772424704,-0.0291702347653164,0.757718126221287,-0.0235160088696841,-9.71480878017681,-2.05850974727246e-14,-0.0429869122185295,1.24938539551573e-13,0,0,0,0,1,0.673086199299627,0.673086199299627,43.1109892018361,67.4878864038021,2.33668182357912
57.38,0.250852536362054,0.0473621748518245,1.01774564584235,0.000848496665730501,0.00304684664569538,0.0302469521684677,80.1192180914294,0.23810269271568,0.0779304000436724,0.00435933046257554,-0.0292143208330637,0.75766405840353,-0.0235123361742168,-9.7154462588022,-2.05850974727246e-14,-0.0429869122185295,1.24938539551573e-13,0,0,0,0,1,0.673086199299627,0.673086199299627,43.0922979390034,67.5030812805649,2.34029561116603
57.39,0.250875266040296,0.0473166436249639,1.0180465676106,0.000849411547957715,0.00305543164319434,0.03024875875119,80.1220724305162,0.238111111087878,0.0779293408141465,0.00435875302994423,-0.0292583344975159,0.757609930655402,-0.0235086655282757,-9.71608458533353,-2.05850974727246e-14,-0.0429869122185295,1.24938539551573e-13,0,0,0,0,1,0.673086199299627,0.673086199299627,43.073600741232,67.5182754818162,2.34390394585499
57.4,0.250897992946562,0.0472711842944704,1.01834752655302,0.00085032581878995,0.00306402658309481,0.0302505630891682,80.1249301455151,0.238119539389254,0.0779282810094564,0.0043581754296069,-0.0293022756610835,0.757555743118681,-0.0235049969502943,-9.71672375798845,-2.05850974727246e-14,-0.0429869122185295,1.24938539551573e-13,0,0,0,0,1,0.673086199299627,0.673086199299627,43.0548976010797,67.5334689995779,2.34750681942907
57.41,0.250920717093326,0.0472257969611922,1.01864852267758,0.000851239475707544,0.00307263144031902,0.0302523651867731,80.1277912281272,0.238127977595278,0.0779272206325557,0.00435759766481654,-0.0293461442264341,0.757501495935273,-0.0235013304586988,-9.71736377498267,-2.05850974727246e-14,-0.0429869122185295,1.24938539551573e-13,0,0,0,0,1,0.673086199299627,0.673086199299627,43.0361885111084,67.5486618258574,2.35110422368778
57.42,0.250943438493072,0.0471804817257193,1.01894955599223,0.000852152516193533,0.00308124618976991,0.0302541650483819,80.1306556700465,0.238136425681397,0.0779261596863975,0.0043570197388253,-0.0293899400964919,0.75744718924721,-0.0234976660719094,-9.71800463452989,-2.05850974727246e-14,-0.0429869122185295,1.24938539551573e-13,0,0,0,0,1,0.673086199299627,0.673086199299627,43.017473463884,67.5638539526473,2.354696150447
57.43,0.250966157158298,0.0471352386883841,1.01925062650493,0.000853064937733656,0.00308987080633122,0.0302559626783782,80.13352346296,0.238144883623038,0.0779250981739343,0.00435644165488448,-0.0294336631744385,0.757392823196654,-0.0234940038083383,-9.71864633484189,-2.05850974727246e-14,-0.0429869122185295,1.24938539551573e-13,0,0,0,0,1,0.673086199299627,0.673086199299627,42.9987524519764,67.5790453719262,2.35828259153906
57.44,0.250988873101511,0.0470900679492611,1.01955173422359,0.000853976737816366,0.0030985052648676,0.0302577580811526,80.1363945985481,0.238153351395609,0.0779240360981184,0.00435586341624455,-0.0294773133637128,0.757338397925886,-0.0234903436863908,-9.71928887412853,-2.05850974727246e-14,-0.0429869122185295,1.24938539551573e-13,0,0,0,0,1,0.673086199299627,0.673086199299627,42.9800254679596,67.5942360756579,2.36186353881275
57.45,0.251011586335229,0.0470449696081664,1.01985287915614,0.00085488791393284,0.00310714954022469,0.0302595512611016,80.139269068484,0.238161828974496,0.0779229734619015,0.00435528502615508,-0.0295208905680112,0.757283913577321,-0.0234866857244644,-9.71993225059768,-2.05850974727246e-14,-0.0429869122185295,1.24938539551573e-13,0,0,0,0,1,0.673086199299627,0.673086199299627,42.9612925044115,67.609426055792,2.36543898413332
57.46,0.251034296871984,0.0469999437646575,1.02015406131047,0.000855798463576986,0.00311580360722926,0.0302613422226286,80.1421468644342,0.238170316335067,0.0779219102682349,0.00435470648786476,-0.0295643946912878,0.75722937029349,-0.0234830299409503,-9.72057646245528,-2.05850974727246e-14,-0.0429869122185295,1.24938539551573e-13,0,0,0,0,1,0.673086199299627,0.673086199299627,42.9425535539143,67.6246153042635,2.36900891938253
57.47,0.251057004724318,0.0469549905180334,1.02045528069447,0.000856708384245453,0.00312446744068928,0.0302631309701432,80.1450279780584,0.238178813452668,0.0779208465200693,0.00435412780462138,-0.0296078256377546,0.757174768217054,-0.0234793763542308,-9.72122150790534,-2.05850974727246e-14,-0.0429869122185295,1.24938539551573e-13,0,0,0,0,1,0.673086199299627,0.673086199299627,42.9238086090541,67.639803812993,2.37257333645863
57.48,0.251079709904783,0.0469101099673344,1.02075653731599,0.000857617673437641,0.00313314101539407,0.0302649175080616,80.1479124010096,0.238187320302626,0.077919782220355,0.00435354897967183,-0.0296511833118816,0.757120107490797,-0.0234757249826824,-9.72186738514996,-2.05850974727246e-14,-0.0429869122185295,1.24938539551573e-13,0,0,0,0,1,0.673086199299627,0.673086199299627,42.9050576624216,67.6549915738868,2.37613222727643
57.49,0.251102412425944,0.0468653022113414,1.0210578311829,0.000858526328655708,0.00314182430611435,0.0302667018408064,80.1508001249339,0.238195836860248,0.0779187173720419,0.00435297001626206,-0.0296944676183973,0.757065388257626,-0.0234720758446725,-9.72251409238929,-2.05850974727246e-14,-0.0429869122185295,1.24938539551573e-13,0,0,0,0,1,0.673086199299627,0.673086199299627,42.8863007066111,67.6701785788366,2.37968558376729
57.5,0.251125112300376,0.0468205673485763,1.02135916230303,0.000859434347404582,0.00315051728760235,0.0302684839728064,80.1536911414706,0.238204363100823,0.077917651978079,0.00435239091763706,-0.0297376784622883,0.757010610660572,-0.0234684289585617,-9.72316162782159,-2.05850974727246e-14,-0.0429869122185295,1.24938539551573e-13,0,0,0,0,1,0.673086199299627,0.673086199299627,42.8675377342216,67.6853648197199,2.38323339787913
57.51,0.251147809540667,0.0467759054773015,1.02166053068421,0.000860341727191965,0.00315921993459198,0.0302702639084969,80.1565854422525,0.238212898999616,0.0779165860414151,0.00435181168704089,-0.0297808157488001,0.756955774842788,-0.0234647843427028,-9.72380998964316,-2.05850974727246e-14,-0.0429869122185295,1.24938539551573e-13,0,0,0,0,1,0.673086199299627,0.673086199299627,42.8487687378561,67.7005502883999,2.38677566157648
57.52,0.251170504159414,0.0467313166955195,1.02196193633423,0.000861248465528348,0.00316793222179885,0.0302720416523195,80.1594830189057,0.238221444531878,0.0779155195649984,0.00435123232771662,-0.029823879383437,0.75690088094755,-0.0234611420154408,-9.72445917604842,-2.05850974727246e-14,-0.0429869122185295,1.24938539551573e-13,0,0,0,0,1,0.673086199299627,0.673086199299627,42.8299937101219,67.7157349767251,2.3903123668405
57.53,0.251193196169227,0.0466868011009734,1.02226337926089,0.000862154559927015,0.00317665412392041,0.0302738172087222,80.1623838630495,0.238229999672835,0.0779144525517764,0.00435065284290634,-0.0298668692719622,0.756845929118258,-0.0234575019951124,-9.7251091852299,-2.05850974727246e-14,-0.0429869122185295,1.24938539551573e-13,0,0,0,0,1,0.673086199299627,0.673086199299627,42.8112126436306,67.7309188765301,2.39384350566895
57.54,0.251215885582725,0.0466423587911459,1.02256485947197,0.000863060007904056,0.00318538561563606,0.0302755905821593,80.1652879662967,0.238238564397698,0.0779133850046961,0.00435007323585114,-0.0299097853203979,0.756790919498427,-0.0234538643000473,-9.72576001537821,-2.05850974727246e-14,-0.0429869122185295,1.24938539551573e-13,0,0,0,0,1,0.673086199299627,0.673086199299627,42.7924255309983,67.7461019796349,2.39736907007628
57.55,0.251238572412541,0.0465979898632597,1.02286637697522,0.000863964806978372,0.00319412667160727,0.0302773617770911,80.1681953202536,0.238247138681657,0.0779123169267039,0.00434949350979109,-0.029952627435026,0.756735852231702,-0.0234502289485667,-9.72641166468206,-2.05850974727246e-14,-0.0429869122185295,1.24938539551573e-13,0,0,0,0,1,0.673086199299627,0.673086199299627,42.7736323648451,67.7612842778451,2.40088905209359
57.56,0.251261256671316,0.0465536944142767,1.02316793177839,0.000864868954671685,0.00320287726647761,0.0302791307979845,80.1711059165197,0.238255722499881,0.0779112483207456,0.00434891366796523,-0.0299953955223877,0.756680727461843,-0.023446595958983,-9.7270641313283,-2.05850974727246e-14,-0.0429869122185295,1.24938539551573e-13,0,0,0,0,1,0.673086199299627,0.673086199299627,42.7548331377958,67.7764657629523,2.4044034437687
57.57,0.251283938371704,0.0465094725408987,1.02346952388922,0.00086577244850855,0.00321163737487294,0.0302808976493125,80.1740197466881,0.238264315827522,0.0779101791897663,0.00434833371361156,-0.0300380894892838,0.75662554533273,-0.0234429653496023,-9.72771741350184,-2.05850974727246e-14,-0.0429869122185295,1.24938539551573e-13,0,0,0,0,1,0.673086199299627,0.673086199299627,42.7360278424795,67.7916464267335,2.40791223716612
57.58,0.25130661752637,0.0464653243395662,1.02377115331541,0.000866675286016359,0.00322040697140148,0.0302826623355543,80.1769368023455,0.238272918639714,0.0779091095367105,0.00434775364996703,-0.0300807092427752,0.756570305988369,-0.0234393371387207,-9.72837150938579,-2.05850974727246e-14,-0.0429869122185295,1.24938539551573e-13,0,0,0,0,1,0.673086199299627,0.673086199299627,42.7172164715298,67.8068262609517,2.41141542436713
57.59,0.251329294147988,0.0464212499064591,1.02407282006466,0.000867577464725354,0.00322918603065389,0.0302844248611953,80.1798570750719,0.238281530911569,0.0779080393645222,0.00434717348026751,-0.0301232546901826,0.756515009572877,-0.0234357113446273,-9.7290264171613,-2.05850974727246e-14,-0.0429869122185295,1.24938539551573e-13,0,0,0,0,1,0.673086199299627,0.673086199299627,42.6983990175846,67.8220052573554,2.41491299746973
57.6,0.251351968249246,0.0463772493374959,1.02437452414466,0.000868478982168633,0.00323797452720341,0.0302861852307269,80.1827805564411,0.238290152618181,0.0779069686761444,0.00434659320774778,-0.0301657257390872,0.756459656230497,-0.0234320879856019,-9.72968213500772,-2.05850974727246e-14,-0.0429869122185295,1.24938539551573e-13,0,0,0,0,1,0.673086199299627,0.673086199299627,42.6795754732865,67.837183407679,2.41840494858872
57.61,0.251374639842839,0.0463333227283336,1.02467626556308,0.00086937983588216,0.00324677243560595,0.030287943448647,80.1857072380203,0.238298783734626,0.0779058974745198,0.00434601283564154,-0.0302081222973303,0.756404246105588,-0.023428467079917,-9.7303386611025,-2.05850974727246e-14,-0.0429869122185295,1.24938539551573e-13,0,0,0,0,1,0.673086199299627,0.673086199299627,42.6607458312825,67.8523607036425,2.42189126985569
57.62,0.251397308941477,0.046289470174368,1.02497804432756,0.000870280023404774,0.00325557973040018,0.0302896995194593,80.1886371113703,0.238307424235962,0.0779048257625901,0.00434543236718134,-0.0302504442730138,0.756348779342627,-0.023424848645836,-9.73099599362121,-2.05850974727246e-14,-0.0429869122185295,1.24938539551573e-13,0,0,0,0,1,0.673086199299627,0.673086199299627,42.6419100842242,67.8675371369518,2.42537195341904
57.63,0.251419975557878,0.0462456917707328,1.02527986044576,0.000871179542278196,0.00326439638610765,0.0302914534476738,80.1915701680456,0.238316074097226,0.0779037535432965,0.00434485180559864,-0.0302926915745005,0.756293256086209,-0.0234212327016136,-9.73165413073763,-2.05850974727246e-14,-0.0429869122185295,1.24938539551573e-13,0,0,0,0,1,0.673086199299627,0.673086199299627,42.6230682247679,67.8827126992987,2.42884699144401
57.64,0.251442639704772,0.0462019876123,1.02558171392528,0.000872078390047042,0.0032732223772329,0.0302932052378064,80.1945063995945,0.238324733293438,0.0779026808195793,0.00434427115412373,-0.0303348641104139,0.756237676481048,-0.0234176192654962,-9.73231307062362,-2.05850974727246e-14,-0.0429869122185295,1.24938539551573e-13,0,0,0,0,1,0.673086199299627,0.673086199299627,42.6042202455742,67.8978873823604,2.43231637611269
57.65,0.2514653013949,0.0461583577936793,1.02588360477374,0.000872976564258824,0.00328205767826355,0.0302949548943793,80.1974457975587,0.238333401799599,0.0779016075943782,0.00434369041598577,-0.0303769617896386,0.756182040671973,-0.0234140083557217,-9.73297281144925,-2.05850974727246e-14,-0.0429869122185295,1.24938539551573e-13,0,0,0,0,1,0.673086199299627,0.673086199299627,42.5853661393086,67.9130611778004,2.43578009962406
57.66,0.251487960641012,0.0461148024092183,1.02618553299872,0.000873874062463969,0.00329090226367039,0.0302967024219204,80.2003883534738,0.238342079590691,0.0779005338706322,0.00434310959441273,-0.0304189845213204,0.75612634880393,-0.023410399990519,-9.73363335138272,-2.05850974727246e-14,-0.0429869122185295,1.24938539551573e-13,0,0,0,0,1,0.673086199299627,0.673086199299627,42.5665058986412,67.9282340772678,2.43923815419398
57.67,0.251510617455871,0.046071321553002,1.02648749860781,0.000874770882215818,0.00329975610790752,0.0302984478249639,80.2033340588693,0.23835076664168,0.0778994596512794,0.00434252869263139,-0.0304609322148666,0.756070601021982,-0.0234067941881083,-9.73429468859039,-2.05850974727246e-14,-0.0429869122185295,1.24938539551573e-13,0,0,0,0,1,0.673086199299627,0.673086199299627,42.5476395162468,67.9434060723975,2.44269053205522
57.68,0.25153327185225,0.0460279153188527,1.02678950160856,0.00087566702107064,0.00330861918541243,0.0303001911080498,80.2062829052681,0.238359462927511,0.0778983849392571,0.00434194771386737,-0.0305028047799459,0.756014797471307,-0.023403190966701,-9.73495682123682,-2.05850974727246e-14,-0.0429869122185295,1.24938539551573e-13,0,0,0,0,1,0.673086199299627,0.673086199299627,42.5287669848049,67.9585771548102,2.44613722545751
57.69,0.251555923842931,0.04598458380033,1.02709154200851,0.00087656247658764,0.0033174914706061,0.0303019322757243,80.2092348841871,0.238368168423112,0.077897309737502,0.00434136666134503,-0.0305446021264888,0.7559589382972,-0.0233995903444997,-9.73561974748472,-2.05850974727246e-14,-0.0429869122185295,1.24938539551573e-13,0,0,0,0,1,0.673086199299627,0.673086199299627,42.5098882969997,67.9737473161127,2.44957822666749
57.7,0.251578573440709,0.0459413270907305,1.02739361981521,0.000877457246328967,0.00332637293789313,0.0303036713325393,80.2121899871372,0.238376883103393,0.0778962340489498,0.00434078553828754,-0.0305863241646875,0.755903023645068,-0.0233959923396975,-9.73628346549498,-2.05850974727246e-14,-0.0429869122185295,1.24938539551573e-13,0,0,0,0,1,0.673086199299627,0.673086199299627,42.4910034455203,67.9889165478976,2.4530135279688
57.71,0.251601220658388,0.0458981452830873,1.02769573503616,0.000878351327859722,0.00333526356166179,0.0303054082830527,80.2151482056229,0.238385606943246,0.0778951578765356,0.00434020434791681,-0.0306279708049965,0.755847053660436,-0.0233923969704789,-9.7369479734267,-2.05850974727246e-14,-0.0429869122185295,1.24938539551573e-13,0,0,0,0,1,0.673086199299627,0.673086199299627,42.4721124230606,68.0040848417431,2.45644312166208
57.72,0.251623865508783,0.0458550384701706,1.02799788767885,0.000879244718747968,0.0033441633162842,0.0303071431318284,80.2181095311428,0.238394339917545,0.0778940812231934,0.00433962309345352,-0.0306695419581323,0.75579102848894,-0.0233888042550192,-9.73761326943714,-2.05850974727246e-14,-0.0429869122185295,1.24938539551573e-13,0,0,0,0,1,0.673086199299627,0.673086199299627,42.4532152223191,68.0192521892138,2.45986700006496
57.73,0.25164650800472,0.0458120067444867,1.02830007775078,0.000880137416564737,0.00335307217611636,0.0303088758834361,80.2210739551892,0.238403082001146,0.0778930040918566,0.00433904177811704,-0.0307110375350739,0.755734948276331,-0.0233852142114843,-9.73827935168176,-2.05850974727246e-14,-0.0429869122185295,1.24938539551573e-13,0,0,0,0,1,0.673086199299627,0.673086199299627,42.4343118359995,68.0344185818599,2.46328515551212
57.74,0.251669148159035,0.0457690501982783,1.02860230525941,0.00088102941888404,0.00336199011549829,0.0303106065424512,80.2240414692485,0.238411833168888,0.0778919264854576,0.00433846040512552,-0.0307524574470625,0.755678813168475,-0.0233816268580311,-9.73894621831426,-2.05850974727246e-14,-0.0429869122185295,1.24938539551573e-13,0,0,0,0,1,0.673086199299627,0.673086199299627,42.4154022568102,68.0495840112175,2.46669758035527
57.75,0.251691785984575,0.0457261689235242,1.0289045702122,0.000881920723282874,0.00337091710875414,0.0303123351134553,80.227012064801,0.23842059339559,0.0778908484069281,0.00433787897769575,-0.0307938016056023,0.755622623311347,-0.0233780422128075,-9.73961386748649,-2.05850974727246e-14,-0.0429869122185295,1.24938539551573e-13,0,0,0,0,1,0.673086199299627,0.673086199299627,42.3964864774645,68.0647484688089,2.4701042669632
57.76,0.251714421494197,0.0456833630119392,1.02920687261657,0.000882811327341232,0.00337985313019228,0.0303140616010355,80.2299857333211,0.238429362656057,0.0778897698591986,0.00433729749904326,-0.0308350699224602,0.755566378851038,-0.0233744602939507,-9.74028229734853,-2.05850974727246e-14,-0.0429869122185295,1.24938539551573e-13,0,0,0,0,1,0.673086199299627,0.673086199299627,42.3775644906807,68.0799119461422,2.47350520772179
57.77,0.251737054700768,0.0456406325549739,1.02950921247995,0.000883701228642111,0.00338879815410539,0.0303157860097848,80.2329624662772,0.238438140925074,0.077888690845199,0.00433671597238225,-0.0308762623096659,0.755510079933749,-0.0233708811195902,-9.7409515060487,-2.05850974727246e-14,-0.0429869122185295,1.24938539551573e-13,0,0,0,0,1,0.673086199299627,0.673086199299627,42.3586362891822,68.0950744347115,2.47690039503403
57.78,0.251759685617167,0.0455979776438143,1.02981158980975,0.00088459042477152,0.0033977521547706,0.030317508344302,80.2359422551317,0.238446928177409,0.0778876113678582,0.00433613440092556,-0.0309173786795125,0.755453726705793,-0.0233673047078442,-9.74162149173351,-2.05850974727246e-14,-0.0429869122185295,1.24938539551573e-13,0,0,0,0,1,0.673086199299627,0.673086199299627,42.3397018656971,68.110235925997,2.48028982132002
57.79,0.25178231425628,0.045555398369382,1.03011400461336,0.000885478913318489,0.00340671510644955,0.0303192286091917,80.2389250913411,0.238455724387812,0.0778865314301042,0.0043355527878847,-0.0309584189445562,0.755397319313594,-0.023363731076823,-9.74229225254772,-2.05850974727246e-14,-0.0429869122185295,1.24938539551573e-13,0,0,0,0,1,0.673086199299627,0.673086199299627,42.3207612129588,68.1253964114646,2.48367347901703
57.8,0.251804940631008,0.0455128948223339,1.03041645689814,0.000886366691875077,0.00341568698338853,0.0303209468090639,80.2419109663561,0.238464529531019,0.077885451034864,0.00433497113646982,-0.0309993830176166,0.755340857903689,-0.0233601602446262,-9.74296378663429,-2.05850974727246e-14,-0.0429869122185295,1.24938539551573e-13,0,0,0,0,1,0.673086199299627,0.673086199299627,42.3018143237057,68.1405558825666,2.48705136057948
57.81,0.251827564754258,0.0454704670930619,1.03071894667147,0.00088725375803638,0.00342466775981856,0.0303226629485347,80.2448998716214,0.238473343581744,0.0778843701850636,0.00433438944988967,-0.031040270811777,0.755284342622721,-0.0233565922293434,-9.74363609213444,-2.05850974727246e-14,-0.0429869122185295,1.24938539551573e-13,0,0,0,0,1,0.673086199299627,0.673086199299627,42.2828611906811,68.1557143307412,2.49042345847897
57.82,0.25185018663895,0.045428115271693,1.03102147394067,0.00088814010940054,0.00343365740995552,0.0303243770322258,80.247891798576,0.238482166514688,0.0778832888836283,0.00433380773135165,-0.0310810822403845,0.755227773617447,-0.0233530270490555,-9.74430916718762,-2.05850974727246e-14,-0.0429869122185295,1.24938539551573e-13,0,0,0,0,1,0.673086199299627,0.673086199299627,42.2639018066337,68.1708717474124,2.49378976520432
57.83,0.251872806298013,0.0453858394480886,1.03132403871309,0.000889025743568755,0.0034426559080002,0.0303260890647643,80.2508867386531,0.238490998304533,0.0778822071334822,0.00433322598406172,-0.0311218172170497,0.755171151034731,-0.0233494647218326,-9.74498300993155,-2.05850974727246e-14,-0.0429869122185295,1.24938539551573e-13,0,0,0,0,1,0.673086199299627,0.673086199299627,42.2449361643172,68.1860281239907,2.49715027326156
57.84,0.251895423744387,0.0453436397118451,1.03162664099603,0.000889910658145285,0.00345166322813846,0.0303277990507832,80.2538846832801,0.238499838925945,0.0778811249375485,0.00433264421122443,-0.0311624756556477,0.755114475021546,-0.0233459052657352,-9.74565761850216,-2.05850974727246e-14,-0.0429869122185295,1.24938539551573e-13,0,0,0,0,1,0.673086199299627,0.673086199299627,42.2259642564904,68.2011834518723,2.50050497517397
57.85,0.251918038991021,0.0453015161522932,1.03192928079679,0.000890794850737458,0.00346067934454132,0.0303295069949211,80.2568856238785,0.238508688353572,0.0778800422987492,0.0043320624160429,-0.0312030574703173,0.755057745724975,-0.023342348698814,-9.74633299103367,-2.05850974727246e-14,-0.0429869122185295,1.24938539551573e-13,0,0,0,0,1,0.673086199299627,0.673086199299627,42.2069860759174,68.2163377224398,2.50385386348206
57.86,0.251940652050876,0.0452594688584979,1.03223195812265,0.000891678318955686,0.00346970423136504,0.030331212901822,80.2598895518644,0.238517546562046,0.0778789592200056,0.00433148060171883,-0.031243562575462,0.75500096329221,-0.0233387950391094,-9.74700912565855,-2.05850974727246e-14,-0.0429869122185295,1.24938539551573e-13,0,0,0,0,1,0.673086199299627,0.673086199299627,42.1880016153676,68.2314909270616,2.50719693074367
57.87,0.25196326293692,0.0452174979192583,1.03253467298088,0.000892561060413465,0.00347873786275123,0.0303329167761357,80.2628964586481,0.238526413525982,0.0778778757042378,0.00433089877145242,-0.0312839908857494,0.754944127870546,-0.0233352443046515,-9.74768602050752,-2.05850974727246e-14,-0.0429869122185295,1.24938539551573e-13,0,0,0,0,1,0.673086199299627,0.673086199299627,42.1690108676154,68.2466430570925,2.51053416953389
57.88,0.251985871662135,0.0451756034231074,1.03283742537872,0.000893443072727389,0.00348778021282698,0.0303346186225174,80.265906335634,0.23853528921998,0.0778767917543649,0.00433031692844243,-0.0313243423161122,0.754887239607394,-0.0233316965134607,-9.74836367370961,-2.05850974727246e-14,-0.0429869122185295,1.24938539551573e-13,0,0,0,0,1,0.673086199299627,0.673086199299627,42.1500138254408,68.2617941038733,2.51386557244515
57.89,0.25200847823951,0.0451337854583122,1.03314021532341,0.000894324353517155,0.00349683125570493,0.0303363184456278,80.2689191742212,0.238544173618621,0.0778757073733049,0.00432973507588612,-0.0313646167817473,0.754830298650262,-0.0233281516835465,-9.7490420833921,-2.05850974727246e-14,-0.0429869122185295,1.24938539551573e-13,0,0,0,0,1,0.673086199299627,0.673086199299627,42.1310104816287,68.276944058731,2.51719113208721
57.9,0.252031082682045,0.0450920441128733,1.03344304282217,0.000895204900405573,0.00350589096548339,0.0303380162501334,80.271934965803,0.238553066696471,0.0778746225639748,0.00432915321697927,-0.0314048141981167,0.754773305146772,-0.0233246098329084,-9.74972124768055,-2.05850974727246e-14,-0.0429869122185295,1.24938539551573e-13,0,0,0,0,1,0.673086199299627,0.673086199299627,42.1120008289699,68.2920929129786,2.52051084108719
57.91,0.252053685002751,0.0450503794745246,1.03374590788221,0.000896084711018572,0.00351495931624644,0.0303397120407057,80.2749537017672,0.23856196842808,0.0778735373292904,0.00432857135491611,-0.0314449344809476,0.754716259244649,-0.0233210709795359,-9.75040116469882,-2.05850974727246e-14,-0.0429869122185295,1.24938539551573e-13,0,0,0,0,1,0.673086199299627,0.673086199299627,42.09298486026,68.3072406579156,2.52382469208958
57.92,0.252076285214646,0.0450087916307336,1.0340488105107,0.000896963782985212,0.00352403628206402,0.030341405822022,80.2779753734962,0.238570878787981,0.0778724516721667,0.00432798949288939,-0.031484977546232,0.754659161091725,-0.0233175351414073,-9.75108183256907,-2.05850974727246e-14,-0.0429869122185295,1.24938539551573e-13,0,0,0,0,1,0.673086199299627,0.673086199299627,42.0739625683003,68.3223872848274,2.52713267775624
57.93,0.252098883330762,0.0449672806687009,1.03435175071482,0.000897842113937688,0.00353312183699208,0.030343097598765,80.2809999723665,0.238579797750691,0.0778713655955172,0.0043274076340903,-0.0315249433102274,0.754602010835932,-0.0233140023364907,-9.75176324941171,-2.05850974727246e-14,-0.0429869122185295,1.24938539551573e-13,0,0,0,0,1,0.673086199299627,0.673086199299627,42.0549339458975,68.3375327849857,2.53043479076648
57.94,0.252121479364138,0.04492584667536,1.03465472850173,0.000898719701511341,0.00354221595507259,0.0303447873756227,80.2840274897496,0.238588725290711,0.0778702791022546,0.00432682578170847,-0.0315648316894569,0.754544808625316,-0.0233104725827441,-9.75244541334551,-2.05850974727246e-14,-0.0429869122185295,1.24938539551573e-13,0,0,0,0,1,0.673086199299627,0.673086199299627,42.0358989858637,68.3526771496485,2.53373102381699
57.95,0.252144073327824,0.0448844897373775,1.03495774387856,0.000899596543344665,0.00355131861033377,0.0303464751572886,80.2870579170111,0.238597661382527,0.0778691921952903,0.00432624393893198,-0.0316046426007088,0.754487554608019,-0.0233069458981139,-9.75312832248752,-2.05850974727246e-14,-0.0429869122185295,1.24938539551573e-13,0,0,0,0,1,0.673086199299627,0.673086199299627,42.0168576810164,68.36782037006,2.53702136962195
57.96,0.252166665234879,0.0448432099411527,1.03526079685245,0.000900472637079315,0.00356042977679006,0.0303481609484615,80.2900912455115,0.238606606000607,0.0778681048775346,0.00432566210894733,-0.0316443759610373,0.754430248932294,-0.0233034223005365,-9.75381197495311,-2.05850974727246e-14,-0.0429869122185295,1.24938539551573e-13,0,0,0,0,1,0.673086199299627,0.673086199299627,41.9978100241788,68.3829624374507,2.54030582091298
57.97,0.252189255098373,0.0448020073728173,1.0355638874305,0.000901347980360115,0.00356954942844233,0.0303498447538457,80.2931274666057,0.238615559119404,0.0778670171518968,0.00432508029493942,-0.0316840316877625,0.754372891746491,-0.0232999018079368,-9.75449636885596,-2.05850974727246e-14,-0.0429869122185295,1.24938539551573e-13,0,0,0,0,1,0.673086199299627,0.673086199299627,41.9787560081794,68.3981033430371,2.54358437043918
57.98,0.252211842931384,0.0447608821182357,1.0358670156198,0.000902222570835068,0.00357867753927791,0.0303515265781506,80.2961665716433,0.238624520713357,0.0778659290212846,0.00432449850009155,-0.0317236096984704,0.754315483199067,-0.0232963844382295,-9.75518150230808,-2.05850974727246e-14,-0.0429869122185295,1.24938539551573e-13,0,0,0,0,1,0.673086199299627,0.673086199299627,41.9596956258525,68.4132430780225,2.54685701096718
57.99,0.252234428747002,0.0447198342630044,1.03617018142744,0.00090309640615536,0.00358781408327075,0.030353206426091,80.2992085519686,0.238633490756888,0.0778648404886051,0.00432391672758541,-0.031763109911013,0.75425802343858,-0.0232928702093184,-9.75586737341981,-2.05850974727246e-14,-0.0429869122185295,1.24938539551573e-13,0,0,0,0,1,0.673086199299627,0.673086199299627,41.9406288700378,68.428381633596,2.5501237352811
58,0.252257012558324,0.0446788638924522,1.03647338486047,0.000903969483975372,0.00359695903438147,0.030354884302387,80.3022533989205,0.238642469224402,0.0778637515567637,0.00432333498060105,-0.0318025322435087,0.754200512613694,-0.0232893591390959,-9.75655398029983,-2.05850974727246e-14,-0.0429869122185295,1.24938539551573e-13,0,0,0,0,1,0.673086199299627,0.673086199299627,41.9215557335807,68.4435190009333,2.55338453618261
58.01,0.25227959437846,0.0446379710916397,1.03677662592594,0.000904841801952687,0.0036061123665575,0.030356560211764,80.3053011038326,0.238651456090291,0.0778626622286649,0.00432275326231687,-0.0318418766143421,0.754142950873169,-0.023285851245443,-9.75724132105514,-2.05850974727246e-14,-0.0429869122185295,1.24938539551573e-13,0,0,0,0,1,0.673086199299627,0.673086199299627,41.9024762093321,68.4586551711962,2.55663940649093
58.02,0.252302174220527,0.0445971559453596,1.03707990463089,0.000905713357748097,0.00361527405373316,0.0303582341589526,80.3083516580334,0.23866045132893,0.0778615725072119,0.00432217157590962,-0.0318811429421645,0.754085338365869,-0.0232823465462308,-9.75792939379108,-2.05850974727246e-14,-0.0429869122185295,1.24938539551573e-13,0,0,0,0,1,0.673086199299627,0.673086199299627,41.8833902901489,68.4737901355332,2.55988833904287
58.03,0.252324752097652,0.0445564185381361,1.03738322098232,0.00090658414902561,0.00362444406982979,0.0303599061486885,80.311405052846,0.23866945491468,0.0778604823953066,0.00432158992455439,-0.0319203311458936,0.754027675240763,-0.0232788450593183,-9.75861819661139,-2.05850974727246e-14,-0.0429869122185295,1.24938539551573e-13,0,0,0,0,1,0.673086199299627,0.673086199299627,41.8642979688933,68.488923885079,2.56313132669281
58.04,0.252347328022972,0.0445157589542252,1.03768657498723,0.000907454173452461,0.00363362238875581,0.0303615761857129,80.3144612795883,0.238678466821885,0.0778593918958498,0.00432100831142457,-0.0319594411447139,0.753969961646914,-0.023275346802553,-9.7593077276181,-2.05850974727246e-14,-0.0429869122185295,1.24938539551573e-13,0,0,0,0,1,0.673086199299627,0.673086199299627,41.8451992384335,68.5040564109544,2.56636836231277
58.05,0.252369902009635,0.044475177277614,1.03798996665262,0.000908323428699117,0.00364280898440686,0.0303632442747718,80.3175203295732,0.238687487024875,0.0778583010117409,0.00432042673969186,-0.031998472858077,0.753912197733488,-0.0232718517937719,-9.75999798491163,-2.05850974727246e-14,-0.0429869122185295,1.24938539551573e-13,0,0,0,0,1,0.673086199299627,0.673086199299627,41.8260940916432,68.519187704267,2.56959943879237
58.06,0.252392474070796,0.0444346735920213,1.03829339598544,0.000909191912439288,0.00365200383066589,0.0303649104206166,80.3205821941082,0.238696515497966,0.0778572097458781,0.00431984521252626,-0.032037426205701,0.753854383649751,-0.0232683600508,-9.76068896659077,-2.05850974727246e-14,-0.0429869122185295,1.24938539551573e-13,0,0,0,0,1,0.673086199299627,0.673086199299627,41.8069825214023,68.5343177561105,2.5728245490389
58.07,0.25241504421962,0.0443942479808967,1.03859686299266,0.000910059622349932,0.00366120690140326,0.0303665746280037,80.323646864496,0.238705552215457,0.0778561181011584,0.00431926373309603,-0.0320763011075717,0.75379651954507,-0.0232648715914511,-9.76138067075268,-2.05850974727246e-14,-0.0429869122185295,1.24938539551573e-13,0,0,0,0,1,0.673086199299627,0.673086199299627,41.7878645205961,68.5494465575653,2.57604368597729
58.08,0.252437612469283,0.0443539005274211,1.0389003676812,0.000910926556111263,0.00367041817047685,0.0303682369016947,80.3267143320339,0.238714597151632,0.0778550260804773,0.0043186823045677,-0.0321150974839417,0.753738605568907,-0.0232613864335275,-9.7620730954929,-2.05850974727246e-14,-0.0429869122185295,1.24938539551573e-13,0,0,0,0,1,0.673086199299627,0.673086199299627,41.7687400821158,68.5645740996981,2.57925684255017
58.09,0.25246017883297,0.0443136313145061,1.03920391005798,0.000911792711406762,0.00367963761173214,0.0303698972464563,80.3297845880143,0.238723650280763,0.0778539336867292,0.00431810093010606,-0.0321538152553311,0.753680641870825,-0.0232579045948201,-9.76276623890532,-2.05850974727246e-14,-0.0429869122185295,1.24938539551573e-13,0,0,0,0,1,0.673086199299627,0.673086199299627,41.7496091988587,68.579700373562,2.58246401171788
58.1,0.252482743323873,0.044273440424794,1.03950749012992,0.00091265808592318,0.00368886519900234,0.0303715556670601,80.3328576237246,0.238732711577104,0.077852840922807,0.00431751961287414,-0.0321924543425276,0.753622628600483,-0.0232544260931074,-9.76346009908223,-2.05850974727246e-14,-0.0429869122185295,1.24938539551573e-13,0,0,0,0,1,0.673086199299627,0.673086199299627,41.7304718637277,68.5948253701967,2.58566518645846
58.11,0.252505305955197,0.044233327940658,1.0398111079039,0.00091352267735055,0.0036981009061085,0.0303732121682829,80.3359334304471,0.238741781014896,0.0778517477916024,0.00431693835603318,-0.0322310146665863,0.753564565907639,-0.0232509509461564,-9.76415467411432,-2.05850974727246e-14,-0.0429869122185295,1.24938539551573e-13,0,0,0,0,1,0.673086199299627,0.673086199299627,41.7113280696319,68.6099490806282,2.58886035976769
58.12,0.252527866740153,0.0441932939442014,1.04011476338679,0.000914386483382193,0.00370734470685954,0.0303748667549065,80.3390119994592,0.238750858568366,0.0778506542960058,0.00431635716274265,-0.0322694961488301,0.753506453942151,-0.0232474791717239,-9.76484996209071,-2.05850974727246e-14,-0.0429869122185295,1.24938539551573e-13,0,0,0,0,1,0.673086199299627,0.673086199299627,41.692177809486,68.6250714958693,2.59204952465911
58.13,0.252550425691964,0.0441533385172582,1.04041845658546,0.000915249501714725,0.00371659657505247,0.0303765194317175,80.3420933220333,0.238759944211725,0.0778495604389061,0.00431577603616021,-0.0323078987108499,0.753448292853967,-0.0232440107875522,-9.76554596109884,-2.05850974727246e-14,-0.0429869122185295,1.24938539551573e-13,0,0,0,0,1,0.673086199299627,0.673086199299627,41.673021076211,68.6401926069189,2.59523267416402
58.14,0.252572982823861,0.0441134617413923,1.04072218750674,0.000916111730048068,0.00372585648447237,0.0303781702035077,80.3451773894369,0.238769037919171,0.0778484662231909,0.00431519497944171,-0.0323462222745042,0.753390082793137,-0.0232405458113735,-9.76624266922463,-2.05850974727246e-14,-0.0429869122185295,1.24938539551573e-13,0,0,0,0,1,0.673086199299627,0.673086199299627,41.6538578627337,68.655312404763,2.59840980133153
58.15,0.252595538149085,0.0440736636978979,1.04102595615746,0.000916973166085453,0.00373512440889259,0.0303798190750739,80.3482641929326,0.238778139664886,0.0778473716517465,0.00431461399574117,-0.0323844667619199,0.753331823909805,-0.0232370842609078,-9.76694008455238,-2.05850974727246e-14,-0.0429869122185295,1.24938539551573e-13,0,0,0,0,1,0.673086199299627,0.673086199299627,41.634688161987,68.6704308803736,2.60158089922855
58.16,0.252618091680884,0.0440339444677991,1.04132976254443,0.000917833807533429,0.00374440032207479,0.0303814660512175,80.3513537237782,0.23878724942304,0.0778462767274576,0.00431403308821079,-0.0324226320954919,0.75327351635421,-0.0232336261538629,-9.76763820516481,-2.05850974727246e-14,-0.0429869122185295,1.24938539551573e-13,0,0,0,0,1,0.673086199299627,0.673086199299627,41.6155119669098,68.6855480247095,2.60474596093979
58.17,0.252640643432517,0.0439943041318498,1.04163360667444,0.000918693652101876,0.00375368419776906,0.0303831111367451,80.3544459732266,0.238796367167788,0.0778451814532078,0.0043134522600009,-0.0324607181978835,0.753215160276684,-0.0232301715079338,-9.76833702914307,-2.05850974727246e-14,-0.0429869122185295,1.24938539551573e-13,0,0,0,0,1,0.673086199299627,0.673086199299627,41.5963292704473,68.7006638287161,2.60790497956784
58.18,0.252663193417253,0.0439547427705336,1.04193748855428,0.000919552697504004,0.00376297600971405,0.0303847543364681,80.3575409325259,0.238805492873269,0.0778440858318789,0.00431287151425998,-0.0324987249920263,0.75315675582766,-0.0232267203408042,-9.76903655456674,-2.05850974727246e-14,-0.0429869122185295,1.24938539551573e-13,0,0,0,0,1,0.673086199299627,0.673086199299627,41.5771400655504,68.7157782833255,2.61105794823312
58.19,0.252685741648369,0.0439152604640637,1.04224140819071,0.000920410941456368,0.00377227573163703,0.0303863956552027,80.3606385929196,0.238814626513611,0.0778429898663517,0.00431229085413462,-0.0325366524011204,0.753098303157657,-0.0232232726701459,-9.76973677951382,-2.05850974727246e-14,-0.0429869122185295,1.24938539551573e-13,0,0,0,0,1,0.673086199299627,0.673086199299627,41.5579443451765,68.7308913794563,2.61420486007395
58.2,0.252708288139149,0.0438758572923828,1.04254536559047,0.000921268381678871,0.00378158333725399,0.0303880350977701,80.3637389456461,0.238823768062927,0.0778418935595053,0.00431171028276953,-0.0325745003486348,0.753039802417295,-0.0232198285136172,-9.77043770206076,-2.05850974727246e-14,-0.0429869122185295,1.24938539551573e-13,0,0,0,0,1,0.673086199299627,0.673086199299627,41.538742102289,68.7460031080135,2.61734570824653
58.21,0.252730832902891,0.0438365333351628,1.0428493607603,0.000922125015894773,0.00379089880026979,0.0303896726689961,80.3668419819394,0.238832917495315,0.0778407969142173,0.00431112980330752,-0.0326122687583069,0.752981253757281,-0.0232163878888645,-9.77113932028247,-2.05850974727246e-14,-0.0429869122185295,1.24938539551573e-13,0,0,0,0,1,0.673086199299627,0.673086199299627,41.5195333298575,68.7611134598892,2.62048048592497
58.22,0.252753375952898,0.0437972886718048,1.0431533937069,0.0009229808418307,0.00380022209437822,0.0303913083737115,80.3699476930287,0.238842074784862,0.0778396999333639,0.00431054941888949,-0.032649957554143,0.752922657328421,-0.0232129508135222,-9.77184163225226,-2.05850974727246e-14,-0.0429869122185295,1.24938539551573e-13,0,0,0,0,1,0.673086199299627,0.673086199299627,41.5003180208579,68.7762224259619,2.62360918630133
58.23,0.252775917302482,0.0437581233814392,1.04345746443699,0.00092383585721665,0.00380955319326212,0.0303929422167517,80.3730560701385,0.238851239905638,0.0778386026198201,0.00430996913265439,-0.0326875666604186,0.752864013281607,-0.0232095173052119,-9.77254463604195,-2.05850974727246e-14,-0.0429869122185295,1.24938539551573e-13,0,0,0,0,1,0.673086199299627,0.673086199299627,41.4810961682722,68.7913299970967,2.62673180258559
58.24,0.252798456964967,0.0437190375429251,1.04376157295725,0.000924690059786001,0.00381889207059346,0.030394574202957,80.3761671044887,0.238860412831703,0.0778375049764589,0.00430938894773927,-0.0327250960016781,0.752805321767829,-0.0232060873815426,-9.7732483297218,-2.05850974727246e-14,-0.0429869122185295,1.24938539551573e-13,0,0,0,0,1,0.673086199299627,0.673086199299627,41.4618677650888,68.8064361641458,2.62984832800571
58.25,0.252820994953682,0.0436800312348507,1.04406571927434,0.000925543447275516,0.00382823870003348,0.0303962043371722,80.3792807872946,0.2388695935371,0.0778364070061522,0.00430880886727919,-0.032762545502735,0.752746582938163,-0.0232026610601111,-9.77395271136052,-2.05850974727246e-14,-0.0429869122185295,1.24938539551573e-13,0,0,0,0,1,0.673086199299627,0.673086199299627,41.4426328043024,68.8215409179475,2.63295875580763
58.26,0.252843531281969,0.0436411045355325,1.04436990339491,0.000926396017425357,0.00383759305523274,0.0303978326242472,80.382397109767,0.238878781995861,0.0778353087117703,0.00430822889440726,-0.032799915088672,0.752687796943781,-0.0231992383585002,-9.7746577790253,-2.05850974727246e-14,-0.0429869122185295,1.24938539551573e-13,0,0,0,0,1,0.673086199299627,0.673086199299627,41.4233912789139,68.8366442493274,2.63606307925529
58.27,0.252866065963176,0.0436022575230161,1.04467412532561,0.000927247767979085,0.00384695510983127,0.0303994590690361,80.3855160631119,0.238887978182004,0.0778342100961819,0.00430764903225464,-0.0328372046848416,0.752628963935943,-0.023195819294282,-9.77536353078183,-2.05850974727246e-14,-0.0429869122185295,1.24938539551573e-13,0,0,0,0,1,0.673086199299627,0.673086199299627,41.4041431819306,68.8517461490976,2.63916129163063
58.28,0.25288859901066,0.0435634902750753,1.04497838507305,0.000928098696683671,0.00385632483745865,0.0304010836763981,80.3886376385312,0.238897182069534,0.0778331111622541,0.00430706928395045,-0.0328744142168652,0.752570084065998,-0.0231924038850138,-9.77606996469424,-2.05850974727246e-14,-0.0429869122185295,1.24938539551573e-13,0,0,0,0,1,0.673086199299627,0.673086199299627,41.3848885063664,68.8668466080569,2.64225338623365
58.29,0.252911130437788,0.0435248028692124,1.04528268264384,0.000928948801289505,0.0038657022117341,0.0304027064511968,80.3917618272219,0.238906393632444,0.0778320119128526,0.00430648965262186,-0.0329115436106342,0.752511157485388,-0.0231889921482412,-9.77677707882518,-2.05850974727246e-14,-0.0429869122185295,1.24938539551573e-13,0,0,0,0,1,0.673086199299627,0.673086199299627,41.3656272452412,68.881945616991,2.64533935638236
58.3,0.252933660257935,0.0434861953826577,1.04558701804457,0.0009297980795504,0.0038750872062666,0.0304043273983004,80.3948886203768,0.238915612844711,0.0778309123508416,0.00430591014139399,-0.0329485927923094,0.752452184345643,-0.0231855841014967,-9.77748487123578,-2.05850974727246e-14,-0.0429869122185295,1.24938539551573e-13,0,0,0,0,1,0.673086199299627,0.673086199299627,41.3463593915817,68.8970431666724,2.64841919541288
58.31,0.252956188484485,0.04344766789237,1.04589139128181,0.000930646529223602,0.003884479794655,0.0304059465225818,80.3980180091841,0.238924839680301,0.0778298124790836,0.00430533075338996,-0.0329855616883217,0.752393164798383,-0.0231821797622993,-9.77819333998568,-2.05850974727246e-14,-0.0429869122185295,1.24938539551573e-13,0,0,0,0,1,0.673086199299627,0.673086199299627,41.3270849384209,68.9121392478604,2.65149289667939
58.32,0.252978715130831,0.043409220475036,1.04619580236211,0.000931494148069795,0.00389387995048809,0.0304075638289185,80.4011499848278,0.238934074113167,0.0778287123004394,0.00430475149173082,-0.0330224502253715,0.752334098995315,-0.0231787791481558,-9.778902483133,-2.05850974727246e-14,-0.0429869122185295,1.24938539551573e-13,0,0,0,0,1,0.673086199299627,0.673086199299627,41.3078038787983,68.927233851301,2.65456045355417
58.33,0.253001240210373,0.0433708532070702,1.04650025129203,0.00093234093385311,0.0039032876473447,0.0304091793221923,80.4042845384872,0.238943316117251,0.0778276118177686,0.0043041723595356,-0.0330592583304294,0.752274987088233,-0.0231753822765586,-9.77961229873438,-2.05850974727246e-14,-0.0429869122185295,1.24938539551573e-13,0,0,0,0,1,0.673086199299627,0.673086199299627,41.2885162057599,68.9423269677273,2.65762185942762
58.34,0.253023763736523,0.043332566164615,1.04680473807808,0.000933186884341132,0.00391270285879386,0.03041079300729,80.4074216613377,0.238952565666478,0.0778265110339287,0.00430359335992126,-0.033095985930736,0.752215829229021,-0.0231719891649878,-9.78032278484497,-2.05850974727246e-14,-0.0429869122185295,1.24938539551573e-13,0,0,0,0,1,0.673086199299627,0.673086199299627,41.2692219123582,68.957418587859,2.66067710770828
58.35,0.253046285722698,0.0432943594235406,1.04710926272678,0.000934031997304909,0.00392212555839483,0.0304124048891024,80.41056134455,0.238961822734763,0.0778254099517759,0.00430301449600267,-0.0331326329538021,0.752156625569649,-0.0231685998309105,-9.78103393951846,-2.05850974727246e-14,-0.0429869122185295,1.24938539551573e-13,0,0,0,0,1,0.673086199299627,0.673086199299627,41.2499209916526,68.9725087024029,2.66372619182283
58.36,0.253068806182326,0.0432562330594445,1.04741382524461,0.000934876270518953,0.00393155571969724,0.0304140149725251,80.4137035792906,0.23897108729601,0.0778243085741647,0.00430243577089264,-0.0331691993274088,0.752097376262176,-0.0231652142917796,-9.78174576080705,-2.05850974727246e-14,-0.0429869122185295,1.24938539551573e-13,0,0,0,0,1,0.673086199299627,0.673086199299627,41.2306134367085,68.9875973020527,2.66676910521613
58.37,0.253091325128842,0.0432181871476521,1.04771842563807,0.000935719701761257,0.00394099331624116,0.030415623262458,80.4168483567218,0.238980359324108,0.0778232069039481,0.00430185718770185,-0.0332056849796073,0.752038081458744,-0.023161832565035,-9.78245824676145,-2.05850974727246e-14,-0.0429869122185295,1.24938539551573e-13,0,0,0,0,1,0.673086199299627,0.673086199299627,41.2112992405985,69.0026843774887,2.66980584135121
58.38,0.25311384257569,0.0431802217632158,1.0480230639136,0.000936562288813293,0.00395043832155727,0.0304172297638056,80.4199956680018,0.238989638792935,0.0778221049439771,0.00430127874953889,-0.0332420898387195,0.751978741311581,-0.0231584546681031,-9.78317139543093,-2.05850974727246e-14,-0.0429869122185295,1.24938539551573e-13,0,0,0,0,1,0.673086199299627,0.673086199299627,41.1919783964016,69.0177699193786,2.67283639370932
58.39,0.253136358536324,0.0431423369809155,1.04832774007766,0.000937404029460026,0.00395989070916686,0.0304188344814767,80.4231455042843,0.238998925676355,0.0778210026971013,0.00430070045951022,-0.0332784138333377,0.751919355973005,-0.0231550806183975,-9.78388520486332,-2.05850974727246e-14,-0.0429869122185295,1.24938539551573e-13,0,0,0,0,1,0.673086199299627,0.673086199299627,41.1726508972033,69.0328539183766,2.6758607557899
58.4,0.253158873024204,0.0431045328752582,1.04863245413667,0.000938244921489915,0.00396935045258202,0.0304204374203846,80.426297856719,0.239008219948223,0.0778199001661687,0.00430012232072016,-0.0333146568923249,0.751859925595414,-0.0231517104333165,-9.78459967310493,-2.05850974727246e-14,-0.0429869122185295,1.24938539551573e-13,0,0,0,0,1,0.673086199299627,0.673086199299627,41.1533167360963,69.0479363651243,2.67887892111066
58.41,0.2531813860528,0.043066809520478,1.04893720609706,0.000939084962694927,0.00397881752530569,0.0304220385854467,80.4294527164515,0.239017521582378,0.0778187973540254,0.0042995443362709,-0.0333508189448148,0.751800450331293,-0.0231483441302465,-9.78531479820071,-2.05850974727246e-14,-0.0429869122185295,1.24938539551573e-13,0,0,0,0,1,0.673086199299627,0.673086199299627,41.1339759061794,69.06301725025,2.68189088320752
58.42,0.25320389763559,0.0430291669905359,1.04924199596522,0.000939924150870539,0.00398829190083176,0.0304236379815851,80.4326100746231,0.239026830552649,0.0778176942635159,0.00429896650926244,-0.0333868999202119,0.751740930333212,-0.0231449817265595,-9.78603057819409,-2.05850974727246e-14,-0.0429869122185295,1.24938539551573e-13,0,0,0,0,1,0.673086199299627,0.673086199299627,41.1146284005588,69.078096564369,2.68489663563471
58.43,0.25322640778606,0.0429916053591198,1.04954682374753,0.000940762483815746,0.00399777355264521,0.0304252356137261,80.4357699223712,0.239036146832855,0.0778165908974829,0.00429838884279263,-0.0334228997481915,0.751681365753821,-0.0231416232396135,-9.7867470111271,-2.05850974727246e-14,-0.0429869122185295,1.24938539551573e-13,0,0,0,0,1,0.673086199299627,0.673086199299627,41.0952742123469,69.0931742980838,2.68789617196469
58.44,0.253248916517705,0.0429541246996444,1.04985168945036,0.00094159995933307,0.00400726245422219,0.0304268314868003,80.438932250829,0.2390454703968,0.0778154872587676,0.00429781133995714,-0.0334588183587,0.751621756745859,-0.0231382686867528,-9.78746409504034,-2.05850974727246e-14,-0.0429869122185295,1.24938539551573e-13,0,0,0,0,1,0.673086199299627,0.673086199299627,41.0759133346633,69.1082504419839,2.69088948578828
58.45,0.253271423844028,0.0429167250852509,1.05015659308007,0.000942436575228566,0.00401675857903008,0.0304284256057425,80.4420970511258,0.239054801218277,0.0778143833502092,0.00429723400384942,-0.0334946556819547,0.751562103462143,-0.0231349180853082,-9.78818182797297,-2.05850974727246e-14,-0.0429869122185295,1.24938539551573e-13,0,0,0,0,1,0.673086199299627,0.673086199299627,41.0565457606344,69.1233249866456,2.69387657071457
58.46,0.25329392977854,0.0428794065888074,1.05046153464298,0.000943272329311828,0.00402626190052766,0.0304300179754919,80.4452643143867,0.239064139271068,0.0778132791746453,0.00429665683756075,-0.0335304116484442,0.751502406055574,-0.0231315714525961,-9.78890020796273,-2.05850974727246e-14,-0.0429869122185295,1.24938539551573e-13,0,0,0,0,1,0.673086199299627,0.673086199299627,41.0371714833933,69.1383979226327,2.696857420371
58.47,0.25331643433476,0.0428421692829081,1.05076651414541,0.000944107219395998,0.00403577239216516,0.0304316086009918,80.448434031733,0.239073484528944,0.0778121747349119,0.00429607984418015,-0.0335660861889282,0.751442664679135,-0.0231282288059185,-9.78961923304597,-2.05850974727246e-14,-0.0429869122185295,1.24938539551573e-13,0,0,0,0,1,0.673086199299627,0.673086199299627,41.0177904960801,69.1534692404957,2.69983202840337
58.48,0.253338937526216,0.0428050132398738,1.05107153159368,0.000944941243297771,0.00404529002738439,0.0304331974871899,80.451606194282,0.239082836965662,0.0778110700338429,0.00429550302679444,-0.0336016792344378,0.751382879485892,-0.0231248901625644,-9.79033890125758,-2.05850974727246e-14,-0.0429869122185295,1.24938539551573e-13,0,0,0,0,1,0.673086199299627,0.673086199299627,40.9984027918418,69.1685389307725,2.70280038847581
58.49,0.253361439366444,0.0427679385317516,1.05137658699406,0.000945774398837404,0.00405481477961881,0.030434784639038,80.4547807931472,0.239092196554971,0.0778099650742706,0.00429492638848818,-0.0336371907162755,0.75132305062899,-0.0231215555398077,-9.7910592106311,-2.05850974727246e-14,-0.0429869122185295,1.24938539551573e-13,0,0,0,0,1,0.673086199299627,0.673086199299627,40.9790083638324,69.183606983988,2.70576249427087
58.5,0.253383939868987,0.0427309452303146,1.05168168035283,0.000946606683838721,0.00406434662229367,0.030436370061492,80.4579578194379,0.239101563270606,0.0778088598590255,0.00429434993234367,-0.0336726205660151,0.751263178261656,-0.0231182249549089,-9.79178015919863,-2.05850974727246e-14,-0.0429869122185295,1.24938539551573e-13,0,0,0,0,1,0.673086199299627,0.673086199299627,40.9596072052129,69.1986733906542,2.70871833948948
58.51,0.253406439047399,0.0426940334070621,1.05198681167625,0.000947438096129121,0.00407388552882605,0.0304379537595121,80.4611372642598,0.239110937086291,0.0778077543909365,0.00429377366144097,-0.0337079687155022,0.751203262537196,-0.0231148984251129,-9.7925017449909,-2.05850974727246e-14,-0.0429869122185295,1.24938539551573e-13,0,0,0,0,1,0.673086199299627,0.673086199299627,40.940199309151,69.2137381412704,2.71166791785097
58.52,0.253428936915238,0.0426572031332195,1.05229198097055,0.000948268633539587,0.00408343147262505,0.0304395357380626,80.4643191187147,0.23912031797574,0.0778066486728302,0.00429319757885784,-0.0337432350968537,0.751143303608996,-0.0231115759676519,-9.79322396603722,-2.05850974727246e-14,-0.0429869122185295,1.24938539551573e-13,0,0,0,0,1,0.673086199299627,0.673086199299627,40.9207846688218,69.2288012263229,2.71461122309312
58.53,0.253451433486073,0.0426204544797379,1.05259718824195,0.000949098293904687,0.00409298442709178,0.0304411160021118,80.4675033739005,0.239129705912655,0.0778055427075319,0.00429262168766976,-0.0337784196424586,0.751083301630524,-0.0231082575997425,-9.79394682036558,-2.05850974727246e-14,-0.0429869122185295,1.24938539551573e-13,0,0,0,0,1,0.673086199299627,0.673086199299627,40.9013632774073,69.2438626362854,2.71754824897214
58.54,0.25347392877348,0.0425837875172944,1.05290243349668,0.000949927075062587,0.00410254436561957,0.0304426945566321,80.4706900209116,0.239139100870728,0.0778044364978648,0.00429204599094988,-0.0338135222849774,0.751023256755326,-0.0231049433385873,-9.79467030600254,-2.05850974727246e-14,-0.0429869122185295,1.24938539551573e-13,0,0,0,0,1,0.673086199299627,0.673086199299627,40.8819351280966,69.2589223616186,2.72047898926272
58.55,0.253496422791044,0.0425472023162918,1.05320771674092,0.000950754974855056,0.00411211126159398,0.0304442714066002,80.4738790508383,0.239148502823639,0.0778033300466502,0.00429147049176909,-0.0338485429573424,0.750963169137021,-0.023101633201374,-9.79539442097329,-2.05850974727246e-14,-0.0429869122185295,1.24938539551573e-13,0,0,0,0,1,0.673086199299627,0.673086199299627,40.8625002140858,69.2739803927708,2.723403437758
58.56,0.253518915552356,0.0425106989468585,1.05351303798083,0.000951581991127469,0.00412168508839295,0.0304458465569965,80.4770704547674,0.239157911745058,0.0778022233567077,0.0042908951931959,-0.0338834815927582,0.750903038929314,-0.0230983272052767,-9.79611916330167,-2.05850974727246e-14,-0.0429869122185295,1.24938539551573e-13,0,0,0,0,1,0.673086199299627,0.673086199299627,40.8430585285784,69.2890367201771,2.72632158826963
58.57,0.253541407071017,0.0424742774788484,1.0538183972226,0.000952408121728822,0.00413126581938688,0.0304474200128058,80.480264223782,0.239167327608643,0.0778011164308551,0.00429032009829652,-0.0339183381247009,0.750842866285983,-0.0230950253674535,-9.79684453101016,-2.05850974727246e-14,-0.0429869122185295,1.24938539551573e-13,0,0,0,0,1,0.673086199299627,0.673086199299627,40.8236100647847,69.3040913342602,2.72923343462777
58.58,0.253563897360633,0.042437937981841,1.05412379447235,0.000953233364511729,0.00414085342793875,0.0304489917790164,80.4834603489614,0.239176750388043,0.0778000092719081,0.00428974521013479,-0.033953112486919,0.750782651360886,-0.0230917277050488,-9.79757052211989,-2.05850974727246e-14,-0.0429869122185295,1.24938539551573e-13,0,0,0,0,1,0.673086199299627,0.673086199299627,40.8041548159225,69.3191442254299,2.7321389706811
58.59,0.253586386434822,0.0424016805251412,1.05442922973623,0.000954057717332437,0.00415044788740419,0.0304505618606211,80.4866588213814,0.239186180056895,0.0777989018826806,0.00428917053177221,-0.0339878046134332,0.750722394307953,-0.0230884342351921,-9.79829713465061,-2.05850974727246e-14,-0.0429869122185295,1.24938539551573e-13,0,0,0,0,1,0.673086199299627,0.673086199299627,40.7846927752166,69.3341953840835,2.73503819029684
58.6,0.253608874307206,0.042365505177779,1.05473470302033,0.000954881178050828,0.0041600491711316,0.0304521302626164,80.4898596321142,0.239195616588827,0.0777977942659847,0.0042885960662679,-0.0340224144385361,0.750662095281197,-0.0230851449749971,-9.79902436662076,-2.05850974727246e-14,-0.0429869122185295,1.24938539551573e-13,0,0,0,0,1,0.673086199299627,0.673086199299627,40.7652239358993,69.3492448006055,2.73793108736075
58.61,0.253631360991417,0.0423294120085099,1.05504021433076,0.000955703744530427,0.00416965725246225,0.0304536969900026,80.4930627722284,0.239205059957454,0.0777966864246304,0.00428802181667858,-0.0340569418967929,0.750601754434702,-0.0230818599415634,-9.79975221604743,-2.05850974727246e-14,-0.0429869122185295,1.24938539551573e-13,0,0,0,0,1,0.673086199299627,0.673086199299627,40.7457482912098,69.3642924653676,2.74081765577718
58.62,0.253653846501094,0.0422934010858144,1.05534576367361,0.00095652541463841,0.00417927210473036,0.0304552620477843,80.4962682327889,0.239214510136384,0.0777955783614261,0.00428744778605861,-0.0340913869230409,0.750541371922627,-0.0230785791519764,-9.80048068094636,-2.05850974727246e-14,-0.0429869122185295,1.24938539551573e-13,0,0,0,0,1,0.673086199299627,0.673086199299627,40.7262658343948,69.3793383687293,2.74369788946907
58.63,0.253676330849883,0.0422574724778979,1.05565135105492,0.000957346186245608,0.00418889370126323,0.0304568254409696,80.4994760048574,0.239223967099212,0.0777944700791779,0.00428687397745992,-0.03412574945239,0.750480947899211,-0.0230753026233044,-9.80120975933201,-2.05850974727246e-14,-0.0429869122185295,1.24938539551573e-13,0,0,0,0,1,0.673086199299627,0.673086199299627,40.7067765587084,69.3943825010371,2.74657178237795
58.64,0.25369881405144,0.0422216262526912,1.05595697648076,0.000958166057226515,0.0041985220153813,0.0304583871745706,80.5026860794917,0.239233430819525,0.0777933615806902,0.00428630039393201,-0.0341600294202226,0.750420482518762,-0.023072030372603,-9.80193944921746,-2.05850974727246e-14,-0.0429869122185295,1.24938539551573e-13,0,0,0,0,1,0.673086199299627,0.673086199299627,40.6872804574119,69.4094248526249,2.74943932846397
58.65,0.253721296119426,0.0421858624778495,1.05626263995715,0.000958985025459297,0.0042081570203983,0.0304599472536034,80.5058984477465,0.239242901270898,0.0777922528687654,0.004285727038522,-0.0341942267621935,0.750359975935664,-0.0230687624169106,-9.80266974861448,-2.05850974727246e-14,-0.0429869122185295,1.24938539551573e-13,0,0,0,0,1,0.673086199299627,0.673086199299627,40.6677775237741,69.4244654138144,2.75230052170591
58.66,0.253743777067511,0.0421501812207533,1.05656834149011,0.000959803088825794,0.00421779868962128,0.0304615056830876,80.509113100673,0.239252378426897,0.0777911439462038,0.00428515391427452,-0.0342283414142301,0.750299428304378,-0.0230654987732516,-9.80340065553359,-2.05850974727246e-14,-0.0429869122185295,1.24938539551573e-13,0,0,0,0,1,0.673086199299627,0.673086199299627,40.648267751071,69.4395041749143,2.7551553561012
58.67,0.253766256909372,0.0421145825485075,1.05687408108565,0.00096062024521153,0.00422744699635079,0.0304630624680471,80.5123300293187,0.239261862261078,0.077790034815804,0.00428458102423178,-0.0342623733125328,0.750238839779433,-0.0230622394586349,-9.80413216798394,-2.05850974727246e-14,-0.0429869122185295,1.24938539551573e-13,0,0,0,0,1,0.673086199299627,0.673086199299627,40.6287511325863,69.4545411262209,2.75800382566594
58.68,0.253788735658695,0.0420790665279418,1.05717985874974,0.000961436492505719,0.00423710191388092,0.030464617613509,80.5155492247281,0.239271352746987,0.0777889254803625,0.00428400837143351,-0.0342963223935742,0.750178210515435,-0.023058984490054,-9.80486428397341,-2.05850974727246e-14,-0.0429869122185295,1.24938539551573e-13,0,0,0,0,1,0.673086199299627,0.673086199299627,40.6092276616108,69.4695762580182,2.7608459244349
58.69,0.253811213329171,0.0420436332256105,1.05748567448837,0.000962251828601271,0.0042467634154994,0.0304661711245046,80.5187706779422,0.239280849858161,0.0777878159426735,0.00428343595891697,-0.0343301885941003,0.750117540667058,-0.0230557338844868,-9.80559700150858,-2.05850974727246e-14,-0.0429869122185295,1.24938539551573e-13,0,0,0,0,1,0.673086199299627,0.673086199299627,40.5896973314432,69.4846095605775,2.76368164646155
58.7,0.253833689934501,0.0420082827077926,1.05779152830747,0.000963066251394796,0.00425643147448775,0.0304677230060686,80.5219943799986,0.239290353568126,0.0777867062055298,0.00428286378971695,-0.0343639718511295,0.750056830389054,-0.0230524876588959,-9.80633031859473,-2.05850974727246e-14,-0.0429869122185295,1.24938539551573e-13,0,0,0,0,1,0.673086199299627,0.673086199299627,40.5701601353892,69.4996410241575,2.76651098581807
58.71,0.253856165488393,0.0419730150404911,1.058097420213,0.000963879758786617,0.00426610606412132,0.0304692732632398,80.5252203219318,0.2392998638504,0.0777855962717216,0.00428229186686573,-0.0343976721019534,0.749996079836241,-0.0230492458302284,-9.80706423323588,-2.05850974727246e-14,-0.0429869122185295,1.24938539551573e-13,0,0,0,0,1,0.673086199299627,0.673086199299627,40.5506160667626,69.5146706390046,2.76933393659535
58.72,0.25387864000456,0.0419378302894339,1.05840335021086,0.000964692348680771,0.00427578715766941,0.0304708219010603,80.5284484947727,0.23930938067849,0.0777844861440374,0.00428172019339309,-0.0344312892841364,0.74993528916351,-0.0230460084154158,-9.80779874343475,-2.05850974727246e-14,-0.0429869122185295,1.24938539551573e-13,0,0,0,0,1,0.673086199299627,0.673086199299627,40.5310651188843,69.5296983953528,2.77215049290305
58.73,0.253901113496726,0.0419027285200729,1.05870931830697,0.000965504018985015,0.00428547472839539,0.0304723689245762,80.5316788895495,0.239318904025895,0.0777833758252637,0.00428114877232627,-0.034464823335516,0.749874458525824,-0.023042775431374,-9.80853384719282,-2.05850974727246e-14,-0.0429869122185295,1.24938539551573e-13,0,0,0,0,1,0.673086199299627,0.673086199299627,40.511507285083,69.5447242834235,2.77496064886954
58.74,0.253923585978619,0.0418677097975843,1.05901532450722,0.000966314767610838,0.00429516874955676,0.0304739143388369,80.5349114972866,0.239328433866104,0.0777822653181847,0.00428057760669001,-0.0344982741942029,0.749813588078212,-0.0230395468950031,-9.80926954251025,-2.05850974727246e-14,-0.0429869122185295,1.24938539551573e-13,0,0,0,0,1,0.673086199299627,0.673086199299627,40.4919425586949,69.559748293426,2.777764398642
58.75,0.253946057463977,0.0418327741868686,1.05932136881748,0.000967124592473462,0.00430486919440528,0.0304754581488958,80.5381463090057,0.239337970172596,0.0777811546255828,0.00428000669950651,-0.0345316417985808,0.749752677975779,-0.0230363228231876,-9.81000582738599,-2.05850974727246e-14,-0.0429869122185295,1.24938539551573e-13,0,0,0,0,1,0.673086199299627,0.673086199299627,40.472370933064,69.5747704155567,2.78056173638637
58.76,0.253968527966544,0.0417979217525502,1.0596274512436,0.000967933491491851,0.00431457603618705,0.0304770003598097,80.5413833157251,0.239347512918842,0.0777800437502382,0.00427943605379538,-0.0345649260873067,0.749691728373695,-0.0230331032327958,-9.81074269981772,-2.05850974727246e-14,-0.0429869122185295,1.24938539551573e-13,0,0,0,0,1,0.673086199299627,0.673086199299627,40.4527924015418,69.5897906400002,2.7833526562874
58.77,0.253990997500072,0.0417631525589776,1.05993357179143,0.000968741462588714,0.00432428924814262,0.0304785409766389,80.54462250846,0.239357062078303,0.077778932694929,0.00427886567257371,-0.0345981269993108,0.749630739427198,-0.0230298881406808,-9.81148015780185,-2.05850974727246e-14,-0.0429869122185295,1.24938539551573e-13,0,0,0,0,1,0.673086199299627,0.673086199299627,40.4332069574875,69.6048089569283,2.78613715254865
58.78,0.254013466078319,0.0417284666702235,1.0602397304668,0.000969548503690518,0.00433400880350708,0.0304800800044475,80.5478638782225,0.239366617624433,0.0777778214624314,0.004278295558856,-0.0346312444737965,0.749569711291598,-0.0230266775636795,-9.81221819933358,-2.05850974727246e-14,-0.0429869122185295,1.24938539551573e-13,0,0,0,0,1,0.673086199299627,0.673086199299627,40.4136145942681,69.6198253565007,2.78891521939251
58.79,0.254035933715051,0.0416938641500843,1.06054592727551,0.000970354612727488,0.00434373467551016,0.0304816174483029,80.5511074160218,0.239376179530674,0.0777767100555192,0.00427772571565415,-0.034664278450241,0.74950864412227,-0.0230234715186118,-9.81295682240685,-2.05850974727246e-14,-0.0429869122185295,1.24938539551573e-13,0,0,0,0,1,0.673086199299627,0.673086199299627,40.3940153052583,69.6348398288648,2.79168685106022
58.8,0.254058400424041,0.0416593450620802,1.06085216222336,0.000971159787633616,0.00435346683737633,0.0304831533132762,80.5543531128639,0.239385747770462,0.0777755984769643,0.00427715614597751,-0.0346972288683943,0.74944753807466,-0.0230202700222831,-9.81369602501436,-2.05850974727246e-14,-0.0429869122185295,1.24938539551573e-13,0,0,0,0,1,0.673086199299627,0.673086199299627,40.3744090838405,69.6498523641556,2.79445204181186
58.81,0.254080866219071,0.0416249094694554,1.06115843531612,0.000971964026346666,0.00436320526232489,0.0304846876044419,80.5576009597518,0.239395322317223,0.0777744867295366,0.00427658685283277,-0.0347300956682804,0.749386393304276,-0.0230170730914819,-9.81443580514762,-2.05850974727246e-14,-0.0429869122185295,1.24938539551573e-13,0,0,0,0,1,0.673086199299627,0.673086199299627,40.3547959234051,69.6648629524959,2.7972107859264
58.82,0.254103331113926,0.0415905574351776,1.06146474655957,0.000972767326808183,0.00437294992357008,0.0304862203268779,80.5608509476857,0.239404903144375,0.0777733748160035,0.00427601783922403,-0.0347628787901964,0.749325209966695,-0.0230138807429801,-9.81517616079686,-2.05850974727246e-14,-0.0429869122185295,1.24938539551573e-13,0,0,0,0,1,0.673086199299627,0.673086199299627,40.33517581735,69.6798715839962,2.79996307770169
58.83,0.254125795122402,0.0415562890219384,1.06177109595944,0.000973569686963495,0.00438270079432117,0.0304877514856659,80.5641030676625,0.239414490225325,0.0777722627391306,0.00427544910815278,-0.0347955781747132,0.749263988217564,-0.0230106929935344,-9.81591708995117,-2.05850974727246e-14,-0.0429869122185295,1.24938539551573e-13,0,0,0,0,1,0.673086199299627,0.673086199299627,40.3155487590812,69.6948782487548,2.80270891145449
58.84,0.254148258258299,0.0415221042921527,1.06207748352146,0.000974371104761725,0.00439245784778257,0.0304892810858905,80.5673573106766,0.239424083533475,0.0777711505016812,0.00427488066261782,-0.0348281937626753,0.749202728212589,-0.0230075098598842,-9.81665859059834,-2.05850974727246e-14,-0.0429869122185295,1.24938539551573e-13,0,0,0,0,1,0.673086199299627,0.673086199299627,40.2959147420124,69.7098829368578,2.80544828152045
58.85,0.254170720535428,0.0414880033079593,1.06238390925136,0.000975171578155789,0.00440222105715389,0.0304908091326402,80.5706136677192,0.239433683042218,0.0777700381064164,0.00427431250561536,-0.0348607254952008,0.749141430107545,-0.0230043313587528,-9.81740066072505,-2.05850974727246e-14,-0.0429869122185295,1.24938539551573e-13,0,0,0,0,1,0.673086199299627,0.673086199299627,40.2762737595654,69.724885638379,2.8081811822542
58.86,0.254193181967602,0.0414539861312203,1.06269037315482,0.000975971105102412,0.00441199039563011,0.0304923356310065,80.5738721297787,0.239443288724936,0.0777689255560954,0.0042737446401389,-0.0348931733136815,0.749080094058273,-0.0230011575068478,-9.8181432983167,-2.05850974727246e-14,-0.0429869122185295,1.24938539551573e-13,0,0,0,0,1,0.673086199299627,0.673086199299627,40.2566258051698,69.7398863433803,2.81090760802926
58.87,0.254215642568645,0.0414200528235212,1.06299687523754,0.000976769683562124,0.00442176583640159,0.0304938605860846,80.5771326878408,0.239452900555005,0.0777678128534748,0.0042731770691793,-0.0349255371597829,0.749018720220678,-0.0229979883208591,-9.81888650135756,-2.05850974727246e-14,-0.0429869122185295,1.24938539551573e-13,0,0,0,0,1,0.673086199299627,0.673086199299627,40.2369708722631,69.754885041911,2.81362755323814
58.88,0.254238102352386,0.0413862034461709,1.06330341550517,0.000977567311499275,0.00443154735265422,0.0304953840029728,80.5803953328882,0.239462518505792,0.0777667000013094,0.00427260979572473,-0.0349578169754442,0.748957308750725,-0.0229948238174609,-9.81963026783064,-2.05850974727246e-14,-0.0429869122185295,1.24938539551573e-13,0,0,0,0,1,0.673086199299627,0.673086199299627,40.2173089542907,69.7698817240087,2.81634101229233
58.89,0.254260561332661,0.0413524380602018,1.06360999396337,0.000978363986882036,0.00444133491756952,0.0304969058867727,80.583660055901,0.239472142550658,0.0777655870023516,0.00427204282276066,-0.0349900127028787,0.748895859804445,-0.0229916640133109,-9.82037459571786,-2.05850974727246e-14,-0.0429869122185295,1.24938539551573e-13,0,0,0,0,1,0.673086199299627,0.673086199299627,40.1976400447064,69.7848763796987,2.8190479796223
58.9,0.254283019523313,0.0413187567263695,1.06391661061777,0.000979159707682406,0.00445112850432471,0.0304984262425895,80.5869268478565,0.239481772662953,0.0777644738593516,0.00427147615326987,-0.0350221242845735,0.748834373537936,-0.0229885089250492,-9.8211194829999,-2.05850974727246e-14,-0.0429869122185295,1.24938539551573e-13,0,0,0,0,1,0.673086199299627,0.673086199299627,40.1779641369715,69.7998689989941,2.8217484496775
58.91,0.254305476938192,0.0412851595051525,1.06422326547399,0.000979954471876219,0.00446092808609284,0.0304999450755314,80.5901956997291,0.239491408816021,0.0777633605750575,0.00427090979023242,-0.0350541516632893,0.748772850107353,-0.0229853585693003,-9.82186492765627,-2.05850974727246e-14,-0.0429869122185295,1.24938539551573e-13,0,0,0,0,1,0.673086199299627,0.673086199299627,40.1582812245557,69.8148595718962,2.82444241692644
58.92,0.254327933591155,0.041251646456753,1.06452995853764,0.000980748277443148,0.00447073363604284,0.0305014623907099,80.5934666024907,0.239501050983198,0.077762247152215,0.00427034373662564,-0.035086094782061,0.748711289668918,-0.0229822129626711,-9.82261092766535,-2.05850974727246e-14,-0.0429869122185295,1.24938539551573e-13,0,0,0,0,1,0.673086199299627,0.673086199299627,40.1385913009367,69.829848088394,2.82712987585662
58.93,0.254350389496065,0.0412182176410959,1.0648366898143,0.000981541122366714,0.00448054512733967,0.0305029781932397,80.5967395471105,0.239510699137811,0.0777611335935677,0.00426977799542414,-0.0351179535841976,0.748649692378908,-0.022979072121752,-9.82335748100433,-2.05850974727246e-14,-0.0429869122185295,1.24938539551573e-13,0,0,0,0,1,0.673086199299627,0.673086199299627,40.1188943596002,69.8448345384646,2.8298108209746
58.94,0.254372844666793,0.0411848731178294,1.06514345930954,0.00098233300463429,0.00449036253314438,0.030504492488239,80.6000145245551,0.239520353253181,0.0777600199018569,0.00426921256959977,-0.0351497280132818,0.748588058393669,-0.0229759360631164,-9.82410458564927,-2.05850974727246e-14,-0.0429869122185295,1.24938539551573e-13,0,0,0,0,1,0.673086199299627,0.673086199299627,40.0991903940402,69.859818912073,2.83248524680602
58.95,0.254395299117216,0.0411516129463247,1.06545026702892,0.000983123922237107,0.00450018582661422,0.0305060052808288,80.6032915257884,0.239530013302622,0.0777589060798216,0.00426864746212164,-0.0351814180131706,0.748526387869603,-0.0229728048033212,-9.82485223957506,-2.05850974727246e-14,-0.0429869122185295,1.24938539551573e-13,0,0,0,0,1,0.673086199299627,0.673086199299627,40.0794793977588,69.8748011991722,2.83515314789556
58.96,0.254417752861216,0.0411184371856758,1.06575711297797,0.00098391387317026,0.00451001498090273,0.0305075165761335,80.6065705417717,0.239539679259437,0.0777577921301987,0.00426808267595608,-0.035213023527995,0.748464680963174,-0.022969678358905,-9.82560044075545,-2.05850974727246e-14,-0.0429869122185295,1.24938539551573e-13,0,0,0,0,1,0.673086199299627,0.673086199299627,40.059761364266,69.8897813897034,2.837814518807
58.97,0.254440205912684,0.0410853458946999,1.06606399716222,0.000984702855432714,0.00451984996915986,0.0305090263792805,80.6098515634639,0.239549351096926,0.0777566780557226,0.00426751821406665,-0.0352445445021601,0.748402937830905,-0.0229665567463908,-9.82634918716309,-2.05850974727246e-14,-0.0429869122185295,1.24938539551573e-13,0,0,0,0,1,0.673086199299627,0.673086199299627,40.0400362870805,69.9047594735956,2.84046935412322
58.98,0.254462658285517,0.0410523391319369,1.06637091958718,0.000985490867027311,0.00452969076453204,0.0305105346954006,80.6131345818213,0.239559028788379,0.0777555638591256,0.00426695407941412,-0.0352759808803453,0.748341158629382,-0.0229634399822837,-9.82709847676945,-2.05850974727246e-14,-0.0429869122185295,1.24938539551573e-13,0,0,0,0,1,0.673086199299627,0.673086199299627,40.0203041597289,69.9197354407661,2.84311764844621
58.99,0.254485109993618,0.0410194169556496,1.06667788025834,0.000986277905960775,0.00453953734016226,0.0305120415296274,80.6164195877977,0.239568712307079,0.0777544495431376,0.00426639027495647,-0.035307332607504,0.748279343515246,-0.0229603280830717,-9.82784830754489,-2.05850974727246e-14,-0.0429869122185295,1.24938539551573e-13,0,0,0,0,1,0.673086199299627,0.673086199299627,40.0005649757461,69.9347092811201,2.84575939639711
59,0.254507561050897,0.0409865794238235,1.06698487918117,0.000987063970243717,0.00454938966919024,0.0305135468870978,80.6197065723443,0.239578401626304,0.0777533351104862,0.00426582680364887,-0.035338599628864,0.748217492645198,-0.0229572210652255,-9.82859867745867,-2.05850974727246e-14,-0.0429869122185295,1.24938539551573e-13,0,0,0,0,1,0.673086199299627,0.673086199299627,39.9808187286753,69.949680984551,2.84839459261617
59.01,0.25453001147127,0.0409538265941671,1.06729191636113,0.000987849057890642,0.00455924772475243,0.0305150507729515,80.6229955264101,0.239588096719321,0.0777522205638968,0.00426526366844367,-0.0353697818899271,0.748155606175999,-0.0229541189451986,-9.82934958447893,-2.05850974727246e-14,-0.0429869122185295,1.24938539551573e-13,0,0,0,0,1,0.673086199299627,0.673086199299627,39.9610654120681,69.9646505409404,2.85102323176282
59.02,0.25455246126866,0.0409211585241114,1.06759899180367,0.000988633166919954,0.00456911147998219,0.0305165531923316,80.6262864409415,0.239597797559394,0.0777511059060922,0.00426470087229039,-0.0354008793364698,0.748093684264464,-0.0229510217394272,-9.83010102657268,-2.05850974727246e-14,-0.0429869122185295,1.24938539551573e-13,0,0,0,0,1,0.673086199299627,0.673086199299627,39.9413050194843,69.9796179401578,2.85364530851563
59.03,0.254574910456996,0.0408885752708101,1.06790610551422,0.000989416295353963,0.00457898090800983,0.0305180541503839,80.6295793068827,0.239607504119777,0.0777499911397933,0.00426413841813572,-0.0354318919145425,0.748031727067468,-0.0229479294643297,-9.83085300170585,-2.05850974727246e-14,-0.0429869122185295,1.24938539551573e-13,0,0,0,0,1,0.673086199299627,0.673086199299627,39.9215375444922,69.9945831720612,2.8562608175724
59.04,0.254597359050215,0.0408560768911396,1.06821325749818,0.000990198441218888,0.00458885598196273,0.0305195536522574,80.6328741151754,0.239617216373721,0.0777488762677182,0.00426357630892349,-0.0354628195704701,0.747969734741944,-0.0229448421363071,-9.83160550784326,-2.05850974727246e-14,-0.0429869122185295,1.24938539551573e-13,0,0,0,0,1,0.673086199299627,0.673086199299627,39.9017629806683,70.0095462264966,2.85886975365007
59.05,0.254619807062256,0.0408236634416989,1.06852044776095,0.000990979602544868,0.00459873667496543,0.0305210517031039,80.6361708567591,0.239626934294466,0.077747761292583,0.00426301454759469,-0.0354936622508519,0.747907707444879,-0.0229417597717435,-9.83235854294866,-2.05850974727246e-14,-0.0429869122185295,1.24938539551573e-13,0,0,0,0,1,0.673086199299627,0.673086199299627,39.8819813215977,70.0245070932982,2.86147211148484
59.06,0.25464225450707,0.0407913349788095,1.06882767630791,0.00099175977736596,0.00460862296013973,0.0305225483080784,80.6394695225707,0.239636657855248,0.0777466462171013,0.00426245313708742,-0.0355244199025616,0.747845645333316,-0.0229386823870049,-9.83311210498469,-2.05850974727246e-14,-0.0429869122185295,1.24938539551573e-13,0,0,0,0,1,0.673086199299627,0.673086199299627,39.8621925608738,70.0394657622885,2.86406788583209
59.07,0.254664701398611,0.0407590915585154,1.06913494314443,0.000992538963720153,0.00461851481060478,0.0305240434723385,80.6427701035453,0.239646387029296,0.0777455310439842,0.00426189208033692,-0.0355550924727472,0.747783548564355,-0.022935609998439,-9.83386619191293,-2.05850974727246e-14,-0.0429869122185295,1.24938539551573e-13,0,0,0,0,1,0.673086199299627,0.673086199299627,39.8423966920985,70.0544222232782,2.86665707146648
59.08,0.254687147750838,0.0407269332365833,1.06944224827585,0.000993317159649368,0.00462841219947719,0.030525537201045,80.6460725906154,0.239656121789832,0.0777444157759406,0.00426133138027552,-0.0355856799088313,0.747721417295153,-0.0229325426223768,-9.83462080169387,-2.05850974727246e-14,-0.0429869122185295,1.24938539551573e-13,0,0,0,0,1,0.673086199299627,0.673086199299627,39.8225937088822,70.0693764660663,2.86923966318187
59.09,0.254709593577721,0.0406948600685021,1.0697495917075,0.000994094363199465,0.00463831509987111,0.0305270294993615,80.6493769747114,0.239665862110073,0.0777433004156771,0.00426077103983268,-0.0356161821585108,0.747659251682916,-0.0229294802751312,-9.83537593228694,-2.05850974727246e-14,-0.0429869122185295,1.24938539551573e-13,0,0,0,0,1,0.673086199299627,0.673086199299627,39.8027836048438,70.0843284804402,2.87181565579144
59.1,0.254732038893231,0.0406628721094833,1.07005697344471,0.000994870572420249,0.00464822348489832,0.0305285203724545,80.6526832467616,0.239675607963227,0.0777421849658975,0.00426021106193493,-0.0356465991697572,0.747597051884909,-0.0229264229729968,-9.83613158165053,-2.05850974727246e-14,-0.0429869122185295,1.24938539551573e-13,0,0,0,0,1,0.673086199299627,0.673086199299627,39.7829663736109,70.0992782561754,2.87438504412759
59.11,0.254754483711349,0.0406309694144606,1.07036439349277,0.000995645785365476,0.00465813732766834,0.0305300098254932,80.655991397692,0.239685359322499,0.0777410694293037,0.00425965144950588,-0.0356769308908164,0.747534818058449,-0.022923370732251,-9.83688774774193,-2.05850974727246e-14,-0.0429869122185295,1.24938539551573e-13,0,0,0,0,1,0.673086199299627,0.673086199299627,39.7631420088193,70.1142257830359,2.87694782304204
59.12,0.254776928046059,0.0405991520380903,1.07067185185697,0.000996420000092858,0.00466805660128852,0.0305314978636497,80.6593014184267,0.239695116161085,0.0777399538085949,0.00425909220546623,-0.0357071772702091,0.747472550360905,-0.0229203235691526,-9.83764442851741,-2.05850974727246e-14,-0.0429869122185295,1.24938539551573e-13,0,0,0,0,1,0.673086199299627,0.673086199299627,39.7433105041137,70.129171050774,2.87950398740582
59.13,0.254799371911354,0.0405674200347508,1.07097934854257,0.00099719321466407,0.00467798127886415,0.030532984492099,80.6626132998873,0.239704878452178,0.0777388381064677,0.00425853333273373,-0.0357373382567301,0.747410248949703,-0.0229172814999431,-9.83840162193219,-2.05850974727246e-14,-0.0429869122185295,1.24938539551573e-13,0,0,0,0,1,0.673086199299627,0.673086199299627,39.7234718531473,70.1441140491305,2.88205353210926
59.14,0.254821815321231,0.040535773458543,1.07128688355483,0.000997965427144751,0.00468791133349852,0.0305344697160188,80.6659270329937,0.239714646168962,0.0777377223256167,0.00425797483422317,-0.0357674137994491,0.747347913982318,-0.0229142445408452,-9.83915932594045,-2.05850974727246e-14,-0.0429869122185295,1.24938539551573e-13,0,0,0,0,1,0.673086199299627,0.673086199299627,39.7036260495819,70.1590547678344,2.88459645206201
59.15,0.254844258289694,0.0405042123632899,1.07159445689898,0.000998736635604515,0.00469784673829305,0.0305359535405896,80.6692426086637,0.239724419284618,0.0777366064687338,0.0042574167128464,-0.0357974038477104,0.747285545616277,-0.022911212708064,-9.83991753849533,-2.05850974727246e-14,-0.0429869122185295,1.24938539551573e-13,0,0,0,0,1,0.673086199299627,0.673086199299627,39.6837730870881,70.1739931966031,2.88713274219308
59.16,0.254866700830753,0.0404727368025368,1.07190206858025,0.000999506838116953,0.00470778746634736,0.0305374359709945,80.672560017813,0.239734197772318,0.0777354905385084,0.0042568589715123,-0.0358273083511325,0.747223144009161,-0.0229081860177859,-9.84067625754896,-2.05850974727246e-14,-0.0429869122185295,1.24938539551573e-13,0,0,0,0,1,0.673086199299627,0.673086199299627,39.663912959345,70.1889293251429,2.88966239745083
59.17,0.254889142958424,0.0404413468295514,1.07220971860384,0.00100027603275964,0.00471773349075939,0.0305389170124196,80.6758792513552,0.239743981605231,0.0777343745376276,0.00425630161312677,-0.0358571272596091,0.747160709318599,-0.0229051644861796,-9.84143548105242,-2.05850974727246e-14,-0.0429869122185295,1.24938539551573e-13,0,0,0,0,1,0.673086199299627,0.673086199299627,39.6440456600405,70.2038631431479,2.89218541280299
59.18,0.254911584686727,0.0404100424973232,1.07251740697494,0.00100104421761414,0.00472768478462547,0.0305403966700533,80.6792003002023,0.239753770756519,0.0777332584687758,0.00425574464059271,-0.035886860523308,0.747098241702273,-0.0229021481293952,-9.84219520695581,-2.05850974727246e-14,-0.0429869122185295,1.24938539551573e-13,0,0,0,0,1,0.673086199299627,0.673086199299627,39.6241711828715,70.2187946403012,2.89470178323666
59.19,0.254934026029692,0.0403788238585643,1.07282513369872,0.00100181139076602,0.00473764132104043,0.0305418749490871,80.682523155264,0.23976356519934,0.0777321423346353,0.00425518805681004,-0.0359165080926719,0.747035741317913,-0.0228991369635642,-9.84295543320818,-2.05850974727246e-14,-0.0429869122185295,1.24938539551573e-13,0,0,0,0,1,0.673086199299627,0.673086199299627,39.6042895215431,70.2337238062741,2.89721150375833
59.2,0.254956467001351,0.0403476909657086,1.07313289878035,0.00100257755030483,0.00474760307309768,0.0305433518547149,80.6858478074483,0.239773364906844,0.0777310261378854,0.00425463186467567,-0.0359460699184182,0.746973208323301,-0.0228961310048005,-9.84371615775761,-2.05850974727246e-14,-0.0429869122185295,1.24938539551573e-13,0,0,0,0,1,0.673086199299627,0.673086199299627,39.5844006697696,70.2486506307267,2.89971456939392
59.21,0.254978907615744,0.0403166438709124,1.07344070222495,0.00100334269432413,0.00475757001388934,0.0305448273921333,80.6891742476613,0.239783169852178,0.0777299098812035,0.00425407606708348,-0.0359755459515388,0.746910642876271,-0.0228931302691988,-9.84447737855118,-2.05850974727246e-14,-0.0429869122185295,1.24938539551573e-13,0,0,0,0,1,0.673086199299627,0.673086199299627,39.5645046212742,70.2635751033074,2.90221097518874
59.22,0.255001347886915,0.0402856826260538,1.07374854403766,0.0010041068209215,0.00476754211650626,0.0305463015665414,80.6925024668072,0.239792980008482,0.0777287935672639,0.00425352066692434,-0.0360049361433003,0.746848045134696,-0.0228901347728355,-9.84523909353495,-2.05850974727246e-14,-0.0429869122185295,1.24938539551573e-13,0,0,0,0,1,0.673086199299627,0.673086199299627,39.5446013697885,70.2784972136533,2.90470071620755
59.23,0.255023787828916,0.0402548072827333,1.07405642422359,0.00100486992819853,0.00477751935403821,0.030547774383141,80.6958324557885,0.239802795348893,0.0777276771987387,0.00425296566708609,-0.0360342404452441,0.746785415256508,-0.0228871445317683,-9.84600130065401,-2.05850974727246e-14,-0.0429869122185295,1.24938539551573e-13,0,0,0,0,1,0.673086199299627,0.673086199299627,39.5246909090534,70.2934169513902,2.90718378753455
59.24,0.255046227455803,0.0402240178922732,1.07436434278782,0.00100563201426083,0.00478750169957391,0.0305492458471366,80.6991642055059,0.239812615846539,0.0777265607782976,0.00425241107045349,-0.0360634588091862,0.746722753399682,-0.0228841595620364,-9.84676399785247,-2.05850974727246e-14,-0.0429869122185295,1.24938539551573e-13,0,0,0,0,1,0.673086199299627,0.673086199299627,39.5047732328185,70.3083343061322,2.90966018427338
59.25,0.255068666781639,0.040193314505718,1.07467229973545,0.00100639307721803,0.00479748912620113,0.030550715963735,80.702497706858,0.239822441474548,0.0777254443086074,0.00425185687990827,-0.0360925911872173,0.74666005972224,-0.0228811798796603,-9.84752718307347,-2.05850974727246e-14,-0.0429869122185295,1.24938539551573e-13,0,0,0,0,1,0.673086199299627,0.673086199299627,39.4848483348422,70.3232492674823,2.91212990154717
59.26,0.255091105820491,0.0401626971738342,1.07498029507152,0.00100715311518381,0.00480748160700682,0.0305521847381457,80.7058329507423,0.239832272206039,0.0777243277923327,0.00425130309832911,-0.0361216375317029,0.746597334382251,-0.0228782055006413,-9.84829085425916,-2.05850974727246e-14,-0.0429869122185295,1.24938539551573e-13,0,0,0,0,1,0.673086199299627,0.673086199299627,39.4649162088921,70.3381618250321,2.91459293449852
59.27,0.255113544586433,0.0401321659471102,1.07528832880109,0.00100791212627588,0.00481747911507715,0.0305536521755805,80.709169928054,0.239842108014129,0.0777232112321353,0.0042507497285916,-0.036150597795283,0.746534577537837,-0.0228752364409629,-9.84905500935076,-2.05850974727246e-14,-0.0429869122185295,1.24938539551573e-13,0,0,0,0,1,0.673086199299627,0.673086199299627,39.4449768487446,70.353071968362,2.91704927828953
59.28,0.255135983093545,0.0401017208757565,1.07559640092919,0.00100867010861598,0.00482748162349765,0.0305551182812539,80.712508629687,0.239851948871927,0.0777220946306747,0.00425019677356823,-0.0361794719308726,0.746471789347155,-0.0228722727165888,-9.84981964628849,-2.05850974727246e-14,-0.0429869122185295,1.24938539551573e-13,0,0,0,0,1,0.673086199299627,0.673086199299627,39.4250302481851,70.3679796870409,2.91949892810179
59.29,0.25515842135591,0.0400713620097056,1.07590451146083,0.0010094270603299,0.0048374891053533,0.0305565830603828,80.7158490465333,0.23986179475254,0.0777209779906075,0.00424964423612842,-0.0362082598916612,0.74640896996842,-0.0228693143434641,-9.85058476301167,-2.05850974727246e-14,-0.0429869122185295,1.24938539551573e-13,0,0,0,0,1,0.673086199299627,0.673086199299627,39.405076401008,70.3828849706263,2.92194187913642
59.3,0.255180859387621,0.0400410893986118,1.07621266040101,0.00101018297954749,0.00484750153372856,0.0305580465181866,80.7191911694836,0.239871645629069,0.077719861314588,0.00424909211913848,-0.0362369616311131,0.746346119559881,-0.0228663613375149,-9.85135035745862,-2.05850974727246e-14,-0.0429869122185295,1.24938539551573e-13,0,0,0,0,1,0.673086199299627,0.673086199299627,39.3851153010169,70.397787808665,2.92437812661408
59.31,0.255203297202772,0.0400109030918517,1.07652084775471,0.00101093786440267,0.00485751888170758,0.0305595086598869,80.7225349894267,0.239881501474613,0.0777187446052678,0.00424854042546162,-0.0362655771029674,0.74628323827984,-0.0228634137146484,-9.85211642756675,-2.05850974727246e-14,-0.0429869122185295,1.24938539551573e-13,0,0,0,0,1,0.673086199299627,0.673086199299627,39.3651469420242,70.412688190692,2.92680766577495
59.32,0.255225734815464,0.0399808031385233,1.0768290735269,0.00101169171303339,0.00486754112237417,0.0305609694907078,80.72588049725,0.239891362262262,0.0777176278652959,0.00424798915795791,-0.0362941062612378,0.746220326286639,-0.0228604714907524,-9.85288297127255,-2.05850974727246e-14,-0.0429869122185295,1.24938539551573e-13,0,0,0,0,1,0.673086199299627,0.673086199299627,39.3451713178516,70.4275861062314,2.92923049187878
59.33,0.255248172239805,0.0399507895874471,1.07713733772254,0.00101244452358169,0.00487756822881198,0.0305624290158761,80.7292276838393,0.239901227965105,0.0777165110973188,0.00424743831948431,-0.0363225490602128,0.746157383738667,-0.0228575346816957,-9.85364998651153,-2.05850974727246e-14,-0.0429869122185295,1.24938539551573e-13,0,0,0,0,1,0.673086199299627,0.673086199299627,39.3251884223298,70.442481544796,2.93164660020488
59.34,0.255270609489907,0.0399208624871652,1.07744564034654,0.00101319629419368,0.00488760017410455,0.0305638872406204,80.7325765400789,0.239911098556226,0.0777153943039803,0.00424688791289462,-0.0363509054544557,0.746094410794352,-0.0228546033033283,-9.85441747121833,-2.05850974727246e-14,-0.0429869122185295,1.24938539551573e-13,0,0,0,0,1,0.673086199299627,0.673086199299627,39.3051982492987,70.4573744958875,2.93405598605214
59.35,0.255293046579886,0.0398910218859415,1.07775398140385,0.00101394702301955,0.00489763693133543,0.030565344170172,80.7359270568517,0.239920974008706,0.0777142774879215,0.00424633794103951,-0.0363791753988043,0.74603140761217,-0.02285167737148,-9.85518542332665,-2.05850974727246e-14,-0.0429869122185295,1.24938539551573e-13,0,0,0,0,1,0.673086199299627,0.673086199299627,39.2852007926073,70.4722649489964,2.93645864473904
59.36,0.255315483523867,0.0398612678317622,1.07806236089935,0.00101469670821356,0.00490767847358824,0.0305667998097645,80.7392792250391,0.239930854295618,0.0777131606517811,0.00424578840676648,-0.0364073588483714,0.745968374350638,-0.0228487569019628,-9.85595384076927,-2.05850974727246e-14,-0.0429869122185295,1.24938539551573e-13,0,0,0,0,1,0.673086199299627,0.673086199299627,39.2651960461139,70.4871528936021,2.93885457160365
59.37,0.255337920335978,0.039831600372335,1.07837077883794,0.00101544534793407,0.00491772477394681,0.0305682541646337,80.7426330355211,0.239940739390036,0.0777120437981949,0.00424523931291987,-0.0364354557585443,0.745905311168312,-0.0228458419105671,-9.85672272147809,-2.05850974727246e-14,-0.0429869122185295,1.24938539551573e-13,0,0,0,0,1,0.673086199299627,0.673086199299627,39.2451840036859,70.5020383191729,2.94124376200367
59.38,0.255360357030351,0.0398020195550897,1.07867923522448,0.00101619294034353,0.00492777580549522,0.0305697072400177,80.7459884791761,0.239950629265025,0.0777109269297963,0.00424469066234084,-0.0364634660849852,0.745842218223794,-0.0228429324130662,-9.8574920633841,-2.05850974727246e-14,-0.0429869122185295,1.24938539551573e-13,0,0,0,0,1,0.673086199299627,0.673086199299627,39.2251646591999,70.5169212151662,2.94362621131644
59.39,0.255382793621125,0.039772525427178,1.07898773006385,0.00101693948360849,0.00493783154131792,0.0305711590411568,80.7493455468816,0.239960523893651,0.0777098100492158,0.00424414245786737,-0.0364913897836308,0.745779095675727,-0.0228400284252122,-9.85826186441738,-2.05850974727246e-14,-0.0429869122185295,1.24938539551573e-13,0,0,0,0,1,0.673086199299627,0.673086199299627,39.2051380065419,70.531801571028,2.94600191493889
59.4,0.255405230122445,0.0397431180354733,1.07929626336086,0.0010176849758996,0.00494789195449983,0.0305726095732936,80.7527042295133,0.239970423248973,0.0777086931590816,0.00424359470233425,-0.0365192268106928,0.74571594368279,-0.022837129962739,-9.85903212250715,-2.05850974727246e-14,-0.0429869122185295,1.24938539551573e-13,0,0,0,0,1,0.673086199299627,0.673086199299627,39.1851040396072,70.5466793761935,2.94837086828765
59.41,0.25542766654846,0.0397137974265711,1.07960483512036,0.00101842941539161,0.00495795701812643,0.0305740588416729,80.7560645179458,0.239980327304048,0.0777075762620188,0.00424304739857304,-0.0365469771226572,0.745652762403708,-0.02283423704136,-9.85980283558172,-2.05850974727246e-14,-0.0429869122185295,1.24938539551573e-13,0,0,0,0,1,0.673086199299627,0.673086199299627,39.1650627523002,70.561554620087,2.95073306679898
59.42,0.255450102913323,0.0396845636467886,1.07991344534715,0.00101917280026339,0.00496802670528382,0.0305755068515417,80.7594264030524,0.239990236031927,0.07770645936065,0.00424250054941213,-0.0365746406762851,0.745589551997246,-0.0228313496767689,-9.86057400156855,-2.05850974727246e-14,-0.0429869122185295,1.24938539551573e-13,0,0,0,0,1,0.673086199299627,0.673086199299627,39.1450141385348,70.5764272921215,2.95308850592881
59.43,0.255472539231194,0.0396554167421651,1.08022209404601,0.00101991512869794,0.00497810098905886,0.0305769536081491,80.7627898757052,0.24000014940566,0.0777053424575954,0.00424195415767666,-0.0366022174286121,0.745526312622201,-0.0228284678846405,-9.86134561839422,-2.05850974727246e-14,-0.0429869122185295,1.24938539551573e-13,0,0,0,0,1,0.673086199299627,0.673086199299627,39.1249581922342,70.5912973816993,2.95543718115278
59.44,0.255494975516239,0.0396263567584614,1.08053078122173,0.00102065639888235,0.00498817984253922,0.0305783991167464,80.766154926775,0.240010067398293,0.077704225555472,0.00424140822618854,-0.0366297073369484,0.745463044437417,-0.0228255916806287,-9.86211768398444,-2.05850974727246e-14,-0.0429869122185295,1.24938539551573e-13,0,0,0,0,1,0.673086199299627,0.673086199299627,39.104894907331,70.6061648782116,2.95777908796621
59.45,0.255517411782625,0.0395973837411605,1.08083950687908,0.00102139660900787,0.00499826323881352,0.0305798433825871,80.7695215471313,0.240019989982867,0.0777031086568945,0.00424086275776646,-0.0366571103588789,0.745399747601774,-0.0228227210803692,-9.86289019626407,-2.05850974727246e-14,-0.0429869122185295,1.24938539551573e-13,0,0,0,0,1,0.673086199299627,0.673086199299627,39.0848242777673,70.6210297710389,2.96011422188412
59.46,0.255539848044527,0.0395684977354672,1.08114827102278,0.00102213575726986,0.00500835115097137,0.0305812864109266,80.7728897276428,0.240029917132423,0.0777019917644746,0.00424031775522584,-0.0366844264522633,0.74533642227419,-0.0228198560994762,-9.86366315315713,-2.05850974727246e-14,-0.0429869122185295,1.24938539551573e-13,0,0,0,0,1,0.673086199299627,0.673086199299627,39.0647462974944,70.6358920495506,2.96244257844125
59.47,0.255562284316126,0.0395396987863082,1.08145707365759,0.00102287384186783,0.00501844355210349,0.0305827282070227,80.7762594591765,0.240039848819995,0.0777008748808216,0.00423977322137887,-0.0367116555752357,0.745273068613617,-0.0228169967535447,-9.86443655258674,-2.05850974727246e-14,-0.0429869122185295,1.24938539551573e-13,0,0,0,0,1,0.673086199299627,0.673086199299627,39.0446609604734,70.6507517031053,2.96476415319209
59.48,0.255584720611605,0.0395109869383319,1.0817659147882,0.00102361086100542,0.00502854041530179,0.0305841687761349,80.7796307325989,0.240049785018616,0.0776997580085418,0.00423922915903445,-0.0367387976862051,0.745209686779052,-0.0228141430581498,-9.86521039247526,-2.05850974727246e-14,-0.0429869122185295,1.24938539551573e-13,0,0,0,0,1,0.673086199299627,0.673086199299627,39.0245682606745,70.6656087210508,2.96707894171083
59.49,0.255607156945154,0.0394823622359087,1.08207479441931,0.00102434681289042,0.00503864171365949,0.0305856081235249,80.7830035387749,0.240059725701316,0.0776986411502389,0.00423868557099821,-0.0367658527438548,0.745146276929523,-0.0228112950288469,-9.86598467074416,-2.05850974727246e-14,-0.0429869122185295,1.24938539551573e-13,0,0,0,0,1,0.673086199299627,0.673086199299627,39.0044681920777,70.6804630927239,2.96938693959146
59.5,0.255629593330966,0.0394538247231311,1.08238371255562,0.00102508169573478,0.00504874742027118,0.0305870462544566,80.7863778685687,0.240069670841121,0.0776975243085137,0.00423814246007252,-0.0367928207071429,0.745082839224095,-0.0228084526811705,-9.86675938531409,-2.05850974727246e-14,-0.0429869122185295,1.24938539551573e-13,0,0,0,0,1,0.673086199299627,0.673086199299627,38.9843607486723,70.6953148074509,2.9716881424477
59.51,0.255652029783242,0.0394253744438132,1.08269266920178,0.00102581550775458,0.00505885750823292,0.0305884831741957,80.7897537128433,0.240079620411056,0.0776964074859645,0.00423759982905642,-0.0368197015353021,0.745019373821871,-0.0228056160306351,-9.86753453410488,-2.05850974727246e-14,-0.0429869122185295,1.24938539551573e-13,0,0,0,0,1,0.673086199299627,0.673086199299627,38.9642459244573,70.710163854547,2.97398254591306
59.52,0.255674466316184,0.039397011441491,1.08300166436245,0.00102654824717009,0.00506897195064233,0.0305899188880098,80.7931310624607,0.24008957438414,0.0776952906851867,0.00423705768074569,-0.0368464951878396,0.744955880881987,-0.0228027850927359,-9.86831011503556,-2.05850974727246e-14,-0.0429869122185295,1.24938539551573e-13,0,0,0,0,1,0.673086199299627,0.673086199299627,38.9441237134413,70.725010223317,2.97627014564081
59.53,0.255696902944002,0.0393687357594228,1.08331069804226,0.00102727991220573,0.00507909072059869,0.0305913534011687,80.7965099082819,0.240099532733393,0.077694173908773,0.00423651601793277,-0.036873201624537,0.744892360563616,-0.0227999598829465,-9.86908612602432,-2.05850974727246e-14,-0.0429869122185295,1.24938539551573e-13,0,0,0,0,1,0.673086199299627,0.673086199299627,38.9239941096424,70.7398539030546,2.97855093730406
59.54,0.255719339680908,0.0393405474405883,1.08361977024583,0.00102801050109008,0.00508921379120303,0.030592786718944,80.7998902411672,0.240109495431831,0.0776930571593131,0.00423597484340681,-0.0368998208054507,0.744828813025964,-0.022797140416722,-9.86986256498857,-2.05850974727246e-14,-0.0429869122185295,1.24938539551573e-13,0,0,0,0,1,0.673086199299627,0.673086199299627,38.9038571070884,70.754694883043,2.98082491659568
59.55,0.255741776541122,0.0393124465276895,1.08392888097776,0.00102874001205592,0.0050993411355582,0.0305942188466092,80.8032720519756,0.240119462452465,0.0776919404393943,0.0042354341599536,-0.0369263526909115,0.744765238428271,-0.022794326709495,-9.87063942984492,-2.05850974727246e-14,-0.0429869122185295,1.24938539551573e-13,0,0,0,0,1,0.673086199299627,0.673086199299627,38.8837126998167,70.7695331525547,2.9830920792284
59.56,0.255764213538864,0.0392844330631503,1.08423803024264,0.00102946844334018,0.005109472726769,0.0305956497894397,80.8066553315656,0.240129433768307,0.0776908237516007,0.00423489397035563,-0.0369527972415245,0.744701636929812,-0.0227915187766794,-9.87141671850917,-2.05850974727246e-14,-0.0429869122185295,1.24938539551573e-13,0,0,0,0,1,0.673086199299627,0.673086199299627,38.8635608818744,70.7843687008516,2.98535242093475
59.57,0.255786650688364,0.0392565070891164,1.08454721804505,0.00103019579318398,0.00511960853794223,0.0305970795527129,80.8100400707945,0.240139409352365,0.0776897070985141,0.00423435427739202,-0.0369791544181695,0.744638008689895,-0.0227887166336677,-9.87219442889634,-2.05850974727246e-14,-0.0429869122185295,1.24938539551573e-13,0,0,0,0,1,0.673086199299627,0.673086199299627,38.8434016473183,70.7992015171848,2.9876059374671
59.58,0.255809088003852,0.0392286686474555,1.08485644438954,0.00103092205983265,0.00512974854218681,0.030598508141708,80.8134262605191,0.240149389177646,0.0776885904827129,0.00423381508383856,-0.0370054241820007,0.744574353867859,-0.0227859202958327,-9.87297255892068,-2.05850974727246e-14,-0.0429869122185295,1.24938539551573e-13,0,0,0,0,1,0.673086199299627,0.673086199299627,38.8232349902149,70.8140315907948,2.9898526245977
59.59,0.255831525499567,0.0392009177797576,1.08516570928066,0.00103164724153567,0.00513989271261386,0.0305999355617059,80.816813891595,0.240159373217152,0.0776874739067732,0.00423327639246767,-0.0370316064944467,0.744510672623077,-0.0227831297785258,-9.87375110649563,-2.05850974727246e-14,-0.0429869122185295,1.24938539551573e-13,0,0,0,0,1,0.673086199299627,0.673086199299627,38.8030609046405,70.8288589109117,2.99209247811861
59.6,0.255853963189747,0.0391732545273341,1.08547501272291,0.00103237133654676,0.00515004102233678,0.0306013618179894,80.8202029548773,0.240169361443885,0.0776863573732681,0.00423273820604839,-0.0370577013172103,0.744446965114954,-0.0227803450970787,-9.87453006953391,-2.05850974727246e-14,-0.0429869122185295,1.24938539551573e-13,0,0,0,0,1,0.673086199299627,0.673086199299627,38.7828793846811,70.8436834667549,2.99432549384182
59.61,0.25587640108864,0.039145678931219,1.08578435472082,0.0010330943431238,0.00516019344447137,0.0306027869158433,80.8235934412204,0.240179353830846,0.0776852408847677,0.00423220052734641,-0.0370837086122691,0.744383231502925,-0.0227775662668009,-9.87530944594746,-2.05850974727246e-14,-0.0429869122185295,1.24938539551573e-13,0,0,0,0,1,0.673086199299627,0.673086199299627,38.7626904244324,70.8585052475333,2.99655166759916
59.62,0.255898839210495,0.0391181910321681,1.08609373527888,0.00103381625952892,0.00517034995213588,0.0306042108605537,80.8269853414778,0.240189350351031,0.0776841244438395,0.00423166335912402,-0.0371096283418745,0.744319471946456,-0.0227747933029834,-9.87608923364744,-2.05850974727246e-14,-0.0429869122185295,1.24938539551573e-13,0,0,0,0,1,0.673086199299627,0.673086199299627,38.7424940180002,70.8733242424452,2.99877099524237
59.63,0.255921277569567,0.0390907908706591,1.08640315440157,0.00103453708402841,0.00518051051845113,0.030605633657409,80.8303786465023,0.240199350977436,0.0776830080530481,0.00423112670414011,-0.0371354604685527,0.744255686605044,-0.0227720262208939,-9.87686943054427,-2.05850974727246e-14,-0.0429869122185295,1.24938539551573e-13,0,0,0,0,1,0.673086199299627,0.673086199299627,38.7222901595,70.8881404406784,3.00098347264309
59.64,0.255943716180114,0.039063478486892,1.08671261209335,0.00103525681489282,0.00519067511654059,0.030607055311699,80.8337733471462,0.240209355683056,0.0776818917149552,0.00423059056515018,-0.037161204955104,0.744191875638218,-0.0227692650357814,-9.87765003454763,-2.05850974727246e-14,-0.0429869122185295,1.24938539551573e-13,0,0,0,0,1,0.673086199299627,0.673086199299627,38.702078843057,70.9029538314104,3.00318909569287
59.65,0.255966155056401,0.0390362539207888,1.08702210835866,0.00103597545039688,0.00520084371953048,0.0306084758287152,80.8371694342611,0.240219364440882,0.0776807754321196,0.00423005494490631,-0.0371868617646029,0.744128039205533,-0.0227665097628735,-9.87843104356648,-2.05850974727246e-14,-0.0429869122185295,1.24938539551573e-13,0,0,0,0,1,0.673086199299627,0.673086199299627,38.6818600628066,70.917764403808,3.00538786030319
59.66,0.255988594212694,0.0390091172119935,1.08733164320193,0.00103669298881956,0.00521101630054983,0.0306098952137509,80.8405668986978,0.240229377223906,0.0776796592070975,0.00422951984615717,-0.0372124308603981,0.744064177466575,-0.0227637604173757,-9.87921245550899,-2.05850974727246e-14,-0.0429869122185295,1.24938539551573e-13,0,0,0,0,1,0.673086199299627,0.673086199299627,38.6616338128938,70.9325721470279,3.00757976240546
59.67,0.256011033663266,0.0389820683998725,1.08764121662759,0.00103740942844406,0.00522119283273062,0.0306113134721011,80.8439657313069,0.240239394005115,0.0776785430424418,0.004228985271648,-0.0372379122061127,0.744000290580959,-0.0227610170144741,-9.87999426828268,-2.05850974727246e-14,-0.0429869122185295,1.24938539551573e-13,0,0,0,0,1,0.673086199299627,0.673086199299627,38.6414000874737,70.9473770502161,3.00976479795104
59.68,0.256033473422393,0.038955107523514,1.08795082864003,0.00103812476755781,0.00523137328920781,0.0306127306090624,80.8473659229381,0.240249414757498,0.0776774269407029,0.00422845122412061,-0.0372633057656437,0.743936378708325,-0.0227582795693324,-9.88077647979426,-2.05850974727246e-14,-0.0429869122185295,1.24938539551573e-13,0,0,0,0,1,0.673086199299627,0.673086199299627,38.6211588807115,70.9621791025083,3.01194296291123
59.69,0.256055913504355,0.0389282346217287,1.08826047924363,0.00103883900445246,0.00524155764311948,0.030614146629933,80.8507674644407,0.240259439454041,0.0776763109044282,0.00422791770631337,-0.0372886115031626,0.743872442008347,-0.0227555480970943,-9.88155908794982,-2.05850974727246e-14,-0.0429869122185295,1.24938539551573e-13,0,0,0,0,1,0.673086199299627,0.673086199299627,38.600910186782,70.9769782930299,3.01411425327731
59.7,0.256078353923437,0.0389014497330493,1.08857016844276,0.00103955213742392,0.0052517458676069,0.0306155615400127,80.8541703466635,0.240269468067728,0.0776751949361621,0.00422738472096118,-0.0373138293831145,0.743808480640721,-0.0227528226128823,-9.88234209065465,-2.05850974727246e-14,-0.0429869122185295,1.24938539551573e-13,0,0,0,0,1,0.673086199299627,0.673086199299627,38.5806539998704,70.991774610896,3.01627866506054
59.71,0.256100794693928,0.0388747528957308,1.08887989624177,0.00104026416477233,0.00526193793581461,0.0306169753446031,80.8575745604549,0.240279500571543,0.0776740790384462,0.0042268522707955,-0.0373389593702192,0.743744494765172,-0.0227501031317966,-9.88312548581341,-2.05850974727246e-14,-0.0429869122185295,1.24938539551573e-13,0,0,0,0,1,0.673086199299627,0.673086199299627,38.5603903141717,71.0065680452114,3.01843619429214
59.72,0.256123235830121,0.0388481441477504,1.08918966264501,0.00104097508480209,0.00527213382089051,0.0306183880490069,80.8609800966627,0.24028953693847,0.0776729632138191,0.00422632035854432,-0.0373640014294699,0.743680484541451,-0.0227473896689175,-9.88390927133001,-2.05850974727246e-14,-0.0429869122185295,1.24938539551573e-13,0,0,0,0,1,0.673086199299627,0.673086199299627,38.5401191238911,71.0213585850705,3.02058683702335
59.73,0.256145677346313,0.0388216235268076,1.08949946765678,0.00104168489582183,0.00528233349598598,0.0306197996585289,80.8643869461344,0.240299577141488,0.0776718474648167,0.00422578898693216,-0.0373889555261342,0.743616450129334,-0.0227446822393031,-9.88469344510769,-2.05850974727246e-14,-0.0429869122185295,1.24938539551573e-13,0,0,0,0,1,0.673086199299627,0.673086199299627,38.5198404232437,71.0361462195575,3.0227305893254
59.74,0.256168119256805,0.0387951910703243,1.0898093112814,0.00104239359614447,0.00529253693425593,0.0306212101784751,80.8677950997171,0.240309621153579,0.0776707317939717,0.00422525815868003,-0.0374138216257536,0.743552391688625,-0.0227419808579903,-9.885478005049,-2.05850974727246e-14,-0.0429869122185295,1.24938539551573e-13,0,0,0,0,1,0.673086199299627,0.673086199299627,38.4995542064548,71.0509309377464,3.02486744728954
59.75,0.256190561575902,0.0387688468154445,1.09011919352316,0.00104310118408715,0.00530274410885891,0.030622619614153,80.8712045482576,0.240319668947722,0.0776696162038141,0.00422472787650549,-0.0374385996941434,0.743488309379151,-0.0227392855399954,-9.88626294905583,-2.05850974727246e-14,-0.0429869122185295,1.24938539551573e-13,0,0,0,0,1,0.673086199299627,0.673086199299627,38.4792604677598,71.065712728701,3.02699740702705
59.76,0.256213004317913,0.0387425907990349,1.09042911438633,0.0010438076579713,0.00531295499295718,0.0306240279708717,80.8746152826021,0.240329720496896,0.0776685006968708,0.00422419814312257,-0.0374632896973929,0.743424203360764,-0.0227365963003122,-9.88704827502936,-2.05850974727246e-14,-0.0429869122185295,1.24938539551573e-13,0,0,0,0,1,0.673086199299627,0.673086199299627,38.4589592014044,71.0804915814749,3.02912046466922
59.77,0.256235447497152,0.0387164230576842,1.09073907387517,0.00104451301612262,0.00532316955971683,0.0306254352539419,80.8780272935968,0.240339775774079,0.0776673852756659,0.00422366896124181,-0.0374878916018651,0.74336007379334,-0.0227339131539131,-9.88783398087012,-2.05850974727246e-14,-0.0429869122185295,1.24938539551573e-13,0,0,0,0,1,0.673086199299627,0.673086199299627,38.4386504016442,71.0952674851115,3.03123661636742
59.78,0.256257891127936,0.0386903436277039,1.09104907199392,0.00104521725687107,0.00533338778230785,0.0306268414686753,80.8814405720875,0.240349834752248,0.0776662699427203,0.00422314033357023,-0.0375124053741971,0.743295920836779,-0.0227312361157499,-9.888620064478,-2.05850974727246e-14,-0.0429869122185295,1.24938539551573e-13,0,0,0,0,1,0.673086199299627,0.673086199299627,38.4183340627453,71.1100404286441,3.03334585829305
59.79,0.256280335224586,0.0386643525451277,1.09135910874681,0.00104592037855089,0.00534360963390421,0.0306282466203855,80.8848551089198,0.240359897404379,0.0776651547005523,0.00422261226281132,-0.0375368309812995,0.743231744651007,-0.0227285652007522,-9.8894065237522,-2.05850974727246e-14,-0.0429869122185295,1.24938539551573e-13,0,0,0,0,1,0.673086199299627,0.673086199299627,38.3980101789837,71.124810401096,3.03544818663757
59.8,0.256302779801426,0.0386384498457119,1.09166918413805,0.00104662237950061,0.00535383508768395,0.0306296507143873,80.888270894939,0.24036996370345,0.077664039551677,0.00422208475166506,-0.0375611683903566,0.743167545395967,-0.0227259004238276,-9.8901933565913,-2.05850974727246e-14,-0.0429869122185295,1.24938539551573e-13,0,0,0,0,1,0.673086199299627,0.673086199299627,38.3776787446459,71.1395773914801,3.03754359761253
59.81,0.256325224872786,0.0386126355649352,1.09197929817184,0.00104732325806303,0.00536406411682929,0.0306310537559969,80.8916879209902,0.240380033622436,0.0776629244986065,0.00422155780282787,-0.0375854175688267,0.743103323231628,-0.0227232417998624,-9.89098056089319,-2.05850974727246e-14,-0.0429869122185295,1.24938539551573e-13,0,0,0,0,1,0.673086199299627,0.673086199299627,38.3573397540284,71.1543413887997,3.03963208744955
59.82,0.256347670452997,0.0385869097379992,1.09228945085236,0.00104802301258524,0.00537429669452671,0.0306324557505318,80.8951061779184,0.240390107134313,0.0776618095438501,0.00422103141899265,-0.0376095784844413,0.743039078317982,-0.0227205893437214,-9.89176813455517,-2.05850974727246e-14,-0.0429869122185295,1.24938539551573e-13,0,0,0,0,1,0.673086199299627,0.673086199299627,38.3369932014384,71.1691023820476,3.04171365240034
59.83,0.256370116556396,0.0385612723998276,1.09259964218377,0.00104872164141864,0.005384532793967,0.030633856703311,80.8985256565685,0.240400184212055,0.0776606946899139,0.00422050560284872,-0.0376336511052058,0.742974810815039,-0.0227179430702468,-9.8925560754739,-2.05850974727246e-14,-0.0429869122185295,1.24938539551573e-13,0,0,0,0,1,0.673086199299627,0.673086199299627,38.316639081193,71.1838603602068,3.04378828873673
59.84,0.256392563197324,0.0385357235850672,1.09290987217021,0.00104941914291889,0.00539477238834542,0.0306352566196546,80.9019463477852,0.240410264828639,0.0776595799393013,0.00421998035708186,-0.0376576353993991,0.742910520882833,-0.0227153029942598,-9.89334438154539,-2.05850974727246e-14,-0.0429869122185295,1.24938539551573e-13,0,0,0,0,1,0.673086199299627,0.673086199299627,38.2962773876198,71.1986153122505,3.04585599275062
59.85,0.256415010390123,0.0385102633280871,1.09322014081584,0.001050115515446,0.00540501545086171,0.0306366555048844,80.9053682424131,0.240420348957038,0.0776584652945123,0.00421945568437427,-0.0376815313355736,0.742846208681417,-0.0227126691305592,-9.89413305066506,-2.05850974727246e-14,-0.0429869122185295,1.24938539551573e-13,0,0,0,0,1,0.673086199299627,0.673086199299627,38.2759081150568,71.2133672271416,3.04791676075408
59.86,0.256437458149141,0.0384848916629794,1.09353044812476,0.00105081075736424,0.00541526195472023,0.0306380533643229,80.9087913312969,0.240430436570229,0.0776573507580443,0.00421893158740458,-0.037705338882555,0.742781874370866,-0.0227100414939221,-9.8949220807277,-2.05850974727246e-14,-0.0429869122185295,1.24938539551573e-13,0,0,0,0,1,0.673086199299627,0.673086199299627,38.2555312578523,71.2281160938332,3.04997058907928
59.87,0.25645990648873,0.0384596086235588,1.09384079410107,0.00105150486704221,0.00542551187313004,0.0306394502032945,80.912215605281,0.240440527641186,0.0776562363323914,0.00421840806884782,-0.0377290580094425,0.74271751811127,-0.0227074200991032,-9.89571146962749,-2.05850974727246e-14,-0.0429869122185295,1.24938539551573e-13,0,0,0,0,1,0.673086199299627,0.673086199299627,38.235146810365,71.2428619012686,3.05201747407852
59.88,0.256482355423243,0.0384344142433628,1.09415117874887,0.00105219784285281,0.00543576517930498,0.0306408460271244,80.91564105521,0.240450622142884,0.0776551220200448,0.00421788513137547,-0.0377526886856089,0.742653140062745,-0.0227048049608358,-9.896501215258,-2.05850974727246e-14,-0.0429869122185295,1.24938539551573e-13,0,0,0,0,1,0.673086199299627,0.673086199299627,38.2147547669642,71.257604638381,3.05405741212426
59.89,0.256504804967039,0.0384093085556517,1.09446160207222,0.00105288968317327,0.00544602184646373,0.0306422408411392,80.9190676719286,0.2404607200483,0.0776540078234927,0.00421736277765537,-0.0377762308806999,0.742588740385419,-0.0227021960938302,-9.89729131551225,-2.05850974727246e-14,-0.0429869122185295,1.24938539551573e-13,0,0,0,0,1,0.673086199299627,0.673086199299627,38.1943551220295,71.272344294094,3.05609039960911
59.9,0.25652725513448,0.0383842915934088,1.09477206407518,0.00105358038638512,0.00545628184782996,0.0306436346506666,80.9224954462813,0.240470821330408,0.0776528937452203,0.00421684101035177,-0.0377996845646347,0.742524319239444,-0.0226995935127757,-9.8980817682826,-2.05850974727246e-14,-0.0429869122185295,1.24938539551573e-13,0,0,0,0,1,0.673086199299627,0.673086199299627,38.1739478699508,71.2870808573211,3.05811643294587
59.91,0.25654970593993,0.0383593633893402,1.0950825647618,0.00105426995087422,0.00546654515663234,0.0306450274610357,80.9259243691129,0.240480925962186,0.0776517797877095,0.00421631983212531,-0.0378230497076056,0.742459876784985,-0.0226969972323383,-9.8988725714609,-2.05850974727246e-14,-0.0429869122185295,1.24938539551573e-13,0,0,0,0,1,0.673086199299627,0.673086199299627,38.1535330051289,71.3018143169662,3.06013550856747
59.92,0.256572157397759,0.0383345239758751,1.09539310413609,0.00105495837503077,0.00547681174610472,0.0306464192775765,80.9293544312681,0.240491033916609,0.0776506659534394,0.00421579924563301,-0.0378463262800782,0.742395413182229,-0.0226944072671624,-9.89966372293836,-2.05850974727246e-14,-0.0429869122185295,1.24938539551573e-13,0,0,0,0,1,0.673086199299627,0.673086199299627,38.1331105219747,71.3165446619232,3.06214762292706
59.93,0.256594609522338,0.0383097733851654,1.09570368220206,0.00105564565724929,0.00548708158948611,0.0306478101056203,80.9327856235921,0.240501145166656,0.0776495522448861,0.00421527925352825,-0.0378695142527911,0.742330928591378,-0.0226918236318703,-9.90045522060567,-2.05850974727246e-14,-0.0429869122185295,1.24938539551573e-13,0,0,0,0,1,0.673086199299627,0.673086199299627,38.1126804149101,71.3312718810763,3.06415277249796
59.94,0.256617062328044,0.0382851116490865,1.09601429896372,0.00105633179592862,0.00549735466002085,0.0306491999504996,80.9362179369298,0.240511259685304,0.0776484386645224,0.00421475985846078,-0.0378926135967559,0.742266423172647,-0.0226892463410608,-9.90124706235291,-2.05850974727246e-14,-0.0429869122185295,1.24938539551573e-13,0,0,0,0,1,0.673086199299627,0.673086199299627,38.0922426783671,71.3459959633003,3.06615095377369
59.95,0.256639515829254,0.0382605387992365,1.09632495442503,0.00105701678947196,0.00550763093095867,0.0306505888175477,80.9396513621266,0.240521377445532,0.0776473252148183,0.00421424106307672,-0.0379156242832573,0.742201897086273,-0.0226866754093116,-9.90203924606965,-2.05850974727246e-14,-0.0429869122185295,1.24938539551573e-13,0,0,0,0,1,0.673086199299627,0.673086199299627,38.0717973067885,71.3607168974598,3.06814216326801
59.96,0.256661970040351,0.0382360548669369,1.09663564858996,0.00105770063628683,0.00551791037555477,0.0306519767120994,80.9430858900281,0.24053149842032,0.0776462118982405,0.00421372287001852,-0.0379385462838529,0.742137350492504,-0.0226841108511773,-9.90283176964484,-2.05850974727246e-14,-0.0429869122185295,1.24938539551573e-13,0,0,0,0,1,0.673086199299627,0.673086199299627,38.0513442946278,71.3754346724098,3.07012639751485
59.97,0.25668442497572,0.0382116598832323,1.09694638146246,0.00105838333478511,0.00552819296706989,0.0306533636394903,80.94652151148,0.240541622582647,0.0776450987172527,0.004213205281925,-0.037961379570373,0.742072783551606,-0.0226815526811901,-9.90362463096696,-2.05850974727246e-14,-0.0429869122185295,1.24938539551573e-13,0,0,0,0,1,0.673086199299627,0.673086199299627,38.030883636349,71.3901492769961,3.0721036530684
59.98,0.25670688064975,0.0381873538788906,1.09725715304646,0.00105906488338304,0.00553847867877045,0.030654749605057,80.9499582173284,0.240551749905496,0.0776439856743156,0.00421268830143128,-0.037984124114921,0.742008196423857,-0.0226790009138596,-9.90441782792388,-2.05850974727246e-14,-0.0429869122185295,1.24938539551573e-13,0,0,0,0,1,0.673086199299627,0.673086199299627,38.0104153264268,71.4048607000542,3.07407392650307
59.99,0.256729337076833,0.0381631368844028,1.09756796334588,0.00105974528050117,0.00554876748392859,0.0306561346141374,80.9533959984196,0.240561880361849,0.0776428727718867,0.00421217193116884,-0.038006779889873,0.741943589269553,-0.0226764555636735,-9.90521135840299,-2.05850974727246e-14,-0.0429869122185295,1.24938539551573e-13,0,0,0,0,1,0.673086199299627,0.673086199299627,37.9899393593466,71.4195689304105,3.07603721441352
60,0.256751794271365,0.0381390089299836,1.09787881236462,0.00106042452456445,0.00555905935582225,0.0306575186720701,80.9568348456004,0.240572013924688,0.0776417600124204,0.00421165617376546,-0.0380293468678777,0.741878962249001,-0.0226739166450952,-9.9060052202911,-2.05850974727246e-14,-0.0429869122185295,1.24938539551573e-13,0,0,0,0,1,0.673086199299627,0.673086199299627,37.9694557296043,71.4342739568816,3.07799351341466
